{
    "coords": [
        [
            0,
            0
        ],
        [
            21,
            32
        ],
        [
            13,
            6
        ],
        [
            30,
            5
        ],
        [
            6,
            32
        ],
        [
            32,
            42
        ],
        [
            21,
            10
        ],
        [
            10,
            10
        ],
        [
            5,
            35
        ],
        [
            38,
            23
        ],
        [
            34,
            20
        ]
    ],
    "dimension": 11,
    "distances": [
        [
            0.0,
            38.275,
            14.318,
            30.414,
            32.558,
            52.802,
            23.259,
            14.142,
            35.355,
            44.418,
            39.446
        ],
        [
            38.275,
            0.0,
            27.203,
            28.46,
            15.0,
            14.866,
            22.0,
            24.597,
            16.279,
            19.235,
            17.692
        ],
        [
            14.318,
            27.203,
            0.0,
            17.029,
            26.926,
            40.706,
            8.944,
            5.0,
            30.083,
            30.232,
            25.239
        ],
        [
            30.414,
            28.46,
            17.029,
            0.0,
            36.125,
            37.054,
            10.296,
            20.616,
            39.051,
            19.698,
            15.524
        ],
        [
            32.558,
            15.0,
            26.926,
            36.125,
            0.0,
            27.857,
            26.627,
            22.361,
            3.162,
            33.242,
            30.463
        ],
        [
            52.802,
            14.866,
            40.706,
            37.054,
            27.857,
            0.0,
            33.838,
            38.833,
            27.893,
            19.925,
            22.091
        ],
        [
            23.259,
            22.0,
            8.944,
            10.296,
            26.627,
            33.838,
            0.0,
            11.0,
            29.682,
            21.401,
            16.401
        ],
        [
            14.142,
            24.597,
            5.0,
            20.616,
            22.361,
            38.833,
            11.0,
            0.0,
            25.495,
            30.871,
            26.0
        ],
        [
            35.355,
            16.279,
            30.083,
            39.051,
            3.162,
            27.893,
            29.682,
            25.495,
            0.0,
            35.114,
            32.65
        ],
        [
            44.418,
            19.235,
            30.232,
            19.698,
            33.242,
            19.925,
            21.401,
            30.871,
            35.114,
            0.0,
            5.0
        ],
        [
            39.446,
            17.692,
            25.239,
            15.524,
            30.463,
            22.091,
            16.401,
            26.0,
            32.65,
            5.0,
            0.0
        ]
    ],
    "distances_scv": [
        [
            0.0,
            0.15,
            0.15,
            0.15,
            0.15,
            0.15,
            0.15,
            0.15,
            0.15,
            0.15,
            0.15
        ],
        [
            0.15,
            0.0,
            0.15,
            0.15,
            0.15,
            0.15,
            0.15,
            0.15,
            0.15,
            0.15,
            0.15
        ],
        [
            0.15,
            0.15,
            0.0,
            0.15,
            0.15,
            0.15,
            0.15,
            0.15,
            0.15,
            0.15,
            0.15
        ],
        [
            0.15,
            0.15,
            0.15,
            0.0,
            0.15,
            0.15,
            0.15,
            0.15,
            0.15,
            0.15,
            0.15
        ],
        [
            0.15,
            0.15,
            0.15,
            0.15,
            0.0,
            0.15,
            0.15,
            0.15,
            0.15,
            0.15,
            0.15
        ],
        [
            0.15,
            0.15,
            0.15,
            0.15,
            0.15,
            0.0,
            0.15,
            0.15,
            0.15,
            0.15,
            0.15
        ],
        [
            0.15,
            0.15,
            0.15,
            0.15,
            0.15,
            0.15,
            0.0,
            0.15,
            0.15,
            0.15,
            0.15
        ],
        [
            0.15,
            0.15,
            0.15,
            0.15,
            0.15,
            0.15,
            0.15,
            0.0,
            0.15,
            0.15,
            0.15
        ],
        [
            0.15,
            0.15,
            0.15,
            0.15,
            0.15,
            0.15,
            0.15,
            0.15,
            0.0,
            0.15,
            0.15
        ],
        [
            0.15,
            0.15,
            0.15,
            0.15,
            0.15,
            0.15,
            0.15,
            0.15,
            0.15,
            0.0,
            0.15
        ],
        [
            0.15,
            0.15,
            0.15,
            0.15,
            0.15,
            0.15,
            0.15,
            0.15,
            0.15,
            0.15,
            0.0
        ]
    ],
    "service_scv": [
        0.0,
        0.319,
        0.393,
        0.155,
        0.46,
        0.414,
        0.413,
        0.403,
        0.486,
        0.2,
        0.179
    ],
    "service": [
        0,
        40,
        57,
        35,
        49,
        45,
        41,
        36,
        60,
        37,
        46
    ]
}
