{
    "coords": [
        [
            0,
            0
        ],
        [
            11,
            44
        ],
        [
            41,
            38
        ],
        [
            38,
            1
        ],
        [
            7,
            2
        ],
        [
            41,
            16
        ],
        [
            17,
            43
        ],
        [
            13,
            47
        ],
        [
            15,
            26
        ],
        [
            41,
            39
        ],
        [
            23,
            16
        ]
    ],
    "dimension": 11,
    "distances": [
        [
            0.0,
            45.354,
            55.902,
            38.013,
            7.28,
            44.011,
            46.239,
            48.765,
            30.017,
            56.586,
            28.018
        ],
        [
            45.354,
            0.0,
            30.594,
            50.774,
            42.19,
            41.037,
            6.083,
            3.606,
            18.439,
            30.414,
            30.463
        ],
        [
            55.902,
            30.594,
            0.0,
            37.121,
            49.518,
            22.0,
            24.515,
            29.411,
            28.636,
            1.0,
            28.425
        ],
        [
            38.013,
            50.774,
            37.121,
            0.0,
            31.016,
            15.297,
            46.957,
            52.355,
            33.971,
            38.118,
            21.213
        ],
        [
            7.28,
            42.19,
            49.518,
            31.016,
            0.0,
            36.77,
            42.202,
            45.398,
            25.298,
            50.249,
            21.26
        ],
        [
            44.011,
            41.037,
            22.0,
            15.297,
            36.77,
            0.0,
            36.125,
            41.773,
            27.857,
            23.0,
            18.0
        ],
        [
            46.239,
            6.083,
            24.515,
            46.957,
            42.202,
            36.125,
            0.0,
            5.657,
            17.117,
            24.331,
            27.659
        ],
        [
            48.765,
            3.606,
            29.411,
            52.355,
            45.398,
            41.773,
            5.657,
            0.0,
            21.095,
            29.12,
            32.573
        ],
        [
            30.017,
            18.439,
            28.636,
            33.971,
            25.298,
            27.857,
            17.117,
            21.095,
            0.0,
            29.069,
            12.806
        ],
        [
            56.586,
            30.414,
            1.0,
            38.118,
            50.249,
            23.0,
            24.331,
            29.12,
            29.069,
            0.0,
            29.206
        ],
        [
            28.018,
            30.463,
            28.425,
            21.213,
            21.26,
            18.0,
            27.659,
            32.573,
            12.806,
            29.206,
            0.0
        ]
    ],
    "distances_scv": [
        [
            0.0,
            0.15,
            0.15,
            0.15,
            0.15,
            0.15,
            0.15,
            0.15,
            0.15,
            0.15,
            0.15
        ],
        [
            0.15,
            0.0,
            0.15,
            0.15,
            0.15,
            0.15,
            0.15,
            0.15,
            0.15,
            0.15,
            0.15
        ],
        [
            0.15,
            0.15,
            0.0,
            0.15,
            0.15,
            0.15,
            0.15,
            0.15,
            0.15,
            0.15,
            0.15
        ],
        [
            0.15,
            0.15,
            0.15,
            0.0,
            0.15,
            0.15,
            0.15,
            0.15,
            0.15,
            0.15,
            0.15
        ],
        [
            0.15,
            0.15,
            0.15,
            0.15,
            0.0,
            0.15,
            0.15,
            0.15,
            0.15,
            0.15,
            0.15
        ],
        [
            0.15,
            0.15,
            0.15,
            0.15,
            0.15,
            0.0,
            0.15,
            0.15,
            0.15,
            0.15,
            0.15
        ],
        [
            0.15,
            0.15,
            0.15,
            0.15,
            0.15,
            0.15,
            0.0,
            0.15,
            0.15,
            0.15,
            0.15
        ],
        [
            0.15,
            0.15,
            0.15,
            0.15,
            0.15,
            0.15,
            0.15,
            0.0,
            0.15,
            0.15,
            0.15
        ],
        [
            0.15,
            0.15,
            0.15,
            0.15,
            0.15,
            0.15,
            0.15,
            0.15,
            0.0,
            0.15,
            0.15
        ],
        [
            0.15,
            0.15,
            0.15,
            0.15,
            0.15,
            0.15,
            0.15,
            0.15,
            0.15,
            0.0,
            0.15
        ],
        [
            0.15,
            0.15,
            0.15,
            0.15,
            0.15,
            0.15,
            0.15,
            0.15,
            0.15,
            0.15,
            0.0
        ]
    ],
    "service_scv": [
        0.0,
        0.808,
        1.032,
        0.558,
        1.4,
        1.144,
        0.681,
        0.594,
        0.725,
        0.991,
        0.85
    ],
    "service": [
        0,
        42,
        56,
        52,
        40,
        55,
        43,
        60,
        43,
        38,
        35
    ]
}
