{
    "coords": [
        [
            0,
            0
        ],
        [
            10,
            15
        ],
        [
            49,
            6
        ],
        [
            29,
            16
        ],
        [
            21,
            46
        ],
        [
            9,
            39
        ],
        [
            37,
            0
        ],
        [
            45,
            9
        ],
        [
            15,
            14
        ],
        [
            49,
            47
        ],
        [
            14,
            20
        ]
    ],
    "dimension": 11,
    "distances": [
        [
            0.0,
            18.028,
            49.366,
            33.121,
            50.567,
            40.025,
            37.0,
            45.891,
            20.518,
            67.897,
            24.413
        ],
        [
            18.028,
            0.0,
            40.025,
            19.026,
            32.894,
            24.021,
            30.887,
            35.511,
            5.099,
            50.448,
            6.403
        ],
        [
            49.366,
            40.025,
            0.0,
            22.361,
            48.826,
            51.856,
            13.416,
            5.0,
            34.928,
            41.0,
            37.696
        ],
        [
            33.121,
            19.026,
            22.361,
            0.0,
            31.048,
            30.48,
            17.889,
            17.464,
            14.142,
            36.892,
            15.524
        ],
        [
            50.567,
            32.894,
            48.826,
            31.048,
            0.0,
            13.892,
            48.703,
            44.102,
            32.558,
            28.018,
            26.926
        ],
        [
            40.025,
            24.021,
            51.856,
            30.48,
            13.892,
            0.0,
            48.01,
            46.861,
            25.71,
            40.792,
            19.647
        ],
        [
            37.0,
            30.887,
            13.416,
            17.889,
            48.703,
            48.01,
            0.0,
            12.042,
            26.077,
            48.508,
            30.48
        ],
        [
            45.891,
            35.511,
            5.0,
            17.464,
            44.102,
            46.861,
            12.042,
            0.0,
            30.414,
            38.21,
            32.894
        ],
        [
            20.518,
            5.099,
            34.928,
            14.142,
            32.558,
            25.71,
            26.077,
            30.414,
            0.0,
            47.381,
            6.083
        ],
        [
            67.897,
            50.448,
            41.0,
            36.892,
            28.018,
            40.792,
            48.508,
            38.21,
            47.381,
            0.0,
            44.204
        ],
        [
            24.413,
            6.403,
            37.696,
            15.524,
            26.926,
            19.647,
            30.48,
            32.894,
            6.083,
            44.204,
            0.0
        ]
    ],
    "distances_scv": [
        [
            0.0,
            0.15,
            0.15,
            0.15,
            0.15,
            0.15,
            0.15,
            0.15,
            0.15,
            0.15,
            0.15
        ],
        [
            0.15,
            0.0,
            0.15,
            0.15,
            0.15,
            0.15,
            0.15,
            0.15,
            0.15,
            0.15,
            0.15
        ],
        [
            0.15,
            0.15,
            0.0,
            0.15,
            0.15,
            0.15,
            0.15,
            0.15,
            0.15,
            0.15,
            0.15
        ],
        [
            0.15,
            0.15,
            0.15,
            0.0,
            0.15,
            0.15,
            0.15,
            0.15,
            0.15,
            0.15,
            0.15
        ],
        [
            0.15,
            0.15,
            0.15,
            0.15,
            0.0,
            0.15,
            0.15,
            0.15,
            0.15,
            0.15,
            0.15
        ],
        [
            0.15,
            0.15,
            0.15,
            0.15,
            0.15,
            0.0,
            0.15,
            0.15,
            0.15,
            0.15,
            0.15
        ],
        [
            0.15,
            0.15,
            0.15,
            0.15,
            0.15,
            0.15,
            0.0,
            0.15,
            0.15,
            0.15,
            0.15
        ],
        [
            0.15,
            0.15,
            0.15,
            0.15,
            0.15,
            0.15,
            0.15,
            0.0,
            0.15,
            0.15,
            0.15
        ],
        [
            0.15,
            0.15,
            0.15,
            0.15,
            0.15,
            0.15,
            0.15,
            0.15,
            0.0,
            0.15,
            0.15
        ],
        [
            0.15,
            0.15,
            0.15,
            0.15,
            0.15,
            0.15,
            0.15,
            0.15,
            0.15,
            0.0,
            0.15
        ],
        [
            0.15,
            0.15,
            0.15,
            0.15,
            0.15,
            0.15,
            0.15,
            0.15,
            0.15,
            0.15,
            0.0
        ]
    ],
    "service_scv": [
        0.0,
        0.395,
        0.486,
        0.446,
        0.494,
        0.489,
        0.452,
        0.234,
        0.343,
        0.42,
        0.341
    ],
    "service": [
        0,
        51,
        51,
        31,
        59,
        37,
        43,
        42,
        33,
        44,
        43
    ]
}
