{
    "coords": [
        [
            0,
            0
        ],
        [
            27,
            11
        ],
        [
            19,
            3
        ],
        [
            17,
            35
        ],
        [
            38,
            40
        ],
        [
            24,
            27
        ],
        [
            47,
            31
        ],
        [
            33,
            8
        ],
        [
            46,
            27
        ],
        [
            3,
            8
        ],
        [
            44,
            25
        ]
    ],
    "dimension": 11,
    "distances": [
        [
            0.0,
            29.155,
            19.235,
            38.91,
            55.172,
            36.125,
            56.303,
            33.956,
            53.339,
            8.544,
            50.606
        ],
        [
            29.155,
            0.0,
            11.314,
            26.0,
            31.016,
            16.279,
            28.284,
            6.708,
            24.839,
            24.187,
            22.023
        ],
        [
            19.235,
            11.314,
            0.0,
            32.062,
            41.593,
            24.515,
            39.598,
            14.866,
            36.125,
            16.763,
            33.302
        ],
        [
            38.91,
            26.0,
            32.062,
            0.0,
            21.587,
            10.63,
            30.265,
            31.385,
            30.083,
            30.414,
            28.792
        ],
        [
            55.172,
            31.016,
            41.593,
            21.587,
            0.0,
            19.105,
            12.728,
            32.388,
            15.264,
            47.424,
            16.155
        ],
        [
            36.125,
            16.279,
            24.515,
            10.63,
            19.105,
            0.0,
            23.345,
            21.024,
            22.0,
            28.32,
            20.1
        ],
        [
            56.303,
            28.284,
            39.598,
            30.265,
            12.728,
            23.345,
            0.0,
            26.926,
            4.123,
            49.649,
            6.708
        ],
        [
            33.956,
            6.708,
            14.866,
            31.385,
            32.388,
            21.024,
            26.926,
            0.0,
            23.022,
            30.0,
            20.248
        ],
        [
            53.339,
            24.839,
            36.125,
            30.083,
            15.264,
            22.0,
            4.123,
            23.022,
            0.0,
            47.011,
            2.828
        ],
        [
            8.544,
            24.187,
            16.763,
            30.414,
            47.424,
            28.32,
            49.649,
            30.0,
            47.011,
            0.0,
            44.385
        ],
        [
            50.606,
            22.023,
            33.302,
            28.792,
            16.155,
            20.1,
            6.708,
            20.248,
            2.828,
            44.385,
            0.0
        ]
    ],
    "distances_scv": [
        [
            0.0,
            0.15,
            0.15,
            0.15,
            0.15,
            0.15,
            0.15,
            0.15,
            0.15,
            0.15,
            0.15
        ],
        [
            0.15,
            0.0,
            0.15,
            0.15,
            0.15,
            0.15,
            0.15,
            0.15,
            0.15,
            0.15,
            0.15
        ],
        [
            0.15,
            0.15,
            0.0,
            0.15,
            0.15,
            0.15,
            0.15,
            0.15,
            0.15,
            0.15,
            0.15
        ],
        [
            0.15,
            0.15,
            0.15,
            0.0,
            0.15,
            0.15,
            0.15,
            0.15,
            0.15,
            0.15,
            0.15
        ],
        [
            0.15,
            0.15,
            0.15,
            0.15,
            0.0,
            0.15,
            0.15,
            0.15,
            0.15,
            0.15,
            0.15
        ],
        [
            0.15,
            0.15,
            0.15,
            0.15,
            0.15,
            0.0,
            0.15,
            0.15,
            0.15,
            0.15,
            0.15
        ],
        [
            0.15,
            0.15,
            0.15,
            0.15,
            0.15,
            0.15,
            0.0,
            0.15,
            0.15,
            0.15,
            0.15
        ],
        [
            0.15,
            0.15,
            0.15,
            0.15,
            0.15,
            0.15,
            0.15,
            0.0,
            0.15,
            0.15,
            0.15
        ],
        [
            0.15,
            0.15,
            0.15,
            0.15,
            0.15,
            0.15,
            0.15,
            0.15,
            0.0,
            0.15,
            0.15
        ],
        [
            0.15,
            0.15,
            0.15,
            0.15,
            0.15,
            0.15,
            0.15,
            0.15,
            0.15,
            0.0,
            0.15
        ],
        [
            0.15,
            0.15,
            0.15,
            0.15,
            0.15,
            0.15,
            0.15,
            0.15,
            0.15,
            0.15,
            0.0
        ]
    ],
    "service_scv": [
        0.0,
        0.844,
        0.753,
        0.524,
        0.666,
        1.148,
        0.787,
        0.946,
        1.228,
        1.363,
        0.984
    ],
    "service": [
        0,
        60,
        51,
        39,
        33,
        49,
        45,
        42,
        42,
        59,
        58
    ]
}
