{
    "coords": [
        [
            0,
            0
        ],
        [
            13,
            23
        ],
        [
            44,
            6
        ],
        [
            12,
            26
        ],
        [
            12,
            20
        ],
        [
            17,
            3
        ],
        [
            1,
            4
        ],
        [
            33,
            49
        ],
        [
            46,
            34
        ],
        [
            46,
            22
        ],
        [
            27,
            32
        ]
    ],
    "dimension": 11,
    "distances": [
        [
            0.0,
            26.42,
            44.407,
            28.636,
            23.324,
            17.263,
            4.123,
            59.076,
            57.201,
            50.99,
            41.869
        ],
        [
            26.42,
            0.0,
            35.355,
            3.162,
            3.162,
            20.396,
            22.472,
            32.802,
            34.785,
            33.015,
            16.643
        ],
        [
            44.407,
            35.355,
            0.0,
            37.736,
            34.928,
            27.166,
            43.046,
            44.385,
            28.071,
            16.125,
            31.064
        ],
        [
            28.636,
            3.162,
            37.736,
            0.0,
            6.0,
            23.537,
            24.597,
            31.145,
            34.928,
            34.234,
            16.155
        ],
        [
            23.324,
            3.162,
            34.928,
            6.0,
            0.0,
            17.72,
            19.416,
            35.805,
            36.77,
            34.059,
            19.209
        ],
        [
            17.263,
            20.396,
            27.166,
            23.537,
            17.72,
            0.0,
            16.031,
            48.703,
            42.45,
            34.67,
            30.676
        ],
        [
            4.123,
            22.472,
            43.046,
            24.597,
            19.416,
            16.031,
            0.0,
            55.218,
            54.083,
            48.466,
            38.21
        ],
        [
            59.076,
            32.802,
            44.385,
            31.145,
            35.805,
            48.703,
            55.218,
            0.0,
            19.849,
            29.967,
            18.028
        ],
        [
            57.201,
            34.785,
            28.071,
            34.928,
            36.77,
            42.45,
            54.083,
            19.849,
            0.0,
            12.0,
            19.105
        ],
        [
            50.99,
            33.015,
            16.125,
            34.234,
            34.059,
            34.67,
            48.466,
            29.967,
            12.0,
            0.0,
            21.471
        ],
        [
            41.869,
            16.643,
            31.064,
            16.155,
            19.209,
            30.676,
            38.21,
            18.028,
            19.105,
            21.471,
            0.0
        ]
    ],
    "distances_scv": [
        [
            0.0,
            0.15,
            0.15,
            0.15,
            0.15,
            0.15,
            0.15,
            0.15,
            0.15,
            0.15,
            0.15
        ],
        [
            0.15,
            0.0,
            0.15,
            0.15,
            0.15,
            0.15,
            0.15,
            0.15,
            0.15,
            0.15,
            0.15
        ],
        [
            0.15,
            0.15,
            0.0,
            0.15,
            0.15,
            0.15,
            0.15,
            0.15,
            0.15,
            0.15,
            0.15
        ],
        [
            0.15,
            0.15,
            0.15,
            0.0,
            0.15,
            0.15,
            0.15,
            0.15,
            0.15,
            0.15,
            0.15
        ],
        [
            0.15,
            0.15,
            0.15,
            0.15,
            0.0,
            0.15,
            0.15,
            0.15,
            0.15,
            0.15,
            0.15
        ],
        [
            0.15,
            0.15,
            0.15,
            0.15,
            0.15,
            0.0,
            0.15,
            0.15,
            0.15,
            0.15,
            0.15
        ],
        [
            0.15,
            0.15,
            0.15,
            0.15,
            0.15,
            0.15,
            0.0,
            0.15,
            0.15,
            0.15,
            0.15
        ],
        [
            0.15,
            0.15,
            0.15,
            0.15,
            0.15,
            0.15,
            0.15,
            0.0,
            0.15,
            0.15,
            0.15
        ],
        [
            0.15,
            0.15,
            0.15,
            0.15,
            0.15,
            0.15,
            0.15,
            0.15,
            0.0,
            0.15,
            0.15
        ],
        [
            0.15,
            0.15,
            0.15,
            0.15,
            0.15,
            0.15,
            0.15,
            0.15,
            0.15,
            0.0,
            0.15
        ],
        [
            0.15,
            0.15,
            0.15,
            0.15,
            0.15,
            0.15,
            0.15,
            0.15,
            0.15,
            0.15,
            0.0
        ]
    ],
    "service_scv": [
        0.0,
        1.056,
        0.93,
        1.465,
        0.962,
        1.451,
        0.687,
        1.352,
        1.144,
        1.362,
        1.206
    ],
    "service": [
        0,
        45,
        42,
        44,
        49,
        60,
        34,
        57,
        46,
        50,
        52
    ]
}
