{
    "coords": [
        [
            0,
            0
        ],
        [
            19,
            30
        ],
        [
            23,
            35
        ],
        [
            17,
            4
        ],
        [
            14,
            31
        ],
        [
            31,
            49
        ],
        [
            12,
            21
        ],
        [
            47,
            5
        ],
        [
            35,
            47
        ],
        [
            45,
            33
        ],
        [
            44,
            9
        ]
    ],
    "dimension": 11,
    "distances": [
        [
            0.0,
            35.511,
            41.881,
            17.464,
            34.015,
            57.983,
            24.187,
            47.265,
            58.6,
            55.803,
            44.911
        ],
        [
            35.511,
            0.0,
            6.403,
            26.077,
            5.099,
            22.472,
            11.402,
            37.537,
            23.345,
            26.173,
            32.65
        ],
        [
            41.881,
            6.403,
            0.0,
            31.575,
            9.849,
            16.125,
            17.804,
            38.419,
            16.971,
            22.091,
            33.422
        ],
        [
            17.464,
            26.077,
            31.575,
            0.0,
            27.166,
            47.127,
            17.72,
            30.017,
            46.615,
            40.311,
            27.459
        ],
        [
            34.015,
            5.099,
            9.849,
            27.166,
            0.0,
            24.759,
            10.198,
            42.012,
            26.401,
            31.064,
            37.202
        ],
        [
            57.983,
            22.472,
            16.125,
            47.127,
            24.759,
            0.0,
            33.838,
            46.819,
            4.472,
            21.26,
            42.059
        ],
        [
            24.187,
            11.402,
            17.804,
            17.72,
            10.198,
            33.838,
            0.0,
            38.484,
            34.713,
            35.114,
            34.176
        ],
        [
            47.265,
            37.537,
            38.419,
            30.017,
            42.012,
            46.819,
            38.484,
            0.0,
            43.681,
            28.071,
            5.0
        ],
        [
            58.6,
            23.345,
            16.971,
            46.615,
            26.401,
            4.472,
            34.713,
            43.681,
            0.0,
            17.205,
            39.051
        ],
        [
            55.803,
            26.173,
            22.091,
            40.311,
            31.064,
            21.26,
            35.114,
            28.071,
            17.205,
            0.0,
            24.021
        ],
        [
            44.911,
            32.65,
            33.422,
            27.459,
            37.202,
            42.059,
            34.176,
            5.0,
            39.051,
            24.021,
            0.0
        ]
    ],
    "distances_scv": [
        [
            0.0,
            0.15,
            0.15,
            0.15,
            0.15,
            0.15,
            0.15,
            0.15,
            0.15,
            0.15,
            0.15
        ],
        [
            0.15,
            0.0,
            0.15,
            0.15,
            0.15,
            0.15,
            0.15,
            0.15,
            0.15,
            0.15,
            0.15
        ],
        [
            0.15,
            0.15,
            0.0,
            0.15,
            0.15,
            0.15,
            0.15,
            0.15,
            0.15,
            0.15,
            0.15
        ],
        [
            0.15,
            0.15,
            0.15,
            0.0,
            0.15,
            0.15,
            0.15,
            0.15,
            0.15,
            0.15,
            0.15
        ],
        [
            0.15,
            0.15,
            0.15,
            0.15,
            0.0,
            0.15,
            0.15,
            0.15,
            0.15,
            0.15,
            0.15
        ],
        [
            0.15,
            0.15,
            0.15,
            0.15,
            0.15,
            0.0,
            0.15,
            0.15,
            0.15,
            0.15,
            0.15
        ],
        [
            0.15,
            0.15,
            0.15,
            0.15,
            0.15,
            0.15,
            0.0,
            0.15,
            0.15,
            0.15,
            0.15
        ],
        [
            0.15,
            0.15,
            0.15,
            0.15,
            0.15,
            0.15,
            0.15,
            0.0,
            0.15,
            0.15,
            0.15
        ],
        [
            0.15,
            0.15,
            0.15,
            0.15,
            0.15,
            0.15,
            0.15,
            0.15,
            0.0,
            0.15,
            0.15
        ],
        [
            0.15,
            0.15,
            0.15,
            0.15,
            0.15,
            0.15,
            0.15,
            0.15,
            0.15,
            0.0,
            0.15
        ],
        [
            0.15,
            0.15,
            0.15,
            0.15,
            0.15,
            0.15,
            0.15,
            0.15,
            0.15,
            0.15,
            0.0
        ]
    ],
    "service_scv": [
        0.0,
        0.53,
        1.305,
        0.988,
        1.164,
        1.28,
        0.52,
        0.69,
        0.918,
        1.11,
        0.867
    ],
    "service": [
        0,
        58,
        57,
        31,
        42,
        51,
        32,
        58,
        38,
        42,
        31
    ]
}
