{
    "coords": [
        [
            0,
            0
        ],
        [
            42,
            0
        ],
        [
            11,
            10
        ],
        [
            27,
            18
        ],
        [
            7,
            0
        ],
        [
            29,
            9
        ],
        [
            12,
            49
        ],
        [
            27,
            39
        ],
        [
            34,
            6
        ],
        [
            10,
            11
        ],
        [
            4,
            38
        ]
    ],
    "dimension": 11,
    "distances": [
        [
            0.0,
            42.0,
            14.866,
            32.45,
            7.0,
            30.364,
            50.448,
            47.434,
            34.525,
            14.866,
            38.21
        ],
        [
            42.0,
            0.0,
            32.573,
            23.431,
            35.0,
            15.811,
            57.454,
            41.785,
            10.0,
            33.838,
            53.74
        ],
        [
            14.866,
            32.573,
            0.0,
            17.889,
            10.77,
            18.028,
            39.013,
            33.121,
            23.345,
            1.414,
            28.862
        ],
        [
            32.45,
            23.431,
            17.889,
            0.0,
            26.907,
            9.22,
            34.438,
            21.0,
            13.892,
            18.385,
            30.48
        ],
        [
            7.0,
            35.0,
            10.77,
            26.907,
            0.0,
            23.77,
            49.254,
            43.829,
            27.659,
            11.402,
            38.118
        ],
        [
            30.364,
            15.811,
            18.028,
            9.22,
            23.77,
            0.0,
            43.463,
            30.067,
            5.831,
            19.105,
            38.288
        ],
        [
            50.448,
            57.454,
            39.013,
            34.438,
            49.254,
            43.463,
            0.0,
            18.028,
            48.301,
            38.053,
            13.601
        ],
        [
            47.434,
            41.785,
            33.121,
            21.0,
            43.829,
            30.067,
            18.028,
            0.0,
            33.734,
            32.757,
            23.022
        ],
        [
            34.525,
            10.0,
            23.345,
            13.892,
            27.659,
            5.831,
            48.301,
            33.734,
            0.0,
            24.515,
            43.863
        ],
        [
            14.866,
            33.838,
            1.414,
            18.385,
            11.402,
            19.105,
            38.053,
            32.757,
            24.515,
            0.0,
            27.659
        ],
        [
            38.21,
            53.74,
            28.862,
            30.48,
            38.118,
            38.288,
            13.601,
            23.022,
            43.863,
            27.659,
            0.0
        ]
    ],
    "distances_scv": [
        [
            0.0,
            0.15,
            0.15,
            0.15,
            0.15,
            0.15,
            0.15,
            0.15,
            0.15,
            0.15,
            0.15
        ],
        [
            0.15,
            0.0,
            0.15,
            0.15,
            0.15,
            0.15,
            0.15,
            0.15,
            0.15,
            0.15,
            0.15
        ],
        [
            0.15,
            0.15,
            0.0,
            0.15,
            0.15,
            0.15,
            0.15,
            0.15,
            0.15,
            0.15,
            0.15
        ],
        [
            0.15,
            0.15,
            0.15,
            0.0,
            0.15,
            0.15,
            0.15,
            0.15,
            0.15,
            0.15,
            0.15
        ],
        [
            0.15,
            0.15,
            0.15,
            0.15,
            0.0,
            0.15,
            0.15,
            0.15,
            0.15,
            0.15,
            0.15
        ],
        [
            0.15,
            0.15,
            0.15,
            0.15,
            0.15,
            0.0,
            0.15,
            0.15,
            0.15,
            0.15,
            0.15
        ],
        [
            0.15,
            0.15,
            0.15,
            0.15,
            0.15,
            0.15,
            0.0,
            0.15,
            0.15,
            0.15,
            0.15
        ],
        [
            0.15,
            0.15,
            0.15,
            0.15,
            0.15,
            0.15,
            0.15,
            0.0,
            0.15,
            0.15,
            0.15
        ],
        [
            0.15,
            0.15,
            0.15,
            0.15,
            0.15,
            0.15,
            0.15,
            0.15,
            0.0,
            0.15,
            0.15
        ],
        [
            0.15,
            0.15,
            0.15,
            0.15,
            0.15,
            0.15,
            0.15,
            0.15,
            0.15,
            0.0,
            0.15
        ],
        [
            0.15,
            0.15,
            0.15,
            0.15,
            0.15,
            0.15,
            0.15,
            0.15,
            0.15,
            0.15,
            0.0
        ]
    ],
    "service_scv": [
        0.0,
        0.576,
        0.738,
        1.27,
        0.582,
        1.436,
        0.807,
        0.993,
        1.104,
        0.789,
        0.992
    ],
    "service": [
        0,
        59,
        38,
        50,
        40,
        33,
        53,
        38,
        43,
        43,
        31
    ]
}
