{
    "coords": [
        [
            0,
            0
        ],
        [
            37,
            20
        ],
        [
            39,
            28
        ],
        [
            6,
            25
        ],
        [
            20,
            28
        ],
        [
            28,
            28
        ],
        [
            28,
            43
        ],
        [
            16,
            4
        ],
        [
            34,
            37
        ],
        [
            22,
            41
        ],
        [
            14,
            35
        ]
    ],
    "dimension": 11,
    "distances": [
        [
            0.0,
            42.059,
            48.01,
            25.71,
            34.409,
            39.598,
            51.313,
            16.492,
            50.249,
            46.53,
            37.696
        ],
        [
            42.059,
            0.0,
            8.246,
            31.401,
            18.788,
            12.042,
            24.698,
            26.401,
            17.263,
            25.807,
            27.459
        ],
        [
            48.01,
            8.246,
            0.0,
            33.136,
            19.0,
            11.0,
            18.601,
            33.242,
            10.296,
            21.401,
            25.962
        ],
        [
            25.71,
            31.401,
            33.136,
            0.0,
            14.318,
            22.204,
            28.425,
            23.259,
            30.463,
            22.627,
            12.806
        ],
        [
            34.409,
            18.788,
            19.0,
            14.318,
            0.0,
            8.0,
            17.0,
            24.331,
            16.643,
            13.153,
            9.22
        ],
        [
            39.598,
            12.042,
            11.0,
            22.204,
            8.0,
            0.0,
            15.0,
            26.833,
            10.817,
            14.318,
            15.652
        ],
        [
            51.313,
            24.698,
            18.601,
            28.425,
            17.0,
            15.0,
            0.0,
            40.804,
            8.485,
            6.325,
            16.125
        ],
        [
            16.492,
            26.401,
            33.242,
            23.259,
            24.331,
            26.833,
            40.804,
            0.0,
            37.59,
            37.483,
            31.064
        ],
        [
            50.249,
            17.263,
            10.296,
            30.463,
            16.643,
            10.817,
            8.485,
            37.59,
            0.0,
            12.649,
            20.1
        ],
        [
            46.53,
            25.807,
            21.401,
            22.627,
            13.153,
            14.318,
            6.325,
            37.483,
            12.649,
            0.0,
            10.0
        ],
        [
            37.696,
            27.459,
            25.962,
            12.806,
            9.22,
            15.652,
            16.125,
            31.064,
            20.1,
            10.0,
            0.0
        ]
    ],
    "distances_scv": [
        [
            0.0,
            0.15,
            0.15,
            0.15,
            0.15,
            0.15,
            0.15,
            0.15,
            0.15,
            0.15,
            0.15
        ],
        [
            0.15,
            0.0,
            0.15,
            0.15,
            0.15,
            0.15,
            0.15,
            0.15,
            0.15,
            0.15,
            0.15
        ],
        [
            0.15,
            0.15,
            0.0,
            0.15,
            0.15,
            0.15,
            0.15,
            0.15,
            0.15,
            0.15,
            0.15
        ],
        [
            0.15,
            0.15,
            0.15,
            0.0,
            0.15,
            0.15,
            0.15,
            0.15,
            0.15,
            0.15,
            0.15
        ],
        [
            0.15,
            0.15,
            0.15,
            0.15,
            0.0,
            0.15,
            0.15,
            0.15,
            0.15,
            0.15,
            0.15
        ],
        [
            0.15,
            0.15,
            0.15,
            0.15,
            0.15,
            0.0,
            0.15,
            0.15,
            0.15,
            0.15,
            0.15
        ],
        [
            0.15,
            0.15,
            0.15,
            0.15,
            0.15,
            0.15,
            0.0,
            0.15,
            0.15,
            0.15,
            0.15
        ],
        [
            0.15,
            0.15,
            0.15,
            0.15,
            0.15,
            0.15,
            0.15,
            0.0,
            0.15,
            0.15,
            0.15
        ],
        [
            0.15,
            0.15,
            0.15,
            0.15,
            0.15,
            0.15,
            0.15,
            0.15,
            0.0,
            0.15,
            0.15
        ],
        [
            0.15,
            0.15,
            0.15,
            0.15,
            0.15,
            0.15,
            0.15,
            0.15,
            0.15,
            0.0,
            0.15
        ],
        [
            0.15,
            0.15,
            0.15,
            0.15,
            0.15,
            0.15,
            0.15,
            0.15,
            0.15,
            0.15,
            0.0
        ]
    ],
    "service_scv": [
        0.0,
        0.525,
        0.876,
        1.141,
        0.615,
        1.1,
        0.72,
        1.437,
        0.834,
        0.621,
        0.531
    ],
    "service": [
        0,
        48,
        46,
        38,
        34,
        35,
        58,
        33,
        49,
        60,
        58
    ]
}
