{
    "coords": [
        [
            0,
            0
        ],
        [
            29,
            25
        ],
        [
            11,
            25
        ],
        [
            32,
            13
        ],
        [
            28,
            6
        ],
        [
            46,
            1
        ],
        [
            20,
            19
        ],
        [
            3,
            19
        ],
        [
            31,
            1
        ],
        [
            0,
            11
        ],
        [
            6,
            39
        ]
    ],
    "dimension": 11,
    "distances": [
        [
            0.0,
            38.288,
            27.313,
            34.54,
            28.636,
            46.011,
            27.586,
            19.235,
            31.016,
            11.0,
            39.459
        ],
        [
            38.288,
            0.0,
            18.0,
            12.369,
            19.026,
            29.411,
            10.817,
            26.683,
            24.083,
            32.202,
            26.926
        ],
        [
            27.313,
            18.0,
            0.0,
            24.187,
            25.495,
            42.438,
            10.817,
            10.0,
            31.241,
            17.804,
            14.866
        ],
        [
            34.54,
            12.369,
            24.187,
            0.0,
            8.062,
            18.439,
            13.416,
            29.614,
            12.042,
            32.062,
            36.77
        ],
        [
            28.636,
            19.026,
            25.495,
            8.062,
            0.0,
            18.682,
            15.264,
            28.178,
            5.831,
            28.443,
            39.661
        ],
        [
            46.011,
            29.411,
            42.438,
            18.439,
            18.682,
            0.0,
            31.623,
            46.615,
            15.0,
            47.074,
            55.172
        ],
        [
            27.586,
            10.817,
            10.817,
            13.416,
            15.264,
            31.623,
            0.0,
            17.0,
            21.095,
            21.541,
            24.413
        ],
        [
            19.235,
            26.683,
            10.0,
            29.614,
            28.178,
            46.615,
            17.0,
            0.0,
            33.287,
            8.544,
            20.224
        ],
        [
            31.016,
            24.083,
            31.241,
            12.042,
            5.831,
            15.0,
            21.095,
            33.287,
            0.0,
            32.573,
            45.486
        ],
        [
            11.0,
            32.202,
            17.804,
            32.062,
            28.443,
            47.074,
            21.541,
            8.544,
            32.573,
            0.0,
            28.636
        ],
        [
            39.459,
            26.926,
            14.866,
            36.77,
            39.661,
            55.172,
            24.413,
            20.224,
            45.486,
            28.636,
            0.0
        ]
    ],
    "distances_scv": [
        [
            0.0,
            0.15,
            0.15,
            0.15,
            0.15,
            0.15,
            0.15,
            0.15,
            0.15,
            0.15,
            0.15
        ],
        [
            0.15,
            0.0,
            0.15,
            0.15,
            0.15,
            0.15,
            0.15,
            0.15,
            0.15,
            0.15,
            0.15
        ],
        [
            0.15,
            0.15,
            0.0,
            0.15,
            0.15,
            0.15,
            0.15,
            0.15,
            0.15,
            0.15,
            0.15
        ],
        [
            0.15,
            0.15,
            0.15,
            0.0,
            0.15,
            0.15,
            0.15,
            0.15,
            0.15,
            0.15,
            0.15
        ],
        [
            0.15,
            0.15,
            0.15,
            0.15,
            0.0,
            0.15,
            0.15,
            0.15,
            0.15,
            0.15,
            0.15
        ],
        [
            0.15,
            0.15,
            0.15,
            0.15,
            0.15,
            0.0,
            0.15,
            0.15,
            0.15,
            0.15,
            0.15
        ],
        [
            0.15,
            0.15,
            0.15,
            0.15,
            0.15,
            0.15,
            0.0,
            0.15,
            0.15,
            0.15,
            0.15
        ],
        [
            0.15,
            0.15,
            0.15,
            0.15,
            0.15,
            0.15,
            0.15,
            0.0,
            0.15,
            0.15,
            0.15
        ],
        [
            0.15,
            0.15,
            0.15,
            0.15,
            0.15,
            0.15,
            0.15,
            0.15,
            0.0,
            0.15,
            0.15
        ],
        [
            0.15,
            0.15,
            0.15,
            0.15,
            0.15,
            0.15,
            0.15,
            0.15,
            0.15,
            0.0,
            0.15
        ],
        [
            0.15,
            0.15,
            0.15,
            0.15,
            0.15,
            0.15,
            0.15,
            0.15,
            0.15,
            0.15,
            0.0
        ]
    ],
    "service_scv": [
        0.0,
        0.845,
        0.821,
        0.759,
        1.08,
        1.43,
        1.046,
        0.774,
        1.155,
        1.062,
        0.505
    ],
    "service": [
        0,
        46,
        50,
        46,
        51,
        51,
        38,
        49,
        33,
        49,
        55
    ]
}
