{
    "coords": [
        [
            0,
            0
        ],
        [
            37,
            20
        ],
        [
            39,
            28
        ],
        [
            6,
            25
        ],
        [
            20,
            28
        ],
        [
            28,
            28
        ],
        [
            28,
            43
        ],
        [
            16,
            4
        ],
        [
            34,
            37
        ],
        [
            22,
            41
        ],
        [
            14,
            35
        ],
        [
            32,
            20
        ],
        [
            39,
            47
        ],
        [
            13,
            1
        ],
        [
            30,
            40
        ],
        [
            5,
            30
        ]
    ],
    "dimension": 16,
    "distances": [
        [
            0.0,
            42.059,
            48.01,
            25.71,
            34.409,
            39.598,
            51.313,
            16.492,
            50.249,
            46.53,
            37.696,
            37.736,
            61.074,
            13.038,
            50.0,
            30.414
        ],
        [
            42.059,
            0.0,
            8.246,
            31.401,
            18.788,
            12.042,
            24.698,
            26.401,
            17.263,
            25.807,
            27.459,
            5.0,
            27.074,
            30.61,
            21.19,
            33.526
        ],
        [
            48.01,
            8.246,
            0.0,
            33.136,
            19.0,
            11.0,
            18.601,
            33.242,
            10.296,
            21.401,
            25.962,
            10.63,
            19.0,
            37.483,
            15.0,
            34.059
        ],
        [
            25.71,
            31.401,
            33.136,
            0.0,
            14.318,
            22.204,
            28.425,
            23.259,
            30.463,
            22.627,
            12.806,
            26.476,
            39.661,
            25.0,
            28.302,
            5.099
        ],
        [
            34.409,
            18.788,
            19.0,
            14.318,
            0.0,
            8.0,
            17.0,
            24.331,
            16.643,
            13.153,
            9.22,
            14.422,
            26.87,
            27.893,
            15.62,
            15.133
        ],
        [
            39.598,
            12.042,
            11.0,
            22.204,
            8.0,
            0.0,
            15.0,
            26.833,
            10.817,
            14.318,
            15.652,
            8.944,
            21.954,
            30.887,
            12.166,
            23.087
        ],
        [
            51.313,
            24.698,
            18.601,
            28.425,
            17.0,
            15.0,
            0.0,
            40.804,
            8.485,
            6.325,
            16.125,
            23.345,
            11.705,
            44.598,
            3.606,
            26.42
        ],
        [
            16.492,
            26.401,
            33.242,
            23.259,
            24.331,
            26.833,
            40.804,
            0.0,
            37.59,
            37.483,
            31.064,
            22.627,
            48.765,
            4.243,
            38.626,
            28.231
        ],
        [
            50.249,
            17.263,
            10.296,
            30.463,
            16.643,
            10.817,
            8.485,
            37.59,
            0.0,
            12.649,
            20.1,
            17.117,
            11.18,
            41.677,
            5.0,
            29.833
        ],
        [
            46.53,
            25.807,
            21.401,
            22.627,
            13.153,
            14.318,
            6.325,
            37.483,
            12.649,
            0.0,
            10.0,
            23.259,
            18.028,
            41.0,
            8.062,
            20.248
        ],
        [
            37.696,
            27.459,
            25.962,
            12.806,
            9.22,
            15.652,
            16.125,
            31.064,
            20.1,
            10.0,
            0.0,
            23.431,
            27.731,
            34.015,
            16.763,
            10.296
        ],
        [
            37.736,
            5.0,
            10.63,
            26.476,
            14.422,
            8.944,
            23.345,
            22.627,
            17.117,
            23.259,
            23.431,
            0.0,
            27.893,
            26.87,
            20.1,
            28.792
        ],
        [
            61.074,
            27.074,
            19.0,
            39.661,
            26.87,
            21.954,
            11.705,
            48.765,
            11.18,
            18.028,
            27.731,
            27.893,
            0.0,
            52.839,
            11.402,
            38.013
        ],
        [
            13.038,
            30.61,
            37.483,
            25.0,
            27.893,
            30.887,
            44.598,
            4.243,
            41.677,
            41.0,
            34.015,
            26.87,
            52.839,
            0.0,
            42.544,
            30.083
        ],
        [
            50.0,
            21.19,
            15.0,
            28.302,
            15.62,
            12.166,
            3.606,
            38.626,
            5.0,
            8.062,
            16.763,
            20.1,
            11.402,
            42.544,
            0.0,
            26.926
        ],
        [
            30.414,
            33.526,
            34.059,
            5.099,
            15.133,
            23.087,
            26.42,
            28.231,
            29.833,
            20.248,
            10.296,
            28.792,
            38.013,
            30.083,
            26.926,
            0.0
        ]
    ],
    "distances_scv": [
        [
            0.0,
            0.15,
            0.15,
            0.15,
            0.15,
            0.15,
            0.15,
            0.15,
            0.15,
            0.15,
            0.15,
            0.15,
            0.15,
            0.15,
            0.15,
            0.15
        ],
        [
            0.15,
            0.0,
            0.15,
            0.15,
            0.15,
            0.15,
            0.15,
            0.15,
            0.15,
            0.15,
            0.15,
            0.15,
            0.15,
            0.15,
            0.15,
            0.15
        ],
        [
            0.15,
            0.15,
            0.0,
            0.15,
            0.15,
            0.15,
            0.15,
            0.15,
            0.15,
            0.15,
            0.15,
            0.15,
            0.15,
            0.15,
            0.15,
            0.15
        ],
        [
            0.15,
            0.15,
            0.15,
            0.0,
            0.15,
            0.15,
            0.15,
            0.15,
            0.15,
            0.15,
            0.15,
            0.15,
            0.15,
            0.15,
            0.15,
            0.15
        ],
        [
            0.15,
            0.15,
            0.15,
            0.15,
            0.0,
            0.15,
            0.15,
            0.15,
            0.15,
            0.15,
            0.15,
            0.15,
            0.15,
            0.15,
            0.15,
            0.15
        ],
        [
            0.15,
            0.15,
            0.15,
            0.15,
            0.15,
            0.0,
            0.15,
            0.15,
            0.15,
            0.15,
            0.15,
            0.15,
            0.15,
            0.15,
            0.15,
            0.15
        ],
        [
            0.15,
            0.15,
            0.15,
            0.15,
            0.15,
            0.15,
            0.0,
            0.15,
            0.15,
            0.15,
            0.15,
            0.15,
            0.15,
            0.15,
            0.15,
            0.15
        ],
        [
            0.15,
            0.15,
            0.15,
            0.15,
            0.15,
            0.15,
            0.15,
            0.0,
            0.15,
            0.15,
            0.15,
            0.15,
            0.15,
            0.15,
            0.15,
            0.15
        ],
        [
            0.15,
            0.15,
            0.15,
            0.15,
            0.15,
            0.15,
            0.15,
            0.15,
            0.0,
            0.15,
            0.15,
            0.15,
            0.15,
            0.15,
            0.15,
            0.15
        ],
        [
            0.15,
            0.15,
            0.15,
            0.15,
            0.15,
            0.15,
            0.15,
            0.15,
            0.15,
            0.0,
            0.15,
            0.15,
            0.15,
            0.15,
            0.15,
            0.15
        ],
        [
            0.15,
            0.15,
            0.15,
            0.15,
            0.15,
            0.15,
            0.15,
            0.15,
            0.15,
            0.15,
            0.0,
            0.15,
            0.15,
            0.15,
            0.15,
            0.15
        ],
        [
            0.15,
            0.15,
            0.15,
            0.15,
            0.15,
            0.15,
            0.15,
            0.15,
            0.15,
            0.15,
            0.15,
            0.0,
            0.15,
            0.15,
            0.15,
            0.15
        ],
        [
            0.15,
            0.15,
            0.15,
            0.15,
            0.15,
            0.15,
            0.15,
            0.15,
            0.15,
            0.15,
            0.15,
            0.15,
            0.0,
            0.15,
            0.15,
            0.15
        ],
        [
            0.15,
            0.15,
            0.15,
            0.15,
            0.15,
            0.15,
            0.15,
            0.15,
            0.15,
            0.15,
            0.15,
            0.15,
            0.15,
            0.0,
            0.15,
            0.15
        ],
        [
            0.15,
            0.15,
            0.15,
            0.15,
            0.15,
            0.15,
            0.15,
            0.15,
            0.15,
            0.15,
            0.15,
            0.15,
            0.15,
            0.15,
            0.0,
            0.15
        ],
        [
            0.15,
            0.15,
            0.15,
            0.15,
            0.15,
            0.15,
            0.15,
            0.15,
            0.15,
            0.15,
            0.15,
            0.15,
            0.15,
            0.15,
            0.15,
            0.0
        ]
    ],
    "service_scv": [
        0.0,
        0.499,
        0.221,
        0.393,
        0.154,
        0.166,
        0.323,
        0.383,
        0.199,
        0.166,
        0.306,
        0.477,
        0.385,
        0.21,
        0.276,
        0.16
    ],
    "service": [
        0,
        51,
        51,
        34,
        45,
        56,
        32,
        40,
        59,
        52,
        51,
        44,
        36,
        58,
        57,
        33
    ]
}
