{
    "coords": [
        [
            0,
            0
        ],
        [
            29,
            25
        ],
        [
            11,
            25
        ],
        [
            32,
            13
        ],
        [
            28,
            6
        ],
        [
            46,
            1
        ],
        [
            20,
            19
        ],
        [
            3,
            19
        ],
        [
            31,
            1
        ],
        [
            0,
            11
        ],
        [
            6,
            39
        ],
        [
            5,
            30
        ],
        [
            40,
            49
        ],
        [
            6,
            43
        ],
        [
            49,
            31
        ],
        [
            18,
            9
        ]
    ],
    "dimension": 16,
    "distances": [
        [
            0.0,
            38.288,
            27.313,
            34.54,
            28.636,
            46.011,
            27.586,
            19.235,
            31.016,
            11.0,
            39.459,
            30.414,
            63.253,
            43.417,
            57.983,
            20.125
        ],
        [
            38.288,
            0.0,
            18.0,
            12.369,
            19.026,
            29.411,
            10.817,
            26.683,
            24.083,
            32.202,
            26.926,
            24.515,
            26.401,
            29.206,
            20.881,
            19.416
        ],
        [
            27.313,
            18.0,
            0.0,
            24.187,
            25.495,
            42.438,
            10.817,
            10.0,
            31.241,
            17.804,
            14.866,
            7.81,
            37.643,
            18.682,
            38.471,
            17.464
        ],
        [
            34.54,
            12.369,
            24.187,
            0.0,
            8.062,
            18.439,
            13.416,
            29.614,
            12.042,
            32.062,
            36.77,
            31.906,
            36.878,
            39.699,
            24.759,
            14.56
        ],
        [
            28.636,
            19.026,
            25.495,
            8.062,
            0.0,
            18.682,
            15.264,
            28.178,
            5.831,
            28.443,
            39.661,
            33.242,
            44.643,
            43.046,
            32.65,
            10.44
        ],
        [
            46.011,
            29.411,
            42.438,
            18.439,
            18.682,
            0.0,
            31.623,
            46.615,
            15.0,
            47.074,
            55.172,
            50.22,
            48.374,
            58.0,
            30.15,
            29.12
        ],
        [
            27.586,
            10.817,
            10.817,
            13.416,
            15.264,
            31.623,
            0.0,
            17.0,
            21.095,
            21.541,
            24.413,
            18.601,
            36.056,
            27.785,
            31.385,
            10.198
        ],
        [
            19.235,
            26.683,
            10.0,
            29.614,
            28.178,
            46.615,
            17.0,
            0.0,
            33.287,
            8.544,
            20.224,
            11.18,
            47.634,
            24.187,
            47.539,
            18.028
        ],
        [
            31.016,
            24.083,
            31.241,
            12.042,
            5.831,
            15.0,
            21.095,
            33.287,
            0.0,
            32.573,
            45.486,
            38.949,
            48.836,
            48.877,
            34.986,
            15.264
        ],
        [
            11.0,
            32.202,
            17.804,
            32.062,
            28.443,
            47.074,
            21.541,
            8.544,
            32.573,
            0.0,
            28.636,
            19.647,
            55.172,
            32.558,
            52.924,
            18.111
        ],
        [
            39.459,
            26.926,
            14.866,
            36.77,
            39.661,
            55.172,
            24.413,
            20.224,
            45.486,
            28.636,
            0.0,
            9.055,
            35.44,
            4.0,
            43.738,
            32.311
        ],
        [
            30.414,
            24.515,
            7.81,
            31.906,
            33.242,
            50.22,
            18.601,
            11.18,
            38.949,
            19.647,
            9.055,
            0.0,
            39.825,
            13.038,
            44.011,
            24.698
        ],
        [
            63.253,
            26.401,
            37.643,
            36.878,
            44.643,
            48.374,
            36.056,
            47.634,
            48.836,
            55.172,
            35.44,
            39.825,
            0.0,
            34.525,
            20.125,
            45.651
        ],
        [
            43.417,
            29.206,
            18.682,
            39.699,
            43.046,
            58.0,
            27.785,
            24.187,
            48.877,
            32.558,
            4.0,
            13.038,
            34.525,
            0.0,
            44.643,
            36.056
        ],
        [
            57.983,
            20.881,
            38.471,
            24.759,
            32.65,
            30.15,
            31.385,
            47.539,
            34.986,
            52.924,
            43.738,
            44.011,
            20.125,
            44.643,
            0.0,
            38.013
        ],
        [
            20.125,
            19.416,
            17.464,
            14.56,
            10.44,
            29.12,
            10.198,
            18.028,
            15.264,
            18.111,
            32.311,
            24.698,
            45.651,
            36.056,
            38.013,
            0.0
        ]
    ],
    "distances_scv": [
        [
            0.0,
            0.15,
            0.15,
            0.15,
            0.15,
            0.15,
            0.15,
            0.15,
            0.15,
            0.15,
            0.15,
            0.15,
            0.15,
            0.15,
            0.15,
            0.15
        ],
        [
            0.15,
            0.0,
            0.15,
            0.15,
            0.15,
            0.15,
            0.15,
            0.15,
            0.15,
            0.15,
            0.15,
            0.15,
            0.15,
            0.15,
            0.15,
            0.15
        ],
        [
            0.15,
            0.15,
            0.0,
            0.15,
            0.15,
            0.15,
            0.15,
            0.15,
            0.15,
            0.15,
            0.15,
            0.15,
            0.15,
            0.15,
            0.15,
            0.15
        ],
        [
            0.15,
            0.15,
            0.15,
            0.0,
            0.15,
            0.15,
            0.15,
            0.15,
            0.15,
            0.15,
            0.15,
            0.15,
            0.15,
            0.15,
            0.15,
            0.15
        ],
        [
            0.15,
            0.15,
            0.15,
            0.15,
            0.0,
            0.15,
            0.15,
            0.15,
            0.15,
            0.15,
            0.15,
            0.15,
            0.15,
            0.15,
            0.15,
            0.15
        ],
        [
            0.15,
            0.15,
            0.15,
            0.15,
            0.15,
            0.0,
            0.15,
            0.15,
            0.15,
            0.15,
            0.15,
            0.15,
            0.15,
            0.15,
            0.15,
            0.15
        ],
        [
            0.15,
            0.15,
            0.15,
            0.15,
            0.15,
            0.15,
            0.0,
            0.15,
            0.15,
            0.15,
            0.15,
            0.15,
            0.15,
            0.15,
            0.15,
            0.15
        ],
        [
            0.15,
            0.15,
            0.15,
            0.15,
            0.15,
            0.15,
            0.15,
            0.0,
            0.15,
            0.15,
            0.15,
            0.15,
            0.15,
            0.15,
            0.15,
            0.15
        ],
        [
            0.15,
            0.15,
            0.15,
            0.15,
            0.15,
            0.15,
            0.15,
            0.15,
            0.0,
            0.15,
            0.15,
            0.15,
            0.15,
            0.15,
            0.15,
            0.15
        ],
        [
            0.15,
            0.15,
            0.15,
            0.15,
            0.15,
            0.15,
            0.15,
            0.15,
            0.15,
            0.0,
            0.15,
            0.15,
            0.15,
            0.15,
            0.15,
            0.15
        ],
        [
            0.15,
            0.15,
            0.15,
            0.15,
            0.15,
            0.15,
            0.15,
            0.15,
            0.15,
            0.15,
            0.0,
            0.15,
            0.15,
            0.15,
            0.15,
            0.15
        ],
        [
            0.15,
            0.15,
            0.15,
            0.15,
            0.15,
            0.15,
            0.15,
            0.15,
            0.15,
            0.15,
            0.15,
            0.0,
            0.15,
            0.15,
            0.15,
            0.15
        ],
        [
            0.15,
            0.15,
            0.15,
            0.15,
            0.15,
            0.15,
            0.15,
            0.15,
            0.15,
            0.15,
            0.15,
            0.15,
            0.0,
            0.15,
            0.15,
            0.15
        ],
        [
            0.15,
            0.15,
            0.15,
            0.15,
            0.15,
            0.15,
            0.15,
            0.15,
            0.15,
            0.15,
            0.15,
            0.15,
            0.15,
            0.0,
            0.15,
            0.15
        ],
        [
            0.15,
            0.15,
            0.15,
            0.15,
            0.15,
            0.15,
            0.15,
            0.15,
            0.15,
            0.15,
            0.15,
            0.15,
            0.15,
            0.15,
            0.0,
            0.15
        ],
        [
            0.15,
            0.15,
            0.15,
            0.15,
            0.15,
            0.15,
            0.15,
            0.15,
            0.15,
            0.15,
            0.15,
            0.15,
            0.15,
            0.15,
            0.15,
            0.0
        ]
    ],
    "service_scv": [
        0.0,
        0.48,
        0.363,
        0.349,
        0.381,
        0.283,
        0.406,
        0.31,
        0.202,
        0.267,
        0.318,
        0.383,
        0.359,
        0.272,
        0.414,
        0.204
    ],
    "service": [
        0,
        42,
        40,
        40,
        58,
        60,
        33,
        32,
        57,
        33,
        48,
        54,
        56,
        39,
        48,
        48
    ]
}
