{
    "coords": [
        [
            0,
            0
        ],
        [
            10,
            15
        ],
        [
            49,
            6
        ],
        [
            29,
            16
        ],
        [
            21,
            46
        ],
        [
            9,
            39
        ],
        [
            37,
            0
        ],
        [
            45,
            9
        ],
        [
            15,
            14
        ],
        [
            49,
            47
        ],
        [
            14,
            20
        ],
        [
            32,
            9
        ],
        [
            19,
            43
        ],
        [
            0,
            45
        ],
        [
            6,
            15
        ],
        [
            15,
            17
        ]
    ],
    "dimension": 16,
    "distances": [
        [
            0.0,
            18.028,
            49.366,
            33.121,
            50.567,
            40.025,
            37.0,
            45.891,
            20.518,
            67.897,
            24.413,
            33.242,
            47.011,
            45.0,
            16.155,
            22.672
        ],
        [
            18.028,
            0.0,
            40.025,
            19.026,
            32.894,
            24.021,
            30.887,
            35.511,
            5.099,
            50.448,
            6.403,
            22.804,
            29.411,
            31.623,
            4.0,
            5.385
        ],
        [
            49.366,
            40.025,
            0.0,
            22.361,
            48.826,
            51.856,
            13.416,
            5.0,
            34.928,
            41.0,
            37.696,
            17.263,
            47.634,
            62.626,
            43.932,
            35.735
        ],
        [
            33.121,
            19.026,
            22.361,
            0.0,
            31.048,
            30.48,
            17.889,
            17.464,
            14.142,
            36.892,
            15.524,
            7.616,
            28.792,
            41.012,
            23.022,
            14.036
        ],
        [
            50.567,
            32.894,
            48.826,
            31.048,
            0.0,
            13.892,
            48.703,
            44.102,
            32.558,
            28.018,
            26.926,
            38.601,
            3.606,
            21.024,
            34.438,
            29.614
        ],
        [
            40.025,
            24.021,
            51.856,
            30.48,
            13.892,
            0.0,
            48.01,
            46.861,
            25.71,
            40.792,
            19.647,
            37.802,
            10.77,
            10.817,
            24.187,
            22.804
        ],
        [
            37.0,
            30.887,
            13.416,
            17.889,
            48.703,
            48.01,
            0.0,
            12.042,
            26.077,
            48.508,
            30.48,
            10.296,
            46.615,
            58.258,
            34.438,
            27.803
        ],
        [
            45.891,
            35.511,
            5.0,
            17.464,
            44.102,
            46.861,
            12.042,
            0.0,
            30.414,
            38.21,
            32.894,
            13.0,
            42.802,
            57.628,
            39.459,
            31.048
        ],
        [
            20.518,
            5.099,
            34.928,
            14.142,
            32.558,
            25.71,
            26.077,
            30.414,
            0.0,
            47.381,
            6.083,
            17.72,
            29.275,
            34.438,
            9.055,
            3.0
        ],
        [
            67.897,
            50.448,
            41.0,
            36.892,
            28.018,
            40.792,
            48.508,
            38.21,
            47.381,
            0.0,
            44.204,
            41.629,
            30.265,
            49.041,
            53.6,
            45.343
        ],
        [
            24.413,
            6.403,
            37.696,
            15.524,
            26.926,
            19.647,
            30.48,
            32.894,
            6.083,
            44.204,
            0.0,
            21.095,
            23.537,
            28.653,
            9.434,
            3.162
        ],
        [
            33.242,
            22.804,
            17.263,
            7.616,
            38.601,
            37.802,
            10.296,
            13.0,
            17.72,
            41.629,
            21.095,
            0.0,
            36.401,
            48.166,
            26.683,
            18.788
        ],
        [
            47.011,
            29.411,
            47.634,
            28.792,
            3.606,
            10.77,
            46.615,
            42.802,
            29.275,
            30.265,
            23.537,
            36.401,
            0.0,
            19.105,
            30.871,
            26.306
        ],
        [
            45.0,
            31.623,
            62.626,
            41.012,
            21.024,
            10.817,
            58.258,
            57.628,
            34.438,
            49.041,
            28.653,
            48.166,
            19.105,
            0.0,
            30.594,
            31.765
        ],
        [
            16.155,
            4.0,
            43.932,
            23.022,
            34.438,
            24.187,
            34.438,
            39.459,
            9.055,
            53.6,
            9.434,
            26.683,
            30.871,
            30.594,
            0.0,
            9.22
        ],
        [
            22.672,
            5.385,
            35.735,
            14.036,
            29.614,
            22.804,
            27.803,
            31.048,
            3.0,
            45.343,
            3.162,
            18.788,
            26.306,
            31.765,
            9.22,
            0.0
        ]
    ],
    "distances_scv": [
        [
            0.0,
            0.15,
            0.15,
            0.15,
            0.15,
            0.15,
            0.15,
            0.15,
            0.15,
            0.15,
            0.15,
            0.15,
            0.15,
            0.15,
            0.15,
            0.15
        ],
        [
            0.15,
            0.0,
            0.15,
            0.15,
            0.15,
            0.15,
            0.15,
            0.15,
            0.15,
            0.15,
            0.15,
            0.15,
            0.15,
            0.15,
            0.15,
            0.15
        ],
        [
            0.15,
            0.15,
            0.0,
            0.15,
            0.15,
            0.15,
            0.15,
            0.15,
            0.15,
            0.15,
            0.15,
            0.15,
            0.15,
            0.15,
            0.15,
            0.15
        ],
        [
            0.15,
            0.15,
            0.15,
            0.0,
            0.15,
            0.15,
            0.15,
            0.15,
            0.15,
            0.15,
            0.15,
            0.15,
            0.15,
            0.15,
            0.15,
            0.15
        ],
        [
            0.15,
            0.15,
            0.15,
            0.15,
            0.0,
            0.15,
            0.15,
            0.15,
            0.15,
            0.15,
            0.15,
            0.15,
            0.15,
            0.15,
            0.15,
            0.15
        ],
        [
            0.15,
            0.15,
            0.15,
            0.15,
            0.15,
            0.0,
            0.15,
            0.15,
            0.15,
            0.15,
            0.15,
            0.15,
            0.15,
            0.15,
            0.15,
            0.15
        ],
        [
            0.15,
            0.15,
            0.15,
            0.15,
            0.15,
            0.15,
            0.0,
            0.15,
            0.15,
            0.15,
            0.15,
            0.15,
            0.15,
            0.15,
            0.15,
            0.15
        ],
        [
            0.15,
            0.15,
            0.15,
            0.15,
            0.15,
            0.15,
            0.15,
            0.0,
            0.15,
            0.15,
            0.15,
            0.15,
            0.15,
            0.15,
            0.15,
            0.15
        ],
        [
            0.15,
            0.15,
            0.15,
            0.15,
            0.15,
            0.15,
            0.15,
            0.15,
            0.0,
            0.15,
            0.15,
            0.15,
            0.15,
            0.15,
            0.15,
            0.15
        ],
        [
            0.15,
            0.15,
            0.15,
            0.15,
            0.15,
            0.15,
            0.15,
            0.15,
            0.15,
            0.0,
            0.15,
            0.15,
            0.15,
            0.15,
            0.15,
            0.15
        ],
        [
            0.15,
            0.15,
            0.15,
            0.15,
            0.15,
            0.15,
            0.15,
            0.15,
            0.15,
            0.15,
            0.0,
            0.15,
            0.15,
            0.15,
            0.15,
            0.15
        ],
        [
            0.15,
            0.15,
            0.15,
            0.15,
            0.15,
            0.15,
            0.15,
            0.15,
            0.15,
            0.15,
            0.15,
            0.0,
            0.15,
            0.15,
            0.15,
            0.15
        ],
        [
            0.15,
            0.15,
            0.15,
            0.15,
            0.15,
            0.15,
            0.15,
            0.15,
            0.15,
            0.15,
            0.15,
            0.15,
            0.0,
            0.15,
            0.15,
            0.15
        ],
        [
            0.15,
            0.15,
            0.15,
            0.15,
            0.15,
            0.15,
            0.15,
            0.15,
            0.15,
            0.15,
            0.15,
            0.15,
            0.15,
            0.0,
            0.15,
            0.15
        ],
        [
            0.15,
            0.15,
            0.15,
            0.15,
            0.15,
            0.15,
            0.15,
            0.15,
            0.15,
            0.15,
            0.15,
            0.15,
            0.15,
            0.15,
            0.0,
            0.15
        ],
        [
            0.15,
            0.15,
            0.15,
            0.15,
            0.15,
            0.15,
            0.15,
            0.15,
            0.15,
            0.15,
            0.15,
            0.15,
            0.15,
            0.15,
            0.15,
            0.0
        ]
    ],
    "service_scv": [
        0.0,
        0.943,
        1.401,
        1.353,
        1.275,
        0.873,
        0.981,
        1.306,
        1.468,
        0.524,
        0.677,
        1.28,
        1.064,
        1.433,
        1.322,
        1.171
    ],
    "service": [
        0,
        53,
        54,
        52,
        41,
        34,
        52,
        39,
        36,
        34,
        42,
        53,
        36,
        38,
        34,
        55
    ]
}
