{
    "coords": [
        [
            0,
            0
        ],
        [
            42,
            0
        ],
        [
            11,
            10
        ],
        [
            27,
            18
        ],
        [
            7,
            0
        ],
        [
            29,
            9
        ],
        [
            12,
            49
        ],
        [
            27,
            39
        ],
        [
            34,
            6
        ],
        [
            10,
            11
        ],
        [
            4,
            38
        ],
        [
            1,
            45
        ],
        [
            14,
            17
        ],
        [
            7,
            39
        ],
        [
            21,
            7
        ],
        [
            34,
            27
        ]
    ],
    "dimension": 16,
    "distances": [
        [
            0.0,
            42.0,
            14.866,
            32.45,
            7.0,
            30.364,
            50.448,
            47.434,
            34.525,
            14.866,
            38.21,
            45.011,
            22.023,
            39.623,
            22.136,
            43.417
        ],
        [
            42.0,
            0.0,
            32.573,
            23.431,
            35.0,
            15.811,
            57.454,
            41.785,
            10.0,
            33.838,
            53.74,
            60.877,
            32.757,
            52.402,
            22.136,
            28.16
        ],
        [
            14.866,
            32.573,
            0.0,
            17.889,
            10.77,
            18.028,
            39.013,
            33.121,
            23.345,
            1.414,
            28.862,
            36.401,
            7.616,
            29.275,
            10.44,
            28.601
        ],
        [
            32.45,
            23.431,
            17.889,
            0.0,
            26.907,
            9.22,
            34.438,
            21.0,
            13.892,
            18.385,
            30.48,
            37.483,
            13.038,
            29.0,
            12.53,
            11.402
        ],
        [
            7.0,
            35.0,
            10.77,
            26.907,
            0.0,
            23.77,
            49.254,
            43.829,
            27.659,
            11.402,
            38.118,
            45.398,
            18.385,
            39.0,
            15.652,
            38.184
        ],
        [
            30.364,
            15.811,
            18.028,
            9.22,
            23.77,
            0.0,
            43.463,
            30.067,
            5.831,
            19.105,
            38.288,
            45.607,
            17.0,
            37.202,
            8.246,
            18.682
        ],
        [
            50.448,
            57.454,
            39.013,
            34.438,
            49.254,
            43.463,
            0.0,
            18.028,
            48.301,
            38.053,
            13.601,
            11.705,
            32.062,
            11.18,
            42.953,
            31.113
        ],
        [
            47.434,
            41.785,
            33.121,
            21.0,
            43.829,
            30.067,
            18.028,
            0.0,
            33.734,
            32.757,
            23.022,
            26.683,
            25.554,
            20.0,
            32.558,
            13.892
        ],
        [
            34.525,
            10.0,
            23.345,
            13.892,
            27.659,
            5.831,
            48.301,
            33.734,
            0.0,
            24.515,
            43.863,
            51.088,
            22.825,
            42.638,
            13.038,
            21.0
        ],
        [
            14.866,
            33.838,
            1.414,
            18.385,
            11.402,
            19.105,
            38.053,
            32.757,
            24.515,
            0.0,
            27.659,
            35.171,
            7.211,
            28.16,
            11.705,
            28.844
        ],
        [
            38.21,
            53.74,
            28.862,
            30.48,
            38.118,
            38.288,
            13.601,
            23.022,
            43.863,
            27.659,
            0.0,
            7.616,
            23.259,
            3.162,
            35.355,
            31.953
        ],
        [
            45.011,
            60.877,
            36.401,
            37.483,
            45.398,
            45.607,
            11.705,
            26.683,
            51.088,
            35.171,
            7.616,
            0.0,
            30.871,
            8.485,
            42.942,
            37.59
        ],
        [
            22.023,
            32.757,
            7.616,
            13.038,
            18.385,
            17.0,
            32.062,
            25.554,
            22.825,
            7.211,
            23.259,
            30.871,
            0.0,
            23.087,
            12.207,
            22.361
        ],
        [
            39.623,
            52.402,
            29.275,
            29.0,
            39.0,
            37.202,
            11.18,
            20.0,
            42.638,
            28.16,
            3.162,
            8.485,
            23.087,
            0.0,
            34.928,
            29.547
        ],
        [
            22.136,
            22.136,
            10.44,
            12.53,
            15.652,
            8.246,
            42.953,
            32.558,
            13.038,
            11.705,
            35.355,
            42.942,
            12.207,
            34.928,
            0.0,
            23.854
        ],
        [
            43.417,
            28.16,
            28.601,
            11.402,
            38.184,
            18.682,
            31.113,
            13.892,
            21.0,
            28.844,
            31.953,
            37.59,
            22.361,
            29.547,
            23.854,
            0.0
        ]
    ],
    "distances_scv": [
        [
            0.0,
            0.15,
            0.15,
            0.15,
            0.15,
            0.15,
            0.15,
            0.15,
            0.15,
            0.15,
            0.15,
            0.15,
            0.15,
            0.15,
            0.15,
            0.15
        ],
        [
            0.15,
            0.0,
            0.15,
            0.15,
            0.15,
            0.15,
            0.15,
            0.15,
            0.15,
            0.15,
            0.15,
            0.15,
            0.15,
            0.15,
            0.15,
            0.15
        ],
        [
            0.15,
            0.15,
            0.0,
            0.15,
            0.15,
            0.15,
            0.15,
            0.15,
            0.15,
            0.15,
            0.15,
            0.15,
            0.15,
            0.15,
            0.15,
            0.15
        ],
        [
            0.15,
            0.15,
            0.15,
            0.0,
            0.15,
            0.15,
            0.15,
            0.15,
            0.15,
            0.15,
            0.15,
            0.15,
            0.15,
            0.15,
            0.15,
            0.15
        ],
        [
            0.15,
            0.15,
            0.15,
            0.15,
            0.0,
            0.15,
            0.15,
            0.15,
            0.15,
            0.15,
            0.15,
            0.15,
            0.15,
            0.15,
            0.15,
            0.15
        ],
        [
            0.15,
            0.15,
            0.15,
            0.15,
            0.15,
            0.0,
            0.15,
            0.15,
            0.15,
            0.15,
            0.15,
            0.15,
            0.15,
            0.15,
            0.15,
            0.15
        ],
        [
            0.15,
            0.15,
            0.15,
            0.15,
            0.15,
            0.15,
            0.0,
            0.15,
            0.15,
            0.15,
            0.15,
            0.15,
            0.15,
            0.15,
            0.15,
            0.15
        ],
        [
            0.15,
            0.15,
            0.15,
            0.15,
            0.15,
            0.15,
            0.15,
            0.0,
            0.15,
            0.15,
            0.15,
            0.15,
            0.15,
            0.15,
            0.15,
            0.15
        ],
        [
            0.15,
            0.15,
            0.15,
            0.15,
            0.15,
            0.15,
            0.15,
            0.15,
            0.0,
            0.15,
            0.15,
            0.15,
            0.15,
            0.15,
            0.15,
            0.15
        ],
        [
            0.15,
            0.15,
            0.15,
            0.15,
            0.15,
            0.15,
            0.15,
            0.15,
            0.15,
            0.0,
            0.15,
            0.15,
            0.15,
            0.15,
            0.15,
            0.15
        ],
        [
            0.15,
            0.15,
            0.15,
            0.15,
            0.15,
            0.15,
            0.15,
            0.15,
            0.15,
            0.15,
            0.0,
            0.15,
            0.15,
            0.15,
            0.15,
            0.15
        ],
        [
            0.15,
            0.15,
            0.15,
            0.15,
            0.15,
            0.15,
            0.15,
            0.15,
            0.15,
            0.15,
            0.15,
            0.0,
            0.15,
            0.15,
            0.15,
            0.15
        ],
        [
            0.15,
            0.15,
            0.15,
            0.15,
            0.15,
            0.15,
            0.15,
            0.15,
            0.15,
            0.15,
            0.15,
            0.15,
            0.0,
            0.15,
            0.15,
            0.15
        ],
        [
            0.15,
            0.15,
            0.15,
            0.15,
            0.15,
            0.15,
            0.15,
            0.15,
            0.15,
            0.15,
            0.15,
            0.15,
            0.15,
            0.0,
            0.15,
            0.15
        ],
        [
            0.15,
            0.15,
            0.15,
            0.15,
            0.15,
            0.15,
            0.15,
            0.15,
            0.15,
            0.15,
            0.15,
            0.15,
            0.15,
            0.15,
            0.0,
            0.15
        ],
        [
            0.15,
            0.15,
            0.15,
            0.15,
            0.15,
            0.15,
            0.15,
            0.15,
            0.15,
            0.15,
            0.15,
            0.15,
            0.15,
            0.15,
            0.15,
            0.0
        ]
    ],
    "service_scv": [
        0.0,
        0.39,
        0.312,
        0.31,
        0.412,
        0.498,
        0.24,
        0.352,
        0.331,
        0.168,
        0.417,
        0.239,
        0.494,
        0.2,
        0.365,
        0.491
    ],
    "service": [
        0,
        53,
        51,
        35,
        47,
        43,
        57,
        47,
        50,
        31,
        45,
        59,
        37,
        40,
        51,
        43
    ]
}
