{
    "coords": [
        [
            0,
            0
        ],
        [
            13,
            23
        ],
        [
            44,
            6
        ],
        [
            12,
            26
        ],
        [
            12,
            20
        ],
        [
            17,
            3
        ],
        [
            1,
            4
        ],
        [
            33,
            49
        ],
        [
            46,
            34
        ],
        [
            46,
            22
        ],
        [
            27,
            32
        ],
        [
            20,
            13
        ],
        [
            35,
            15
        ],
        [
            27,
            3
        ],
        [
            10,
            2
        ],
        [
            30,
            40
        ]
    ],
    "dimension": 16,
    "distances": [
        [
            0.0,
            26.42,
            44.407,
            28.636,
            23.324,
            17.263,
            4.123,
            59.076,
            57.201,
            50.99,
            41.869,
            23.854,
            38.079,
            27.166,
            10.198,
            50.0
        ],
        [
            26.42,
            0.0,
            35.355,
            3.162,
            3.162,
            20.396,
            22.472,
            32.802,
            34.785,
            33.015,
            16.643,
            12.207,
            23.409,
            24.413,
            21.213,
            24.042
        ],
        [
            44.407,
            35.355,
            0.0,
            37.736,
            34.928,
            27.166,
            43.046,
            44.385,
            28.071,
            16.125,
            31.064,
            25.0,
            12.728,
            17.263,
            34.234,
            36.77
        ],
        [
            28.636,
            3.162,
            37.736,
            0.0,
            6.0,
            23.537,
            24.597,
            31.145,
            34.928,
            34.234,
            16.155,
            15.264,
            25.495,
            27.459,
            24.083,
            22.804
        ],
        [
            23.324,
            3.162,
            34.928,
            6.0,
            0.0,
            17.72,
            19.416,
            35.805,
            36.77,
            34.059,
            19.209,
            10.63,
            23.537,
            22.672,
            18.111,
            26.907
        ],
        [
            17.263,
            20.396,
            27.166,
            23.537,
            17.72,
            0.0,
            16.031,
            48.703,
            42.45,
            34.67,
            30.676,
            10.44,
            21.633,
            10.0,
            7.071,
            39.217
        ],
        [
            4.123,
            22.472,
            43.046,
            24.597,
            19.416,
            16.031,
            0.0,
            55.218,
            54.083,
            48.466,
            38.21,
            21.024,
            35.735,
            26.019,
            9.22,
            46.228
        ],
        [
            59.076,
            32.802,
            44.385,
            31.145,
            35.805,
            48.703,
            55.218,
            0.0,
            19.849,
            29.967,
            18.028,
            38.275,
            34.059,
            46.39,
            52.326,
            9.487
        ],
        [
            57.201,
            34.785,
            28.071,
            34.928,
            36.77,
            42.45,
            54.083,
            19.849,
            0.0,
            12.0,
            19.105,
            33.422,
            21.954,
            36.359,
            48.166,
            17.088
        ],
        [
            50.99,
            33.015,
            16.125,
            34.234,
            34.059,
            34.67,
            48.466,
            29.967,
            12.0,
            0.0,
            21.471,
            27.514,
            13.038,
            26.87,
            41.183,
            24.083
        ],
        [
            41.869,
            16.643,
            31.064,
            16.155,
            19.209,
            30.676,
            38.21,
            18.028,
            19.105,
            21.471,
            0.0,
            20.248,
            18.788,
            29.0,
            34.482,
            8.544
        ],
        [
            23.854,
            12.207,
            25.0,
            15.264,
            10.63,
            10.44,
            21.024,
            38.275,
            33.422,
            27.514,
            20.248,
            0.0,
            15.133,
            12.207,
            14.866,
            28.792
        ],
        [
            38.079,
            23.409,
            12.728,
            25.495,
            23.537,
            21.633,
            35.735,
            34.059,
            21.954,
            13.038,
            18.788,
            15.133,
            0.0,
            14.422,
            28.178,
            25.495
        ],
        [
            27.166,
            24.413,
            17.263,
            27.459,
            22.672,
            10.0,
            26.019,
            46.39,
            36.359,
            26.87,
            29.0,
            12.207,
            14.422,
            0.0,
            17.029,
            37.121
        ],
        [
            10.198,
            21.213,
            34.234,
            24.083,
            18.111,
            7.071,
            9.22,
            52.326,
            48.166,
            41.183,
            34.482,
            14.866,
            28.178,
            17.029,
            0.0,
            42.942
        ],
        [
            50.0,
            24.042,
            36.77,
            22.804,
            26.907,
            39.217,
            46.228,
            9.487,
            17.088,
            24.083,
            8.544,
            28.792,
            25.495,
            37.121,
            42.942,
            0.0
        ]
    ],
    "distances_scv": [
        [
            0.0,
            0.15,
            0.15,
            0.15,
            0.15,
            0.15,
            0.15,
            0.15,
            0.15,
            0.15,
            0.15,
            0.15,
            0.15,
            0.15,
            0.15,
            0.15
        ],
        [
            0.15,
            0.0,
            0.15,
            0.15,
            0.15,
            0.15,
            0.15,
            0.15,
            0.15,
            0.15,
            0.15,
            0.15,
            0.15,
            0.15,
            0.15,
            0.15
        ],
        [
            0.15,
            0.15,
            0.0,
            0.15,
            0.15,
            0.15,
            0.15,
            0.15,
            0.15,
            0.15,
            0.15,
            0.15,
            0.15,
            0.15,
            0.15,
            0.15
        ],
        [
            0.15,
            0.15,
            0.15,
            0.0,
            0.15,
            0.15,
            0.15,
            0.15,
            0.15,
            0.15,
            0.15,
            0.15,
            0.15,
            0.15,
            0.15,
            0.15
        ],
        [
            0.15,
            0.15,
            0.15,
            0.15,
            0.0,
            0.15,
            0.15,
            0.15,
            0.15,
            0.15,
            0.15,
            0.15,
            0.15,
            0.15,
            0.15,
            0.15
        ],
        [
            0.15,
            0.15,
            0.15,
            0.15,
            0.15,
            0.0,
            0.15,
            0.15,
            0.15,
            0.15,
            0.15,
            0.15,
            0.15,
            0.15,
            0.15,
            0.15
        ],
        [
            0.15,
            0.15,
            0.15,
            0.15,
            0.15,
            0.15,
            0.0,
            0.15,
            0.15,
            0.15,
            0.15,
            0.15,
            0.15,
            0.15,
            0.15,
            0.15
        ],
        [
            0.15,
            0.15,
            0.15,
            0.15,
            0.15,
            0.15,
            0.15,
            0.0,
            0.15,
            0.15,
            0.15,
            0.15,
            0.15,
            0.15,
            0.15,
            0.15
        ],
        [
            0.15,
            0.15,
            0.15,
            0.15,
            0.15,
            0.15,
            0.15,
            0.15,
            0.0,
            0.15,
            0.15,
            0.15,
            0.15,
            0.15,
            0.15,
            0.15
        ],
        [
            0.15,
            0.15,
            0.15,
            0.15,
            0.15,
            0.15,
            0.15,
            0.15,
            0.15,
            0.0,
            0.15,
            0.15,
            0.15,
            0.15,
            0.15,
            0.15
        ],
        [
            0.15,
            0.15,
            0.15,
            0.15,
            0.15,
            0.15,
            0.15,
            0.15,
            0.15,
            0.15,
            0.0,
            0.15,
            0.15,
            0.15,
            0.15,
            0.15
        ],
        [
            0.15,
            0.15,
            0.15,
            0.15,
            0.15,
            0.15,
            0.15,
            0.15,
            0.15,
            0.15,
            0.15,
            0.0,
            0.15,
            0.15,
            0.15,
            0.15
        ],
        [
            0.15,
            0.15,
            0.15,
            0.15,
            0.15,
            0.15,
            0.15,
            0.15,
            0.15,
            0.15,
            0.15,
            0.15,
            0.0,
            0.15,
            0.15,
            0.15
        ],
        [
            0.15,
            0.15,
            0.15,
            0.15,
            0.15,
            0.15,
            0.15,
            0.15,
            0.15,
            0.15,
            0.15,
            0.15,
            0.15,
            0.0,
            0.15,
            0.15
        ],
        [
            0.15,
            0.15,
            0.15,
            0.15,
            0.15,
            0.15,
            0.15,
            0.15,
            0.15,
            0.15,
            0.15,
            0.15,
            0.15,
            0.15,
            0.0,
            0.15
        ],
        [
            0.15,
            0.15,
            0.15,
            0.15,
            0.15,
            0.15,
            0.15,
            0.15,
            0.15,
            0.15,
            0.15,
            0.15,
            0.15,
            0.15,
            0.15,
            0.0
        ]
    ],
    "service_scv": [
        0.0,
        0.473,
        0.154,
        0.255,
        0.477,
        0.499,
        0.385,
        0.297,
        0.284,
        0.284,
        0.338,
        0.385,
        0.215,
        0.332,
        0.339,
        0.205
    ],
    "service": [
        0,
        53,
        51,
        55,
        40,
        56,
        58,
        39,
        33,
        48,
        35,
        38,
        37,
        44,
        32,
        42
    ]
}
