{
    "coords": [
        [
            0,
            0
        ],
        [
            32,
            9
        ],
        [
            47,
            4
        ],
        [
            13,
            32
        ],
        [
            0,
            22
        ],
        [
            7,
            49
        ],
        [
            16,
            42
        ],
        [
            15,
            41
        ],
        [
            2,
            2
        ],
        [
            13,
            27
        ],
        [
            8,
            30
        ],
        [
            25,
            2
        ],
        [
            17,
            23
        ],
        [
            45,
            16
        ],
        [
            16,
            10
        ],
        [
            23,
            39
        ]
    ],
    "dimension": 16,
    "distances": [
        [
            0.0,
            33.242,
            47.17,
            34.54,
            22.0,
            49.497,
            44.944,
            43.658,
            2.828,
            29.967,
            31.048,
            25.08,
            28.601,
            47.76,
            18.868,
            45.277
        ],
        [
            33.242,
            0.0,
            15.811,
            29.833,
            34.54,
            47.17,
            36.674,
            36.235,
            30.806,
            26.173,
            31.89,
            9.899,
            20.518,
            14.765,
            16.031,
            31.321
        ],
        [
            47.17,
            15.811,
            0.0,
            44.045,
            50.329,
            60.208,
            49.041,
            48.918,
            45.044,
            41.049,
            46.872,
            22.091,
            35.511,
            12.166,
            31.575,
            42.438
        ],
        [
            34.54,
            29.833,
            44.045,
            0.0,
            16.401,
            18.028,
            10.44,
            9.22,
            31.953,
            5.0,
            5.385,
            32.311,
            9.849,
            35.777,
            22.204,
            12.207
        ],
        [
            22.0,
            34.54,
            50.329,
            16.401,
            0.0,
            27.893,
            25.612,
            24.207,
            20.1,
            13.928,
            11.314,
            32.016,
            17.029,
            45.398,
            20.0,
            28.601
        ],
        [
            49.497,
            47.17,
            60.208,
            18.028,
            27.893,
            0.0,
            11.402,
            11.314,
            47.265,
            22.804,
            19.026,
            50.329,
            27.857,
            50.329,
            40.025,
            18.868
        ],
        [
            44.944,
            36.674,
            49.041,
            10.44,
            25.612,
            11.402,
            0.0,
            1.414,
            42.379,
            15.297,
            14.422,
            41.0,
            19.026,
            38.949,
            32.0,
            7.616
        ],
        [
            43.658,
            36.235,
            48.918,
            9.22,
            24.207,
            11.314,
            1.414,
            0.0,
            41.11,
            14.142,
            13.038,
            40.262,
            18.111,
            39.051,
            31.016,
            8.246
        ],
        [
            2.828,
            30.806,
            45.044,
            31.953,
            20.1,
            47.265,
            42.379,
            41.11,
            0.0,
            27.313,
            28.636,
            23.0,
            25.807,
            45.222,
            16.125,
            42.544
        ],
        [
            29.967,
            26.173,
            41.049,
            5.0,
            13.928,
            22.804,
            15.297,
            14.142,
            27.313,
            0.0,
            5.831,
            27.731,
            5.657,
            33.838,
            17.263,
            15.62
        ],
        [
            31.048,
            31.89,
            46.872,
            5.385,
            11.314,
            19.026,
            14.422,
            13.038,
            28.636,
            5.831,
            0.0,
            32.757,
            11.402,
            39.56,
            21.541,
            17.493
        ],
        [
            25.08,
            9.899,
            22.091,
            32.311,
            32.016,
            50.329,
            41.0,
            40.262,
            23.0,
            27.731,
            32.757,
            0.0,
            22.472,
            24.413,
            12.042,
            37.054
        ],
        [
            28.601,
            20.518,
            35.511,
            9.849,
            17.029,
            27.857,
            19.026,
            18.111,
            25.807,
            5.657,
            11.402,
            22.472,
            0.0,
            28.862,
            13.038,
            17.088
        ],
        [
            47.76,
            14.765,
            12.166,
            35.777,
            45.398,
            50.329,
            38.949,
            39.051,
            45.222,
            33.838,
            39.56,
            24.413,
            28.862,
            0.0,
            29.614,
            31.828
        ],
        [
            18.868,
            16.031,
            31.575,
            22.204,
            20.0,
            40.025,
            32.0,
            31.016,
            16.125,
            17.263,
            21.541,
            12.042,
            13.038,
            29.614,
            0.0,
            29.833
        ],
        [
            45.277,
            31.321,
            42.438,
            12.207,
            28.601,
            18.868,
            7.616,
            8.246,
            42.544,
            15.62,
            17.493,
            37.054,
            17.088,
            31.828,
            29.833,
            0.0
        ]
    ],
    "distances_scv": [
        [
            0.0,
            0.15,
            0.15,
            0.15,
            0.15,
            0.15,
            0.15,
            0.15,
            0.15,
            0.15,
            0.15,
            0.15,
            0.15,
            0.15,
            0.15,
            0.15
        ],
        [
            0.15,
            0.0,
            0.15,
            0.15,
            0.15,
            0.15,
            0.15,
            0.15,
            0.15,
            0.15,
            0.15,
            0.15,
            0.15,
            0.15,
            0.15,
            0.15
        ],
        [
            0.15,
            0.15,
            0.0,
            0.15,
            0.15,
            0.15,
            0.15,
            0.15,
            0.15,
            0.15,
            0.15,
            0.15,
            0.15,
            0.15,
            0.15,
            0.15
        ],
        [
            0.15,
            0.15,
            0.15,
            0.0,
            0.15,
            0.15,
            0.15,
            0.15,
            0.15,
            0.15,
            0.15,
            0.15,
            0.15,
            0.15,
            0.15,
            0.15
        ],
        [
            0.15,
            0.15,
            0.15,
            0.15,
            0.0,
            0.15,
            0.15,
            0.15,
            0.15,
            0.15,
            0.15,
            0.15,
            0.15,
            0.15,
            0.15,
            0.15
        ],
        [
            0.15,
            0.15,
            0.15,
            0.15,
            0.15,
            0.0,
            0.15,
            0.15,
            0.15,
            0.15,
            0.15,
            0.15,
            0.15,
            0.15,
            0.15,
            0.15
        ],
        [
            0.15,
            0.15,
            0.15,
            0.15,
            0.15,
            0.15,
            0.0,
            0.15,
            0.15,
            0.15,
            0.15,
            0.15,
            0.15,
            0.15,
            0.15,
            0.15
        ],
        [
            0.15,
            0.15,
            0.15,
            0.15,
            0.15,
            0.15,
            0.15,
            0.0,
            0.15,
            0.15,
            0.15,
            0.15,
            0.15,
            0.15,
            0.15,
            0.15
        ],
        [
            0.15,
            0.15,
            0.15,
            0.15,
            0.15,
            0.15,
            0.15,
            0.15,
            0.0,
            0.15,
            0.15,
            0.15,
            0.15,
            0.15,
            0.15,
            0.15
        ],
        [
            0.15,
            0.15,
            0.15,
            0.15,
            0.15,
            0.15,
            0.15,
            0.15,
            0.15,
            0.0,
            0.15,
            0.15,
            0.15,
            0.15,
            0.15,
            0.15
        ],
        [
            0.15,
            0.15,
            0.15,
            0.15,
            0.15,
            0.15,
            0.15,
            0.15,
            0.15,
            0.15,
            0.0,
            0.15,
            0.15,
            0.15,
            0.15,
            0.15
        ],
        [
            0.15,
            0.15,
            0.15,
            0.15,
            0.15,
            0.15,
            0.15,
            0.15,
            0.15,
            0.15,
            0.15,
            0.0,
            0.15,
            0.15,
            0.15,
            0.15
        ],
        [
            0.15,
            0.15,
            0.15,
            0.15,
            0.15,
            0.15,
            0.15,
            0.15,
            0.15,
            0.15,
            0.15,
            0.15,
            0.0,
            0.15,
            0.15,
            0.15
        ],
        [
            0.15,
            0.15,
            0.15,
            0.15,
            0.15,
            0.15,
            0.15,
            0.15,
            0.15,
            0.15,
            0.15,
            0.15,
            0.15,
            0.0,
            0.15,
            0.15
        ],
        [
            0.15,
            0.15,
            0.15,
            0.15,
            0.15,
            0.15,
            0.15,
            0.15,
            0.15,
            0.15,
            0.15,
            0.15,
            0.15,
            0.15,
            0.0,
            0.15
        ],
        [
            0.15,
            0.15,
            0.15,
            0.15,
            0.15,
            0.15,
            0.15,
            0.15,
            0.15,
            0.15,
            0.15,
            0.15,
            0.15,
            0.15,
            0.15,
            0.0
        ]
    ],
    "service_scv": [
        0.0,
        1.204,
        1.498,
        0.913,
        0.839,
        0.986,
        1.356,
        0.681,
        1.216,
        0.807,
        1.191,
        1.366,
        0.861,
        1.37,
        1.126,
        1.058
    ],
    "service": [
        0,
        48,
        60,
        53,
        53,
        54,
        57,
        34,
        47,
        57,
        39,
        53,
        54,
        34,
        51,
        42
    ]
}
