{
    "coords": [
        [
            0,
            0
        ],
        [
            37,
            20
        ],
        [
            39,
            28
        ],
        [
            6,
            25
        ],
        [
            20,
            28
        ],
        [
            28,
            28
        ],
        [
            28,
            43
        ],
        [
            16,
            4
        ],
        [
            34,
            37
        ],
        [
            22,
            41
        ],
        [
            14,
            35
        ],
        [
            32,
            20
        ],
        [
            39,
            47
        ],
        [
            13,
            1
        ],
        [
            30,
            40
        ],
        [
            5,
            30
        ],
        [
            35,
            2
        ],
        [
            31,
            16
        ],
        [
            6,
            18
        ],
        [
            27,
            8
        ],
        [
            15,
            32
        ]
    ],
    "dimension": 21,
    "distances": [
        [
            0.0,
            42.059,
            48.01,
            25.71,
            34.409,
            39.598,
            51.313,
            16.492,
            50.249,
            46.53,
            37.696,
            37.736,
            61.074,
            13.038,
            50.0,
            30.414,
            35.057,
            34.886,
            18.974,
            28.16,
            35.341
        ],
        [
            42.059,
            0.0,
            8.246,
            31.401,
            18.788,
            12.042,
            24.698,
            26.401,
            17.263,
            25.807,
            27.459,
            5.0,
            27.074,
            30.61,
            21.19,
            33.526,
            18.111,
            7.211,
            31.064,
            15.62,
            25.06
        ],
        [
            48.01,
            8.246,
            0.0,
            33.136,
            19.0,
            11.0,
            18.601,
            33.242,
            10.296,
            21.401,
            25.962,
            10.63,
            19.0,
            37.483,
            15.0,
            34.059,
            26.306,
            14.422,
            34.482,
            23.324,
            24.331
        ],
        [
            25.71,
            31.401,
            33.136,
            0.0,
            14.318,
            22.204,
            28.425,
            23.259,
            30.463,
            22.627,
            12.806,
            26.476,
            39.661,
            25.0,
            28.302,
            5.099,
            37.014,
            26.571,
            7.0,
            27.019,
            11.402
        ],
        [
            34.409,
            18.788,
            19.0,
            14.318,
            0.0,
            8.0,
            17.0,
            24.331,
            16.643,
            13.153,
            9.22,
            14.422,
            26.87,
            27.893,
            15.62,
            15.133,
            30.017,
            16.279,
            17.205,
            21.19,
            6.403
        ],
        [
            39.598,
            12.042,
            11.0,
            22.204,
            8.0,
            0.0,
            15.0,
            26.833,
            10.817,
            14.318,
            15.652,
            8.944,
            21.954,
            30.887,
            12.166,
            23.087,
            26.926,
            12.369,
            24.166,
            20.025,
            13.601
        ],
        [
            51.313,
            24.698,
            18.601,
            28.425,
            17.0,
            15.0,
            0.0,
            40.804,
            8.485,
            6.325,
            16.125,
            23.345,
            11.705,
            44.598,
            3.606,
            26.42,
            41.593,
            27.166,
            33.302,
            35.014,
            17.029
        ],
        [
            16.492,
            26.401,
            33.242,
            23.259,
            24.331,
            26.833,
            40.804,
            0.0,
            37.59,
            37.483,
            31.064,
            22.627,
            48.765,
            4.243,
            38.626,
            28.231,
            19.105,
            19.209,
            17.205,
            11.705,
            28.018
        ],
        [
            50.249,
            17.263,
            10.296,
            30.463,
            16.643,
            10.817,
            8.485,
            37.59,
            0.0,
            12.649,
            20.1,
            17.117,
            11.18,
            41.677,
            5.0,
            29.833,
            35.014,
            21.213,
            33.838,
            29.833,
            19.647
        ],
        [
            46.53,
            25.807,
            21.401,
            22.627,
            13.153,
            14.318,
            6.325,
            37.483,
            12.649,
            0.0,
            10.0,
            23.259,
            18.028,
            41.0,
            8.062,
            20.248,
            41.11,
            26.571,
            28.018,
            33.377,
            11.402
        ],
        [
            37.696,
            27.459,
            25.962,
            12.806,
            9.22,
            15.652,
            16.125,
            31.064,
            20.1,
            10.0,
            0.0,
            23.431,
            27.731,
            34.015,
            16.763,
            10.296,
            39.115,
            25.495,
            18.788,
            29.967,
            3.162
        ],
        [
            37.736,
            5.0,
            10.63,
            26.476,
            14.422,
            8.944,
            23.345,
            22.627,
            17.117,
            23.259,
            23.431,
            0.0,
            27.893,
            26.87,
            20.1,
            28.792,
            18.248,
            4.123,
            26.077,
            13.0,
            20.809
        ],
        [
            61.074,
            27.074,
            19.0,
            39.661,
            26.87,
            21.954,
            11.705,
            48.765,
            11.18,
            18.028,
            27.731,
            27.893,
            0.0,
            52.839,
            11.402,
            38.013,
            45.177,
            32.016,
            43.932,
            40.804,
            28.302
        ],
        [
            13.038,
            30.61,
            37.483,
            25.0,
            27.893,
            30.887,
            44.598,
            4.243,
            41.677,
            41.0,
            34.015,
            26.87,
            52.839,
            0.0,
            42.544,
            30.083,
            22.023,
            23.431,
            18.385,
            15.652,
            31.064
        ],
        [
            50.0,
            21.19,
            15.0,
            28.302,
            15.62,
            12.166,
            3.606,
            38.626,
            5.0,
            8.062,
            16.763,
            20.1,
            11.402,
            42.544,
            0.0,
            26.926,
            38.328,
            24.021,
            32.558,
            32.14,
            17.0
        ],
        [
            30.414,
            33.526,
            34.059,
            5.099,
            15.133,
            23.087,
            26.42,
            28.231,
            29.833,
            20.248,
            10.296,
            28.792,
            38.013,
            30.083,
            26.926,
            0.0,
            41.037,
            29.53,
            12.042,
            31.113,
            10.198
        ],
        [
            35.057,
            18.111,
            26.306,
            37.014,
            30.017,
            26.926,
            41.593,
            19.105,
            35.014,
            41.11,
            39.115,
            18.248,
            45.177,
            22.023,
            38.328,
            41.037,
            0.0,
            14.56,
            33.121,
            10.0,
            36.056
        ],
        [
            34.886,
            7.211,
            14.422,
            26.571,
            16.279,
            12.369,
            27.166,
            19.209,
            21.213,
            26.571,
            25.495,
            4.123,
            32.016,
            23.431,
            24.021,
            29.53,
            14.56,
            0.0,
            25.08,
            8.944,
            22.627
        ],
        [
            18.974,
            31.064,
            34.482,
            7.0,
            17.205,
            24.166,
            33.302,
            17.205,
            33.838,
            28.018,
            18.788,
            26.077,
            43.932,
            18.385,
            32.558,
            12.042,
            33.121,
            25.08,
            0.0,
            23.259,
            16.643
        ],
        [
            28.16,
            15.62,
            23.324,
            27.019,
            21.19,
            20.025,
            35.014,
            11.705,
            29.833,
            33.377,
            29.967,
            13.0,
            40.804,
            15.652,
            32.14,
            31.113,
            10.0,
            8.944,
            23.259,
            0.0,
            26.833
        ],
        [
            35.341,
            25.06,
            24.331,
            11.402,
            6.403,
            13.601,
            17.029,
            28.018,
            19.647,
            11.402,
            3.162,
            20.809,
            28.302,
            31.064,
            17.0,
            10.198,
            36.056,
            22.627,
            16.643,
            26.833,
            0.0
        ]
    ],
    "distances_scv": [
        [
            0.0,
            0.15,
            0.15,
            0.15,
            0.15,
            0.15,
            0.15,
            0.15,
            0.15,
            0.15,
            0.15,
            0.15,
            0.15,
            0.15,
            0.15,
            0.15,
            0.15,
            0.15,
            0.15,
            0.15,
            0.15
        ],
        [
            0.15,
            0.0,
            0.15,
            0.15,
            0.15,
            0.15,
            0.15,
            0.15,
            0.15,
            0.15,
            0.15,
            0.15,
            0.15,
            0.15,
            0.15,
            0.15,
            0.15,
            0.15,
            0.15,
            0.15,
            0.15
        ],
        [
            0.15,
            0.15,
            0.0,
            0.15,
            0.15,
            0.15,
            0.15,
            0.15,
            0.15,
            0.15,
            0.15,
            0.15,
            0.15,
            0.15,
            0.15,
            0.15,
            0.15,
            0.15,
            0.15,
            0.15,
            0.15
        ],
        [
            0.15,
            0.15,
            0.15,
            0.0,
            0.15,
            0.15,
            0.15,
            0.15,
            0.15,
            0.15,
            0.15,
            0.15,
            0.15,
            0.15,
            0.15,
            0.15,
            0.15,
            0.15,
            0.15,
            0.15,
            0.15
        ],
        [
            0.15,
            0.15,
            0.15,
            0.15,
            0.0,
            0.15,
            0.15,
            0.15,
            0.15,
            0.15,
            0.15,
            0.15,
            0.15,
            0.15,
            0.15,
            0.15,
            0.15,
            0.15,
            0.15,
            0.15,
            0.15
        ],
        [
            0.15,
            0.15,
            0.15,
            0.15,
            0.15,
            0.0,
            0.15,
            0.15,
            0.15,
            0.15,
            0.15,
            0.15,
            0.15,
            0.15,
            0.15,
            0.15,
            0.15,
            0.15,
            0.15,
            0.15,
            0.15
        ],
        [
            0.15,
            0.15,
            0.15,
            0.15,
            0.15,
            0.15,
            0.0,
            0.15,
            0.15,
            0.15,
            0.15,
            0.15,
            0.15,
            0.15,
            0.15,
            0.15,
            0.15,
            0.15,
            0.15,
            0.15,
            0.15
        ],
        [
            0.15,
            0.15,
            0.15,
            0.15,
            0.15,
            0.15,
            0.15,
            0.0,
            0.15,
            0.15,
            0.15,
            0.15,
            0.15,
            0.15,
            0.15,
            0.15,
            0.15,
            0.15,
            0.15,
            0.15,
            0.15
        ],
        [
            0.15,
            0.15,
            0.15,
            0.15,
            0.15,
            0.15,
            0.15,
            0.15,
            0.0,
            0.15,
            0.15,
            0.15,
            0.15,
            0.15,
            0.15,
            0.15,
            0.15,
            0.15,
            0.15,
            0.15,
            0.15
        ],
        [
            0.15,
            0.15,
            0.15,
            0.15,
            0.15,
            0.15,
            0.15,
            0.15,
            0.15,
            0.0,
            0.15,
            0.15,
            0.15,
            0.15,
            0.15,
            0.15,
            0.15,
            0.15,
            0.15,
            0.15,
            0.15
        ],
        [
            0.15,
            0.15,
            0.15,
            0.15,
            0.15,
            0.15,
            0.15,
            0.15,
            0.15,
            0.15,
            0.0,
            0.15,
            0.15,
            0.15,
            0.15,
            0.15,
            0.15,
            0.15,
            0.15,
            0.15,
            0.15
        ],
        [
            0.15,
            0.15,
            0.15,
            0.15,
            0.15,
            0.15,
            0.15,
            0.15,
            0.15,
            0.15,
            0.15,
            0.0,
            0.15,
            0.15,
            0.15,
            0.15,
            0.15,
            0.15,
            0.15,
            0.15,
            0.15
        ],
        [
            0.15,
            0.15,
            0.15,
            0.15,
            0.15,
            0.15,
            0.15,
            0.15,
            0.15,
            0.15,
            0.15,
            0.15,
            0.0,
            0.15,
            0.15,
            0.15,
            0.15,
            0.15,
            0.15,
            0.15,
            0.15
        ],
        [
            0.15,
            0.15,
            0.15,
            0.15,
            0.15,
            0.15,
            0.15,
            0.15,
            0.15,
            0.15,
            0.15,
            0.15,
            0.15,
            0.0,
            0.15,
            0.15,
            0.15,
            0.15,
            0.15,
            0.15,
            0.15
        ],
        [
            0.15,
            0.15,
            0.15,
            0.15,
            0.15,
            0.15,
            0.15,
            0.15,
            0.15,
            0.15,
            0.15,
            0.15,
            0.15,
            0.15,
            0.0,
            0.15,
            0.15,
            0.15,
            0.15,
            0.15,
            0.15
        ],
        [
            0.15,
            0.15,
            0.15,
            0.15,
            0.15,
            0.15,
            0.15,
            0.15,
            0.15,
            0.15,
            0.15,
            0.15,
            0.15,
            0.15,
            0.15,
            0.0,
            0.15,
            0.15,
            0.15,
            0.15,
            0.15
        ],
        [
            0.15,
            0.15,
            0.15,
            0.15,
            0.15,
            0.15,
            0.15,
            0.15,
            0.15,
            0.15,
            0.15,
            0.15,
            0.15,
            0.15,
            0.15,
            0.15,
            0.0,
            0.15,
            0.15,
            0.15,
            0.15
        ],
        [
            0.15,
            0.15,
            0.15,
            0.15,
            0.15,
            0.15,
            0.15,
            0.15,
            0.15,
            0.15,
            0.15,
            0.15,
            0.15,
            0.15,
            0.15,
            0.15,
            0.15,
            0.0,
            0.15,
            0.15,
            0.15
        ],
        [
            0.15,
            0.15,
            0.15,
            0.15,
            0.15,
            0.15,
            0.15,
            0.15,
            0.15,
            0.15,
            0.15,
            0.15,
            0.15,
            0.15,
            0.15,
            0.15,
            0.15,
            0.15,
            0.0,
            0.15,
            0.15
        ],
        [
            0.15,
            0.15,
            0.15,
            0.15,
            0.15,
            0.15,
            0.15,
            0.15,
            0.15,
            0.15,
            0.15,
            0.15,
            0.15,
            0.15,
            0.15,
            0.15,
            0.15,
            0.15,
            0.15,
            0.0,
            0.15
        ],
        [
            0.15,
            0.15,
            0.15,
            0.15,
            0.15,
            0.15,
            0.15,
            0.15,
            0.15,
            0.15,
            0.15,
            0.15,
            0.15,
            0.15,
            0.15,
            0.15,
            0.15,
            0.15,
            0.15,
            0.15,
            0.0
        ]
    ],
    "service_scv": [
        0.0,
        1.317,
        1.202,
        0.871,
        0.884,
        1.157,
        0.7,
        0.574,
        0.519,
        0.506,
        1.14,
        1.142,
        0.905,
        0.746,
        1.145,
        1.024,
        0.595,
        0.692,
        0.724,
        1.026,
        0.855
    ],
    "service": [
        0,
        53,
        34,
        45,
        53,
        50,
        58,
        57,
        32,
        44,
        35,
        40,
        32,
        53,
        53,
        55,
        47,
        38,
        47,
        53,
        55
    ]
}
