{
    "coords": [
        [
            0,
            0
        ],
        [
            11,
            44
        ],
        [
            41,
            38
        ],
        [
            38,
            1
        ],
        [
            7,
            2
        ],
        [
            41,
            16
        ],
        [
            17,
            43
        ],
        [
            13,
            47
        ],
        [
            15,
            26
        ],
        [
            41,
            39
        ],
        [
            23,
            16
        ],
        [
            45,
            40
        ],
        [
            34,
            40
        ],
        [
            8,
            3
        ],
        [
            11,
            48
        ],
        [
            34,
            17
        ],
        [
            26,
            8
        ],
        [
            42,
            25
        ],
        [
            47,
            31
        ],
        [
            47,
            0
        ],
        [
            49,
            7
        ]
    ],
    "dimension": 21,
    "distances": [
        [
            0.0,
            45.354,
            55.902,
            38.013,
            7.28,
            44.011,
            46.239,
            48.765,
            30.017,
            56.586,
            28.018,
            60.208,
            52.498,
            8.544,
            49.244,
            38.013,
            27.203,
            48.877,
            56.303,
            47.0,
            49.497
        ],
        [
            45.354,
            0.0,
            30.594,
            50.774,
            42.19,
            41.037,
            6.083,
            3.606,
            18.439,
            30.414,
            30.463,
            34.234,
            23.345,
            41.11,
            4.0,
            35.468,
            39.0,
            36.359,
            38.275,
            56.851,
            53.038
        ],
        [
            55.902,
            30.594,
            0.0,
            37.121,
            49.518,
            22.0,
            24.515,
            29.411,
            28.636,
            1.0,
            28.425,
            4.472,
            7.28,
            48.104,
            31.623,
            22.136,
            33.541,
            13.038,
            9.22,
            38.471,
            32.016
        ],
        [
            38.013,
            50.774,
            37.121,
            0.0,
            31.016,
            15.297,
            46.957,
            52.355,
            33.971,
            38.118,
            21.213,
            39.623,
            39.205,
            30.067,
            54.203,
            16.492,
            13.892,
            24.331,
            31.321,
            9.055,
            12.53
        ],
        [
            7.28,
            42.19,
            49.518,
            31.016,
            0.0,
            36.77,
            42.202,
            45.398,
            25.298,
            50.249,
            21.26,
            53.74,
            46.615,
            1.414,
            46.174,
            30.887,
            19.925,
            41.881,
            49.406,
            40.05,
            42.297
        ],
        [
            44.011,
            41.037,
            22.0,
            15.297,
            36.77,
            0.0,
            36.125,
            41.773,
            27.857,
            23.0,
            18.0,
            24.331,
            25.0,
            35.468,
            43.863,
            7.071,
            17.0,
            9.055,
            16.155,
            17.088,
            12.042
        ],
        [
            46.239,
            6.083,
            24.515,
            46.957,
            42.202,
            36.125,
            0.0,
            5.657,
            17.117,
            24.331,
            27.659,
            28.16,
            17.263,
            41.0,
            7.81,
            31.064,
            36.139,
            30.806,
            32.311,
            52.431,
            48.166
        ],
        [
            48.765,
            3.606,
            29.411,
            52.355,
            45.398,
            41.773,
            5.657,
            0.0,
            21.095,
            29.12,
            32.573,
            32.757,
            22.136,
            44.283,
            2.236,
            36.62,
            41.11,
            36.401,
            37.577,
            58.009,
            53.814
        ],
        [
            30.017,
            18.439,
            28.636,
            33.971,
            25.298,
            27.857,
            17.117,
            21.095,
            0.0,
            29.069,
            12.806,
            33.106,
            23.601,
            24.042,
            22.361,
            21.024,
            21.095,
            27.019,
            32.388,
            41.231,
            38.949
        ],
        [
            56.586,
            30.414,
            1.0,
            38.118,
            50.249,
            23.0,
            24.331,
            29.12,
            29.069,
            0.0,
            29.206,
            4.123,
            7.071,
            48.836,
            31.321,
            23.087,
            34.438,
            14.036,
            10.0,
            39.459,
            32.985
        ],
        [
            28.018,
            30.463,
            28.425,
            21.213,
            21.26,
            18.0,
            27.659,
            32.573,
            12.806,
            29.206,
            0.0,
            32.558,
            26.401,
            19.849,
            34.176,
            11.045,
            8.544,
            21.024,
            28.302,
            28.844,
            27.514
        ],
        [
            60.208,
            34.234,
            4.472,
            39.623,
            53.74,
            24.331,
            28.16,
            32.757,
            33.106,
            4.123,
            32.558,
            0.0,
            11.0,
            52.326,
            34.928,
            25.495,
            37.216,
            15.297,
            9.22,
            40.05,
            33.242
        ],
        [
            52.498,
            23.345,
            7.28,
            39.205,
            46.615,
            25.0,
            17.263,
            22.136,
            23.601,
            7.071,
            26.401,
            11.0,
            0.0,
            45.222,
            24.352,
            23.0,
            32.985,
            17.0,
            15.811,
            42.059,
            36.249
        ],
        [
            8.544,
            41.11,
            48.104,
            30.067,
            1.414,
            35.468,
            41.0,
            44.283,
            24.042,
            48.836,
            19.849,
            52.326,
            45.222,
            0.0,
            45.1,
            29.53,
            18.682,
            40.497,
            48.01,
            39.115,
            41.195
        ],
        [
            49.244,
            4.0,
            31.623,
            54.203,
            46.174,
            43.863,
            7.81,
            2.236,
            22.361,
            31.321,
            34.176,
            34.928,
            24.352,
            45.1,
            0.0,
            38.601,
            42.72,
            38.601,
            39.812,
            60.0,
            55.902
        ],
        [
            38.013,
            35.468,
            22.136,
            16.492,
            30.887,
            7.071,
            31.064,
            36.62,
            21.024,
            23.087,
            11.045,
            25.495,
            23.0,
            29.53,
            38.601,
            0.0,
            12.042,
            11.314,
            19.105,
            21.401,
            18.028
        ],
        [
            27.203,
            39.0,
            33.541,
            13.892,
            19.925,
            17.0,
            36.139,
            41.11,
            21.095,
            34.438,
            8.544,
            37.216,
            32.985,
            18.682,
            42.72,
            12.042,
            0.0,
            23.345,
            31.145,
            22.472,
            23.022
        ],
        [
            48.877,
            36.359,
            13.038,
            24.331,
            41.881,
            9.055,
            30.806,
            36.401,
            27.019,
            14.036,
            21.024,
            15.297,
            17.0,
            40.497,
            38.601,
            11.314,
            23.345,
            0.0,
            7.81,
            25.495,
            19.313
        ],
        [
            56.303,
            38.275,
            9.22,
            31.321,
            49.406,
            16.155,
            32.311,
            37.577,
            32.388,
            10.0,
            28.302,
            9.22,
            15.811,
            48.01,
            39.812,
            19.105,
            31.145,
            7.81,
            0.0,
            31.0,
            24.083
        ],
        [
            47.0,
            56.851,
            38.471,
            9.055,
            40.05,
            17.088,
            52.431,
            58.009,
            41.231,
            39.459,
            28.844,
            40.05,
            42.059,
            39.115,
            60.0,
            21.401,
            22.472,
            25.495,
            31.0,
            0.0,
            7.28
        ],
        [
            49.497,
            53.038,
            32.016,
            12.53,
            42.297,
            12.042,
            48.166,
            53.814,
            38.949,
            32.985,
            27.514,
            33.242,
            36.249,
            41.195,
            55.902,
            18.028,
            23.022,
            19.313,
            24.083,
            7.28,
            0.0
        ]
    ],
    "distances_scv": [
        [
            0.0,
            0.15,
            0.15,
            0.15,
            0.15,
            0.15,
            0.15,
            0.15,
            0.15,
            0.15,
            0.15,
            0.15,
            0.15,
            0.15,
            0.15,
            0.15,
            0.15,
            0.15,
            0.15,
            0.15,
            0.15
        ],
        [
            0.15,
            0.0,
            0.15,
            0.15,
            0.15,
            0.15,
            0.15,
            0.15,
            0.15,
            0.15,
            0.15,
            0.15,
            0.15,
            0.15,
            0.15,
            0.15,
            0.15,
            0.15,
            0.15,
            0.15,
            0.15
        ],
        [
            0.15,
            0.15,
            0.0,
            0.15,
            0.15,
            0.15,
            0.15,
            0.15,
            0.15,
            0.15,
            0.15,
            0.15,
            0.15,
            0.15,
            0.15,
            0.15,
            0.15,
            0.15,
            0.15,
            0.15,
            0.15
        ],
        [
            0.15,
            0.15,
            0.15,
            0.0,
            0.15,
            0.15,
            0.15,
            0.15,
            0.15,
            0.15,
            0.15,
            0.15,
            0.15,
            0.15,
            0.15,
            0.15,
            0.15,
            0.15,
            0.15,
            0.15,
            0.15
        ],
        [
            0.15,
            0.15,
            0.15,
            0.15,
            0.0,
            0.15,
            0.15,
            0.15,
            0.15,
            0.15,
            0.15,
            0.15,
            0.15,
            0.15,
            0.15,
            0.15,
            0.15,
            0.15,
            0.15,
            0.15,
            0.15
        ],
        [
            0.15,
            0.15,
            0.15,
            0.15,
            0.15,
            0.0,
            0.15,
            0.15,
            0.15,
            0.15,
            0.15,
            0.15,
            0.15,
            0.15,
            0.15,
            0.15,
            0.15,
            0.15,
            0.15,
            0.15,
            0.15
        ],
        [
            0.15,
            0.15,
            0.15,
            0.15,
            0.15,
            0.15,
            0.0,
            0.15,
            0.15,
            0.15,
            0.15,
            0.15,
            0.15,
            0.15,
            0.15,
            0.15,
            0.15,
            0.15,
            0.15,
            0.15,
            0.15
        ],
        [
            0.15,
            0.15,
            0.15,
            0.15,
            0.15,
            0.15,
            0.15,
            0.0,
            0.15,
            0.15,
            0.15,
            0.15,
            0.15,
            0.15,
            0.15,
            0.15,
            0.15,
            0.15,
            0.15,
            0.15,
            0.15
        ],
        [
            0.15,
            0.15,
            0.15,
            0.15,
            0.15,
            0.15,
            0.15,
            0.15,
            0.0,
            0.15,
            0.15,
            0.15,
            0.15,
            0.15,
            0.15,
            0.15,
            0.15,
            0.15,
            0.15,
            0.15,
            0.15
        ],
        [
            0.15,
            0.15,
            0.15,
            0.15,
            0.15,
            0.15,
            0.15,
            0.15,
            0.15,
            0.0,
            0.15,
            0.15,
            0.15,
            0.15,
            0.15,
            0.15,
            0.15,
            0.15,
            0.15,
            0.15,
            0.15
        ],
        [
            0.15,
            0.15,
            0.15,
            0.15,
            0.15,
            0.15,
            0.15,
            0.15,
            0.15,
            0.15,
            0.0,
            0.15,
            0.15,
            0.15,
            0.15,
            0.15,
            0.15,
            0.15,
            0.15,
            0.15,
            0.15
        ],
        [
            0.15,
            0.15,
            0.15,
            0.15,
            0.15,
            0.15,
            0.15,
            0.15,
            0.15,
            0.15,
            0.15,
            0.0,
            0.15,
            0.15,
            0.15,
            0.15,
            0.15,
            0.15,
            0.15,
            0.15,
            0.15
        ],
        [
            0.15,
            0.15,
            0.15,
            0.15,
            0.15,
            0.15,
            0.15,
            0.15,
            0.15,
            0.15,
            0.15,
            0.15,
            0.0,
            0.15,
            0.15,
            0.15,
            0.15,
            0.15,
            0.15,
            0.15,
            0.15
        ],
        [
            0.15,
            0.15,
            0.15,
            0.15,
            0.15,
            0.15,
            0.15,
            0.15,
            0.15,
            0.15,
            0.15,
            0.15,
            0.15,
            0.0,
            0.15,
            0.15,
            0.15,
            0.15,
            0.15,
            0.15,
            0.15
        ],
        [
            0.15,
            0.15,
            0.15,
            0.15,
            0.15,
            0.15,
            0.15,
            0.15,
            0.15,
            0.15,
            0.15,
            0.15,
            0.15,
            0.15,
            0.0,
            0.15,
            0.15,
            0.15,
            0.15,
            0.15,
            0.15
        ],
        [
            0.15,
            0.15,
            0.15,
            0.15,
            0.15,
            0.15,
            0.15,
            0.15,
            0.15,
            0.15,
            0.15,
            0.15,
            0.15,
            0.15,
            0.15,
            0.0,
            0.15,
            0.15,
            0.15,
            0.15,
            0.15
        ],
        [
            0.15,
            0.15,
            0.15,
            0.15,
            0.15,
            0.15,
            0.15,
            0.15,
            0.15,
            0.15,
            0.15,
            0.15,
            0.15,
            0.15,
            0.15,
            0.15,
            0.0,
            0.15,
            0.15,
            0.15,
            0.15
        ],
        [
            0.15,
            0.15,
            0.15,
            0.15,
            0.15,
            0.15,
            0.15,
            0.15,
            0.15,
            0.15,
            0.15,
            0.15,
            0.15,
            0.15,
            0.15,
            0.15,
            0.15,
            0.0,
            0.15,
            0.15,
            0.15
        ],
        [
            0.15,
            0.15,
            0.15,
            0.15,
            0.15,
            0.15,
            0.15,
            0.15,
            0.15,
            0.15,
            0.15,
            0.15,
            0.15,
            0.15,
            0.15,
            0.15,
            0.15,
            0.15,
            0.0,
            0.15,
            0.15
        ],
        [
            0.15,
            0.15,
            0.15,
            0.15,
            0.15,
            0.15,
            0.15,
            0.15,
            0.15,
            0.15,
            0.15,
            0.15,
            0.15,
            0.15,
            0.15,
            0.15,
            0.15,
            0.15,
            0.15,
            0.0,
            0.15
        ],
        [
            0.15,
            0.15,
            0.15,
            0.15,
            0.15,
            0.15,
            0.15,
            0.15,
            0.15,
            0.15,
            0.15,
            0.15,
            0.15,
            0.15,
            0.15,
            0.15,
            0.15,
            0.15,
            0.15,
            0.15,
            0.0
        ]
    ],
    "service_scv": [
        0.0,
        0.631,
        1.404,
        0.674,
        0.516,
        0.811,
        0.544,
        1.22,
        1.372,
        1.11,
        1.174,
        0.885,
        0.911,
        0.589,
        1.22,
        1.42,
        1.14,
        0.804,
        1.1,
        1.14,
        0.762
    ],
    "service": [
        0,
        56,
        43,
        36,
        47,
        34,
        38,
        57,
        34,
        34,
        41,
        50,
        48,
        32,
        60,
        39,
        39,
        39,
        53,
        46,
        49
    ]
}
