{
    "coords": [
        [
            0,
            0
        ],
        [
            27,
            11
        ],
        [
            19,
            3
        ],
        [
            17,
            35
        ],
        [
            38,
            40
        ],
        [
            24,
            27
        ],
        [
            47,
            31
        ],
        [
            33,
            8
        ],
        [
            46,
            27
        ],
        [
            3,
            8
        ],
        [
            44,
            25
        ],
        [
            39,
            17
        ],
        [
            4,
            48
        ],
        [
            47,
            25
        ],
        [
            14,
            10
        ],
        [
            35,
            12
        ],
        [
            9,
            27
        ],
        [
            46,
            42
        ],
        [
            14,
            16
        ],
        [
            23,
            45
        ],
        [
            37,
            12
        ]
    ],
    "dimension": 21,
    "distances": [
        [
            0.0,
            29.155,
            19.235,
            38.91,
            55.172,
            36.125,
            56.303,
            33.956,
            53.339,
            8.544,
            50.606,
            42.544,
            48.166,
            53.235,
            17.205,
            37.0,
            28.46,
            62.29,
            21.26,
            50.537,
            38.897
        ],
        [
            29.155,
            0.0,
            11.314,
            26.0,
            31.016,
            16.279,
            28.284,
            6.708,
            24.839,
            24.187,
            22.023,
            13.416,
            43.566,
            24.413,
            13.038,
            8.062,
            24.083,
            36.359,
            13.928,
            34.234,
            10.05
        ],
        [
            19.235,
            11.314,
            0.0,
            32.062,
            41.593,
            24.515,
            39.598,
            14.866,
            36.125,
            16.763,
            33.302,
            24.413,
            47.434,
            35.609,
            8.602,
            18.358,
            26.0,
            47.434,
            13.928,
            42.19,
            20.125
        ],
        [
            38.91,
            26.0,
            32.062,
            0.0,
            21.587,
            10.63,
            30.265,
            31.385,
            30.083,
            30.414,
            28.792,
            28.425,
            18.385,
            31.623,
            25.179,
            29.206,
            11.314,
            29.833,
            19.235,
            11.662,
            30.48
        ],
        [
            55.172,
            31.016,
            41.593,
            21.587,
            0.0,
            19.105,
            12.728,
            32.388,
            15.264,
            47.424,
            16.155,
            23.022,
            34.928,
            17.493,
            38.419,
            28.16,
            31.78,
            8.246,
            33.941,
            15.811,
            28.018
        ],
        [
            36.125,
            16.279,
            24.515,
            10.63,
            19.105,
            0.0,
            23.345,
            21.024,
            22.0,
            28.32,
            20.1,
            18.028,
            29.0,
            23.087,
            19.723,
            18.601,
            15.0,
            26.627,
            14.866,
            18.028,
            19.849
        ],
        [
            56.303,
            28.284,
            39.598,
            30.265,
            12.728,
            23.345,
            0.0,
            26.926,
            4.123,
            49.649,
            6.708,
            16.125,
            46.239,
            6.0,
            39.115,
            22.472,
            38.21,
            11.045,
            36.249,
            27.785,
            21.471
        ],
        [
            33.956,
            6.708,
            14.866,
            31.385,
            32.388,
            21.024,
            26.926,
            0.0,
            23.022,
            30.0,
            20.248,
            10.817,
            49.406,
            22.023,
            19.105,
            4.472,
            30.61,
            36.401,
            20.616,
            38.328,
            5.657
        ],
        [
            53.339,
            24.839,
            36.125,
            30.083,
            15.264,
            22.0,
            4.123,
            23.022,
            0.0,
            47.011,
            2.828,
            12.207,
            46.957,
            2.236,
            36.235,
            18.601,
            37.0,
            15.0,
            33.838,
            29.206,
            17.493
        ],
        [
            8.544,
            24.187,
            16.763,
            30.414,
            47.424,
            28.32,
            49.649,
            30.0,
            47.011,
            0.0,
            44.385,
            37.108,
            40.012,
            47.17,
            11.18,
            32.249,
            19.925,
            54.818,
            13.601,
            42.059,
            34.234
        ],
        [
            50.606,
            22.023,
            33.302,
            28.792,
            16.155,
            20.1,
            6.708,
            20.248,
            2.828,
            44.385,
            0.0,
            9.434,
            46.141,
            3.0,
            33.541,
            15.811,
            35.057,
            17.117,
            31.321,
            29.0,
            14.765
        ],
        [
            42.544,
            13.416,
            24.413,
            28.425,
            23.022,
            18.028,
            16.125,
            10.817,
            12.207,
            37.108,
            9.434,
            0.0,
            46.755,
            11.314,
            25.962,
            6.403,
            31.623,
            25.962,
            25.02,
            32.249,
            5.385
        ],
        [
            48.166,
            43.566,
            47.434,
            18.385,
            34.928,
            29.0,
            46.239,
            49.406,
            46.957,
            40.012,
            46.141,
            46.755,
            0.0,
            48.765,
            39.294,
            47.508,
            21.587,
            42.426,
            33.526,
            19.235,
            48.836
        ],
        [
            53.235,
            24.413,
            35.609,
            31.623,
            17.493,
            23.087,
            6.0,
            22.023,
            2.236,
            47.17,
            3.0,
            11.314,
            48.765,
            0.0,
            36.249,
            17.692,
            38.053,
            17.029,
            34.205,
            31.241,
            16.401
        ],
        [
            17.205,
            13.038,
            8.602,
            25.179,
            38.419,
            19.723,
            39.115,
            19.105,
            36.235,
            11.18,
            33.541,
            25.962,
            39.294,
            36.249,
            0.0,
            21.095,
            17.72,
            45.255,
            6.0,
            36.139,
            23.087
        ],
        [
            37.0,
            8.062,
            18.358,
            29.206,
            28.16,
            18.601,
            22.472,
            4.472,
            18.601,
            32.249,
            15.811,
            6.403,
            47.508,
            17.692,
            21.095,
            0.0,
            30.017,
            31.953,
            21.378,
            35.114,
            2.0
        ],
        [
            28.46,
            24.083,
            26.0,
            11.314,
            31.78,
            15.0,
            38.21,
            30.61,
            37.0,
            19.925,
            35.057,
            31.623,
            21.587,
            38.053,
            17.72,
            30.017,
            0.0,
            39.925,
            12.083,
            22.804,
            31.765
        ],
        [
            62.29,
            36.359,
            47.434,
            29.833,
            8.246,
            26.627,
            11.045,
            36.401,
            15.0,
            54.818,
            17.117,
            25.962,
            42.426,
            17.029,
            45.255,
            31.953,
            39.925,
            0.0,
            41.231,
            23.195,
            31.321
        ],
        [
            21.26,
            13.928,
            13.928,
            19.235,
            33.941,
            14.866,
            36.249,
            20.616,
            33.838,
            13.601,
            31.321,
            25.02,
            33.526,
            34.205,
            6.0,
            21.378,
            12.083,
            41.231,
            0.0,
            30.364,
            23.345
        ],
        [
            50.537,
            34.234,
            42.19,
            11.662,
            15.811,
            18.028,
            27.785,
            38.328,
            29.206,
            42.059,
            29.0,
            32.249,
            19.235,
            31.241,
            36.139,
            35.114,
            22.804,
            23.195,
            30.364,
            0.0,
            35.847
        ],
        [
            38.897,
            10.05,
            20.125,
            30.48,
            28.018,
            19.849,
            21.471,
            5.657,
            17.493,
            34.234,
            14.765,
            5.385,
            48.836,
            16.401,
            23.087,
            2.0,
            31.765,
            31.321,
            23.345,
            35.847,
            0.0
        ]
    ],
    "distances_scv": [
        [
            0.0,
            0.15,
            0.15,
            0.15,
            0.15,
            0.15,
            0.15,
            0.15,
            0.15,
            0.15,
            0.15,
            0.15,
            0.15,
            0.15,
            0.15,
            0.15,
            0.15,
            0.15,
            0.15,
            0.15,
            0.15
        ],
        [
            0.15,
            0.0,
            0.15,
            0.15,
            0.15,
            0.15,
            0.15,
            0.15,
            0.15,
            0.15,
            0.15,
            0.15,
            0.15,
            0.15,
            0.15,
            0.15,
            0.15,
            0.15,
            0.15,
            0.15,
            0.15
        ],
        [
            0.15,
            0.15,
            0.0,
            0.15,
            0.15,
            0.15,
            0.15,
            0.15,
            0.15,
            0.15,
            0.15,
            0.15,
            0.15,
            0.15,
            0.15,
            0.15,
            0.15,
            0.15,
            0.15,
            0.15,
            0.15
        ],
        [
            0.15,
            0.15,
            0.15,
            0.0,
            0.15,
            0.15,
            0.15,
            0.15,
            0.15,
            0.15,
            0.15,
            0.15,
            0.15,
            0.15,
            0.15,
            0.15,
            0.15,
            0.15,
            0.15,
            0.15,
            0.15
        ],
        [
            0.15,
            0.15,
            0.15,
            0.15,
            0.0,
            0.15,
            0.15,
            0.15,
            0.15,
            0.15,
            0.15,
            0.15,
            0.15,
            0.15,
            0.15,
            0.15,
            0.15,
            0.15,
            0.15,
            0.15,
            0.15
        ],
        [
            0.15,
            0.15,
            0.15,
            0.15,
            0.15,
            0.0,
            0.15,
            0.15,
            0.15,
            0.15,
            0.15,
            0.15,
            0.15,
            0.15,
            0.15,
            0.15,
            0.15,
            0.15,
            0.15,
            0.15,
            0.15
        ],
        [
            0.15,
            0.15,
            0.15,
            0.15,
            0.15,
            0.15,
            0.0,
            0.15,
            0.15,
            0.15,
            0.15,
            0.15,
            0.15,
            0.15,
            0.15,
            0.15,
            0.15,
            0.15,
            0.15,
            0.15,
            0.15
        ],
        [
            0.15,
            0.15,
            0.15,
            0.15,
            0.15,
            0.15,
            0.15,
            0.0,
            0.15,
            0.15,
            0.15,
            0.15,
            0.15,
            0.15,
            0.15,
            0.15,
            0.15,
            0.15,
            0.15,
            0.15,
            0.15
        ],
        [
            0.15,
            0.15,
            0.15,
            0.15,
            0.15,
            0.15,
            0.15,
            0.15,
            0.0,
            0.15,
            0.15,
            0.15,
            0.15,
            0.15,
            0.15,
            0.15,
            0.15,
            0.15,
            0.15,
            0.15,
            0.15
        ],
        [
            0.15,
            0.15,
            0.15,
            0.15,
            0.15,
            0.15,
            0.15,
            0.15,
            0.15,
            0.0,
            0.15,
            0.15,
            0.15,
            0.15,
            0.15,
            0.15,
            0.15,
            0.15,
            0.15,
            0.15,
            0.15
        ],
        [
            0.15,
            0.15,
            0.15,
            0.15,
            0.15,
            0.15,
            0.15,
            0.15,
            0.15,
            0.15,
            0.0,
            0.15,
            0.15,
            0.15,
            0.15,
            0.15,
            0.15,
            0.15,
            0.15,
            0.15,
            0.15
        ],
        [
            0.15,
            0.15,
            0.15,
            0.15,
            0.15,
            0.15,
            0.15,
            0.15,
            0.15,
            0.15,
            0.15,
            0.0,
            0.15,
            0.15,
            0.15,
            0.15,
            0.15,
            0.15,
            0.15,
            0.15,
            0.15
        ],
        [
            0.15,
            0.15,
            0.15,
            0.15,
            0.15,
            0.15,
            0.15,
            0.15,
            0.15,
            0.15,
            0.15,
            0.15,
            0.0,
            0.15,
            0.15,
            0.15,
            0.15,
            0.15,
            0.15,
            0.15,
            0.15
        ],
        [
            0.15,
            0.15,
            0.15,
            0.15,
            0.15,
            0.15,
            0.15,
            0.15,
            0.15,
            0.15,
            0.15,
            0.15,
            0.15,
            0.0,
            0.15,
            0.15,
            0.15,
            0.15,
            0.15,
            0.15,
            0.15
        ],
        [
            0.15,
            0.15,
            0.15,
            0.15,
            0.15,
            0.15,
            0.15,
            0.15,
            0.15,
            0.15,
            0.15,
            0.15,
            0.15,
            0.15,
            0.0,
            0.15,
            0.15,
            0.15,
            0.15,
            0.15,
            0.15
        ],
        [
            0.15,
            0.15,
            0.15,
            0.15,
            0.15,
            0.15,
            0.15,
            0.15,
            0.15,
            0.15,
            0.15,
            0.15,
            0.15,
            0.15,
            0.15,
            0.0,
            0.15,
            0.15,
            0.15,
            0.15,
            0.15
        ],
        [
            0.15,
            0.15,
            0.15,
            0.15,
            0.15,
            0.15,
            0.15,
            0.15,
            0.15,
            0.15,
            0.15,
            0.15,
            0.15,
            0.15,
            0.15,
            0.15,
            0.0,
            0.15,
            0.15,
            0.15,
            0.15
        ],
        [
            0.15,
            0.15,
            0.15,
            0.15,
            0.15,
            0.15,
            0.15,
            0.15,
            0.15,
            0.15,
            0.15,
            0.15,
            0.15,
            0.15,
            0.15,
            0.15,
            0.15,
            0.0,
            0.15,
            0.15,
            0.15
        ],
        [
            0.15,
            0.15,
            0.15,
            0.15,
            0.15,
            0.15,
            0.15,
            0.15,
            0.15,
            0.15,
            0.15,
            0.15,
            0.15,
            0.15,
            0.15,
            0.15,
            0.15,
            0.15,
            0.0,
            0.15,
            0.15
        ],
        [
            0.15,
            0.15,
            0.15,
            0.15,
            0.15,
            0.15,
            0.15,
            0.15,
            0.15,
            0.15,
            0.15,
            0.15,
            0.15,
            0.15,
            0.15,
            0.15,
            0.15,
            0.15,
            0.15,
            0.0,
            0.15
        ],
        [
            0.15,
            0.15,
            0.15,
            0.15,
            0.15,
            0.15,
            0.15,
            0.15,
            0.15,
            0.15,
            0.15,
            0.15,
            0.15,
            0.15,
            0.15,
            0.15,
            0.15,
            0.15,
            0.15,
            0.15,
            0.0
        ]
    ],
    "service_scv": [
        0.0,
        0.161,
        0.461,
        0.271,
        0.478,
        0.457,
        0.455,
        0.234,
        0.245,
        0.163,
        0.369,
        0.161,
        0.43,
        0.261,
        0.423,
        0.402,
        0.398,
        0.207,
        0.344,
        0.324,
        0.187
    ],
    "service": [
        0,
        39,
        36,
        33,
        51,
        55,
        42,
        31,
        50,
        32,
        42,
        59,
        50,
        49,
        55,
        53,
        50,
        32,
        42,
        36,
        41
    ]
}
