{
    "coords": [
        [
            0,
            0
        ],
        [
            13,
            23
        ],
        [
            44,
            6
        ],
        [
            12,
            26
        ],
        [
            12,
            20
        ],
        [
            17,
            3
        ],
        [
            1,
            4
        ],
        [
            33,
            49
        ],
        [
            46,
            34
        ],
        [
            46,
            22
        ],
        [
            27,
            32
        ],
        [
            20,
            13
        ],
        [
            35,
            15
        ],
        [
            27,
            3
        ],
        [
            10,
            2
        ],
        [
            30,
            40
        ],
        [
            43,
            40
        ],
        [
            46,
            0
        ],
        [
            38,
            16
        ],
        [
            32,
            4
        ],
        [
            10,
            23
        ]
    ],
    "dimension": 21,
    "distances": [
        [
            0.0,
            26.42,
            44.407,
            28.636,
            23.324,
            17.263,
            4.123,
            59.076,
            57.201,
            50.99,
            41.869,
            23.854,
            38.079,
            27.166,
            10.198,
            50.0,
            58.728,
            46.0,
            41.231,
            32.249,
            25.08
        ],
        [
            26.42,
            0.0,
            35.355,
            3.162,
            3.162,
            20.396,
            22.472,
            32.802,
            34.785,
            33.015,
            16.643,
            12.207,
            23.409,
            24.413,
            21.213,
            24.042,
            34.482,
            40.224,
            25.962,
            26.87,
            3.0
        ],
        [
            44.407,
            35.355,
            0.0,
            37.736,
            34.928,
            27.166,
            43.046,
            44.385,
            28.071,
            16.125,
            31.064,
            25.0,
            12.728,
            17.263,
            34.234,
            36.77,
            34.015,
            6.325,
            11.662,
            12.166,
            38.013
        ],
        [
            28.636,
            3.162,
            37.736,
            0.0,
            6.0,
            23.537,
            24.597,
            31.145,
            34.928,
            34.234,
            16.155,
            15.264,
            25.495,
            27.459,
            24.083,
            22.804,
            34.015,
            42.802,
            27.857,
            29.732,
            3.606
        ],
        [
            23.324,
            3.162,
            34.928,
            6.0,
            0.0,
            17.72,
            19.416,
            35.805,
            36.77,
            34.059,
            19.209,
            10.63,
            23.537,
            22.672,
            18.111,
            26.907,
            36.892,
            39.446,
            26.306,
            25.612,
            3.606
        ],
        [
            17.263,
            20.396,
            27.166,
            23.537,
            17.72,
            0.0,
            16.031,
            48.703,
            42.45,
            34.67,
            30.676,
            10.44,
            21.633,
            10.0,
            7.071,
            39.217,
            45.222,
            29.155,
            24.698,
            15.033,
            21.19
        ],
        [
            4.123,
            22.472,
            43.046,
            24.597,
            19.416,
            16.031,
            0.0,
            55.218,
            54.083,
            48.466,
            38.21,
            21.024,
            35.735,
            26.019,
            9.22,
            46.228,
            55.317,
            45.177,
            38.897,
            31.0,
            21.024
        ],
        [
            59.076,
            32.802,
            44.385,
            31.145,
            35.805,
            48.703,
            55.218,
            0.0,
            19.849,
            29.967,
            18.028,
            38.275,
            34.059,
            46.39,
            52.326,
            9.487,
            13.454,
            50.695,
            33.377,
            45.011,
            34.713
        ],
        [
            57.201,
            34.785,
            28.071,
            34.928,
            36.77,
            42.45,
            54.083,
            19.849,
            0.0,
            12.0,
            19.105,
            33.422,
            21.954,
            36.359,
            48.166,
            17.088,
            6.708,
            34.0,
            19.698,
            33.106,
            37.643
        ],
        [
            50.99,
            33.015,
            16.125,
            34.234,
            34.059,
            34.67,
            48.466,
            29.967,
            12.0,
            0.0,
            21.471,
            27.514,
            13.038,
            26.87,
            41.183,
            24.083,
            18.248,
            22.0,
            10.0,
            22.804,
            36.014
        ],
        [
            41.869,
            16.643,
            31.064,
            16.155,
            19.209,
            30.676,
            38.21,
            18.028,
            19.105,
            21.471,
            0.0,
            20.248,
            18.788,
            29.0,
            34.482,
            8.544,
            17.889,
            37.216,
            19.416,
            28.443,
            19.235
        ],
        [
            23.854,
            12.207,
            25.0,
            15.264,
            10.63,
            10.44,
            21.024,
            38.275,
            33.422,
            27.514,
            20.248,
            0.0,
            15.133,
            12.207,
            14.866,
            28.792,
            35.468,
            29.069,
            18.248,
            15.0,
            14.142
        ],
        [
            38.079,
            23.409,
            12.728,
            25.495,
            23.537,
            21.633,
            35.735,
            34.059,
            21.954,
            13.038,
            18.788,
            15.133,
            0.0,
            14.422,
            28.178,
            25.495,
            26.249,
            18.601,
            3.162,
            11.402,
            26.249
        ],
        [
            27.166,
            24.413,
            17.263,
            27.459,
            22.672,
            10.0,
            26.019,
            46.39,
            36.359,
            26.87,
            29.0,
            12.207,
            14.422,
            0.0,
            17.029,
            37.121,
            40.311,
            19.235,
            17.029,
            5.099,
            26.249
        ],
        [
            10.198,
            21.213,
            34.234,
            24.083,
            18.111,
            7.071,
            9.22,
            52.326,
            48.166,
            41.183,
            34.482,
            14.866,
            28.178,
            17.029,
            0.0,
            42.942,
            50.329,
            36.056,
            31.305,
            22.091,
            21.0
        ],
        [
            50.0,
            24.042,
            36.77,
            22.804,
            26.907,
            39.217,
            46.228,
            9.487,
            17.088,
            24.083,
            8.544,
            28.792,
            25.495,
            37.121,
            42.942,
            0.0,
            13.0,
            43.081,
            25.298,
            36.056,
            26.249
        ],
        [
            58.728,
            34.482,
            34.015,
            34.015,
            36.892,
            45.222,
            55.317,
            13.454,
            6.708,
            18.248,
            17.889,
            35.468,
            26.249,
            40.311,
            50.329,
            13.0,
            0.0,
            40.112,
            24.515,
            37.643,
            37.121
        ],
        [
            46.0,
            40.224,
            6.325,
            42.802,
            39.446,
            29.155,
            45.177,
            50.695,
            34.0,
            22.0,
            37.216,
            29.069,
            18.601,
            19.235,
            36.056,
            43.081,
            40.112,
            0.0,
            17.889,
            14.56,
            42.72
        ],
        [
            41.231,
            25.962,
            11.662,
            27.857,
            26.306,
            24.698,
            38.897,
            33.377,
            19.698,
            10.0,
            19.416,
            18.248,
            3.162,
            17.029,
            31.305,
            25.298,
            24.515,
            17.889,
            0.0,
            13.416,
            28.862
        ],
        [
            32.249,
            26.87,
            12.166,
            29.732,
            25.612,
            15.033,
            31.0,
            45.011,
            33.106,
            22.804,
            28.443,
            15.0,
            11.402,
            5.099,
            22.091,
            36.056,
            37.643,
            14.56,
            13.416,
            0.0,
            29.069
        ],
        [
            25.08,
            3.0,
            38.013,
            3.606,
            3.606,
            21.19,
            21.024,
            34.713,
            37.643,
            36.014,
            19.235,
            14.142,
            26.249,
            26.249,
            21.0,
            26.249,
            37.121,
            42.72,
            28.862,
            29.069,
            0.0
        ]
    ],
    "distances_scv": [
        [
            0.0,
            0.15,
            0.15,
            0.15,
            0.15,
            0.15,
            0.15,
            0.15,
            0.15,
            0.15,
            0.15,
            0.15,
            0.15,
            0.15,
            0.15,
            0.15,
            0.15,
            0.15,
            0.15,
            0.15,
            0.15
        ],
        [
            0.15,
            0.0,
            0.15,
            0.15,
            0.15,
            0.15,
            0.15,
            0.15,
            0.15,
            0.15,
            0.15,
            0.15,
            0.15,
            0.15,
            0.15,
            0.15,
            0.15,
            0.15,
            0.15,
            0.15,
            0.15
        ],
        [
            0.15,
            0.15,
            0.0,
            0.15,
            0.15,
            0.15,
            0.15,
            0.15,
            0.15,
            0.15,
            0.15,
            0.15,
            0.15,
            0.15,
            0.15,
            0.15,
            0.15,
            0.15,
            0.15,
            0.15,
            0.15
        ],
        [
            0.15,
            0.15,
            0.15,
            0.0,
            0.15,
            0.15,
            0.15,
            0.15,
            0.15,
            0.15,
            0.15,
            0.15,
            0.15,
            0.15,
            0.15,
            0.15,
            0.15,
            0.15,
            0.15,
            0.15,
            0.15
        ],
        [
            0.15,
            0.15,
            0.15,
            0.15,
            0.0,
            0.15,
            0.15,
            0.15,
            0.15,
            0.15,
            0.15,
            0.15,
            0.15,
            0.15,
            0.15,
            0.15,
            0.15,
            0.15,
            0.15,
            0.15,
            0.15
        ],
        [
            0.15,
            0.15,
            0.15,
            0.15,
            0.15,
            0.0,
            0.15,
            0.15,
            0.15,
            0.15,
            0.15,
            0.15,
            0.15,
            0.15,
            0.15,
            0.15,
            0.15,
            0.15,
            0.15,
            0.15,
            0.15
        ],
        [
            0.15,
            0.15,
            0.15,
            0.15,
            0.15,
            0.15,
            0.0,
            0.15,
            0.15,
            0.15,
            0.15,
            0.15,
            0.15,
            0.15,
            0.15,
            0.15,
            0.15,
            0.15,
            0.15,
            0.15,
            0.15
        ],
        [
            0.15,
            0.15,
            0.15,
            0.15,
            0.15,
            0.15,
            0.15,
            0.0,
            0.15,
            0.15,
            0.15,
            0.15,
            0.15,
            0.15,
            0.15,
            0.15,
            0.15,
            0.15,
            0.15,
            0.15,
            0.15
        ],
        [
            0.15,
            0.15,
            0.15,
            0.15,
            0.15,
            0.15,
            0.15,
            0.15,
            0.0,
            0.15,
            0.15,
            0.15,
            0.15,
            0.15,
            0.15,
            0.15,
            0.15,
            0.15,
            0.15,
            0.15,
            0.15
        ],
        [
            0.15,
            0.15,
            0.15,
            0.15,
            0.15,
            0.15,
            0.15,
            0.15,
            0.15,
            0.0,
            0.15,
            0.15,
            0.15,
            0.15,
            0.15,
            0.15,
            0.15,
            0.15,
            0.15,
            0.15,
            0.15
        ],
        [
            0.15,
            0.15,
            0.15,
            0.15,
            0.15,
            0.15,
            0.15,
            0.15,
            0.15,
            0.15,
            0.0,
            0.15,
            0.15,
            0.15,
            0.15,
            0.15,
            0.15,
            0.15,
            0.15,
            0.15,
            0.15
        ],
        [
            0.15,
            0.15,
            0.15,
            0.15,
            0.15,
            0.15,
            0.15,
            0.15,
            0.15,
            0.15,
            0.15,
            0.0,
            0.15,
            0.15,
            0.15,
            0.15,
            0.15,
            0.15,
            0.15,
            0.15,
            0.15
        ],
        [
            0.15,
            0.15,
            0.15,
            0.15,
            0.15,
            0.15,
            0.15,
            0.15,
            0.15,
            0.15,
            0.15,
            0.15,
            0.0,
            0.15,
            0.15,
            0.15,
            0.15,
            0.15,
            0.15,
            0.15,
            0.15
        ],
        [
            0.15,
            0.15,
            0.15,
            0.15,
            0.15,
            0.15,
            0.15,
            0.15,
            0.15,
            0.15,
            0.15,
            0.15,
            0.15,
            0.0,
            0.15,
            0.15,
            0.15,
            0.15,
            0.15,
            0.15,
            0.15
        ],
        [
            0.15,
            0.15,
            0.15,
            0.15,
            0.15,
            0.15,
            0.15,
            0.15,
            0.15,
            0.15,
            0.15,
            0.15,
            0.15,
            0.15,
            0.0,
            0.15,
            0.15,
            0.15,
            0.15,
            0.15,
            0.15
        ],
        [
            0.15,
            0.15,
            0.15,
            0.15,
            0.15,
            0.15,
            0.15,
            0.15,
            0.15,
            0.15,
            0.15,
            0.15,
            0.15,
            0.15,
            0.15,
            0.0,
            0.15,
            0.15,
            0.15,
            0.15,
            0.15
        ],
        [
            0.15,
            0.15,
            0.15,
            0.15,
            0.15,
            0.15,
            0.15,
            0.15,
            0.15,
            0.15,
            0.15,
            0.15,
            0.15,
            0.15,
            0.15,
            0.15,
            0.0,
            0.15,
            0.15,
            0.15,
            0.15
        ],
        [
            0.15,
            0.15,
            0.15,
            0.15,
            0.15,
            0.15,
            0.15,
            0.15,
            0.15,
            0.15,
            0.15,
            0.15,
            0.15,
            0.15,
            0.15,
            0.15,
            0.15,
            0.0,
            0.15,
            0.15,
            0.15
        ],
        [
            0.15,
            0.15,
            0.15,
            0.15,
            0.15,
            0.15,
            0.15,
            0.15,
            0.15,
            0.15,
            0.15,
            0.15,
            0.15,
            0.15,
            0.15,
            0.15,
            0.15,
            0.15,
            0.0,
            0.15,
            0.15
        ],
        [
            0.15,
            0.15,
            0.15,
            0.15,
            0.15,
            0.15,
            0.15,
            0.15,
            0.15,
            0.15,
            0.15,
            0.15,
            0.15,
            0.15,
            0.15,
            0.15,
            0.15,
            0.15,
            0.15,
            0.0,
            0.15
        ],
        [
            0.15,
            0.15,
            0.15,
            0.15,
            0.15,
            0.15,
            0.15,
            0.15,
            0.15,
            0.15,
            0.15,
            0.15,
            0.15,
            0.15,
            0.15,
            0.15,
            0.15,
            0.15,
            0.15,
            0.15,
            0.0
        ]
    ],
    "service_scv": [
        0.0,
        0.473,
        0.457,
        0.46,
        0.274,
        0.435,
        0.426,
        0.39,
        0.375,
        0.258,
        0.345,
        0.476,
        0.492,
        0.335,
        0.408,
        0.489,
        0.251,
        0.322,
        0.452,
        0.154,
        0.207
    ],
    "service": [
        0,
        43,
        38,
        32,
        32,
        39,
        32,
        53,
        54,
        51,
        34,
        47,
        54,
        60,
        42,
        48,
        59,
        37,
        59,
        41,
        44
    ]
}
