{
    "coords": [
        [
            0,
            0
        ],
        [
            19,
            30
        ],
        [
            23,
            35
        ],
        [
            17,
            4
        ],
        [
            14,
            31
        ],
        [
            31,
            49
        ],
        [
            12,
            21
        ],
        [
            47,
            5
        ],
        [
            35,
            47
        ],
        [
            45,
            33
        ],
        [
            44,
            9
        ],
        [
            37,
            33
        ],
        [
            25,
            49
        ],
        [
            42,
            10
        ],
        [
            49,
            42
        ],
        [
            18,
            34
        ],
        [
            39,
            11
        ],
        [
            13,
            9
        ],
        [
            23,
            47
        ],
        [
            19,
            17
        ],
        [
            46,
            22
        ]
    ],
    "dimension": 21,
    "distances": [
        [
            0.0,
            35.511,
            41.881,
            17.464,
            34.015,
            57.983,
            24.187,
            47.265,
            58.6,
            55.803,
            44.911,
            49.578,
            55.009,
            43.174,
            64.537,
            38.471,
            40.522,
            15.811,
            52.326,
            25.495,
            50.99
        ],
        [
            35.511,
            0.0,
            6.403,
            26.077,
            5.099,
            22.472,
            11.402,
            37.537,
            23.345,
            26.173,
            32.65,
            18.248,
            19.925,
            30.48,
            32.311,
            4.123,
            27.586,
            21.84,
            17.464,
            13.0,
            28.16
        ],
        [
            41.881,
            6.403,
            0.0,
            31.575,
            9.849,
            16.125,
            17.804,
            38.419,
            16.971,
            22.091,
            33.422,
            14.142,
            14.142,
            31.401,
            26.926,
            5.099,
            28.844,
            27.857,
            12.0,
            18.439,
            26.42
        ],
        [
            17.464,
            26.077,
            31.575,
            0.0,
            27.166,
            47.127,
            17.72,
            30.017,
            46.615,
            40.311,
            27.459,
            35.228,
            45.706,
            25.71,
            49.679,
            30.017,
            23.087,
            6.403,
            43.417,
            13.153,
            34.132
        ],
        [
            34.015,
            5.099,
            9.849,
            27.166,
            0.0,
            24.759,
            10.198,
            42.012,
            26.401,
            31.064,
            37.202,
            23.087,
            21.095,
            35.0,
            36.688,
            5.0,
            32.016,
            22.023,
            18.358,
            14.866,
            33.242
        ],
        [
            57.983,
            22.472,
            16.125,
            47.127,
            24.759,
            0.0,
            33.838,
            46.819,
            4.472,
            21.26,
            42.059,
            17.088,
            6.0,
            40.522,
            19.313,
            19.849,
            38.833,
            43.863,
            8.246,
            34.176,
            30.887
        ],
        [
            24.187,
            11.402,
            17.804,
            17.72,
            10.198,
            33.838,
            0.0,
            38.484,
            34.713,
            35.114,
            34.176,
            27.731,
            30.871,
            31.953,
            42.544,
            14.318,
            28.792,
            12.042,
            28.231,
            8.062,
            34.015
        ],
        [
            47.265,
            37.537,
            38.419,
            30.017,
            42.012,
            46.819,
            38.484,
            0.0,
            43.681,
            28.071,
            5.0,
            29.732,
            49.193,
            7.071,
            37.054,
            41.012,
            10.0,
            34.234,
            48.374,
            30.463,
            17.029
        ],
        [
            58.6,
            23.345,
            16.971,
            46.615,
            26.401,
            4.472,
            34.713,
            43.681,
            0.0,
            17.205,
            39.051,
            14.142,
            10.198,
            37.656,
            14.866,
            21.401,
            36.222,
            43.909,
            12.0,
            34.0,
            27.313
        ],
        [
            55.803,
            26.173,
            22.091,
            40.311,
            31.064,
            21.26,
            35.114,
            28.071,
            17.205,
            0.0,
            24.021,
            8.0,
            25.612,
            23.195,
            9.849,
            27.019,
            22.804,
            40.0,
            26.077,
            30.529,
            11.045
        ],
        [
            44.911,
            32.65,
            33.422,
            27.459,
            37.202,
            42.059,
            34.176,
            5.0,
            39.051,
            24.021,
            0.0,
            25.0,
            44.283,
            2.236,
            33.377,
            36.069,
            5.385,
            31.0,
            43.417,
            26.249,
            13.153
        ],
        [
            49.578,
            18.248,
            14.142,
            35.228,
            23.087,
            17.088,
            27.731,
            29.732,
            14.142,
            8.0,
            25.0,
            0.0,
            20.0,
            23.537,
            15.0,
            19.026,
            22.091,
            33.941,
            19.799,
            24.083,
            14.213
        ],
        [
            55.009,
            19.925,
            14.142,
            45.706,
            21.095,
            6.0,
            30.871,
            49.193,
            10.198,
            25.612,
            44.283,
            20.0,
            0.0,
            42.544,
            25.0,
            16.553,
            40.497,
            41.761,
            2.828,
            32.558,
            34.205
        ],
        [
            43.174,
            30.48,
            31.401,
            25.71,
            35.0,
            40.522,
            31.953,
            7.071,
            37.656,
            23.195,
            2.236,
            23.537,
            42.544,
            0.0,
            32.757,
            33.941,
            3.162,
            29.017,
            41.593,
            24.042,
            12.649
        ],
        [
            64.537,
            32.311,
            26.926,
            49.679,
            36.688,
            19.313,
            42.544,
            37.054,
            14.866,
            9.849,
            33.377,
            15.0,
            25.0,
            32.757,
            0.0,
            32.016,
            32.573,
            48.836,
            26.476,
            39.051,
            20.224
        ],
        [
            38.471,
            4.123,
            5.099,
            30.017,
            5.0,
            19.849,
            14.318,
            41.012,
            21.401,
            27.019,
            36.069,
            19.026,
            16.553,
            33.941,
            32.016,
            0.0,
            31.145,
            25.495,
            13.928,
            17.029,
            30.463
        ],
        [
            40.522,
            27.586,
            28.844,
            23.087,
            32.016,
            38.833,
            28.792,
            10.0,
            36.222,
            22.804,
            5.385,
            22.091,
            40.497,
            3.162,
            32.573,
            31.145,
            0.0,
            26.077,
            39.395,
            20.881,
            13.038
        ],
        [
            15.811,
            21.84,
            27.857,
            6.403,
            22.023,
            43.863,
            12.042,
            34.234,
            43.909,
            40.0,
            31.0,
            33.941,
            41.761,
            29.017,
            48.836,
            25.495,
            26.077,
            0.0,
            39.294,
            10.0,
            35.468
        ],
        [
            52.326,
            17.464,
            12.0,
            43.417,
            18.358,
            8.246,
            28.231,
            48.374,
            12.0,
            26.077,
            43.417,
            19.799,
            2.828,
            41.593,
            26.476,
            13.928,
            39.395,
            39.294,
            0.0,
            30.265,
            33.971
        ],
        [
            25.495,
            13.0,
            18.439,
            13.153,
            14.866,
            34.176,
            8.062,
            30.463,
            34.0,
            30.529,
            26.249,
            24.083,
            32.558,
            24.042,
            39.051,
            17.029,
            20.881,
            10.0,
            30.265,
            0.0,
            27.459
        ],
        [
            50.99,
            28.16,
            26.42,
            34.132,
            33.242,
            30.887,
            34.015,
            17.029,
            27.313,
            11.045,
            13.153,
            14.213,
            34.205,
            12.649,
            20.224,
            30.463,
            13.038,
            35.468,
            33.971,
            27.459,
            0.0
        ]
    ],
    "distances_scv": [
        [
            0.0,
            0.15,
            0.15,
            0.15,
            0.15,
            0.15,
            0.15,
            0.15,
            0.15,
            0.15,
            0.15,
            0.15,
            0.15,
            0.15,
            0.15,
            0.15,
            0.15,
            0.15,
            0.15,
            0.15,
            0.15
        ],
        [
            0.15,
            0.0,
            0.15,
            0.15,
            0.15,
            0.15,
            0.15,
            0.15,
            0.15,
            0.15,
            0.15,
            0.15,
            0.15,
            0.15,
            0.15,
            0.15,
            0.15,
            0.15,
            0.15,
            0.15,
            0.15
        ],
        [
            0.15,
            0.15,
            0.0,
            0.15,
            0.15,
            0.15,
            0.15,
            0.15,
            0.15,
            0.15,
            0.15,
            0.15,
            0.15,
            0.15,
            0.15,
            0.15,
            0.15,
            0.15,
            0.15,
            0.15,
            0.15
        ],
        [
            0.15,
            0.15,
            0.15,
            0.0,
            0.15,
            0.15,
            0.15,
            0.15,
            0.15,
            0.15,
            0.15,
            0.15,
            0.15,
            0.15,
            0.15,
            0.15,
            0.15,
            0.15,
            0.15,
            0.15,
            0.15
        ],
        [
            0.15,
            0.15,
            0.15,
            0.15,
            0.0,
            0.15,
            0.15,
            0.15,
            0.15,
            0.15,
            0.15,
            0.15,
            0.15,
            0.15,
            0.15,
            0.15,
            0.15,
            0.15,
            0.15,
            0.15,
            0.15
        ],
        [
            0.15,
            0.15,
            0.15,
            0.15,
            0.15,
            0.0,
            0.15,
            0.15,
            0.15,
            0.15,
            0.15,
            0.15,
            0.15,
            0.15,
            0.15,
            0.15,
            0.15,
            0.15,
            0.15,
            0.15,
            0.15
        ],
        [
            0.15,
            0.15,
            0.15,
            0.15,
            0.15,
            0.15,
            0.0,
            0.15,
            0.15,
            0.15,
            0.15,
            0.15,
            0.15,
            0.15,
            0.15,
            0.15,
            0.15,
            0.15,
            0.15,
            0.15,
            0.15
        ],
        [
            0.15,
            0.15,
            0.15,
            0.15,
            0.15,
            0.15,
            0.15,
            0.0,
            0.15,
            0.15,
            0.15,
            0.15,
            0.15,
            0.15,
            0.15,
            0.15,
            0.15,
            0.15,
            0.15,
            0.15,
            0.15
        ],
        [
            0.15,
            0.15,
            0.15,
            0.15,
            0.15,
            0.15,
            0.15,
            0.15,
            0.0,
            0.15,
            0.15,
            0.15,
            0.15,
            0.15,
            0.15,
            0.15,
            0.15,
            0.15,
            0.15,
            0.15,
            0.15
        ],
        [
            0.15,
            0.15,
            0.15,
            0.15,
            0.15,
            0.15,
            0.15,
            0.15,
            0.15,
            0.0,
            0.15,
            0.15,
            0.15,
            0.15,
            0.15,
            0.15,
            0.15,
            0.15,
            0.15,
            0.15,
            0.15
        ],
        [
            0.15,
            0.15,
            0.15,
            0.15,
            0.15,
            0.15,
            0.15,
            0.15,
            0.15,
            0.15,
            0.0,
            0.15,
            0.15,
            0.15,
            0.15,
            0.15,
            0.15,
            0.15,
            0.15,
            0.15,
            0.15
        ],
        [
            0.15,
            0.15,
            0.15,
            0.15,
            0.15,
            0.15,
            0.15,
            0.15,
            0.15,
            0.15,
            0.15,
            0.0,
            0.15,
            0.15,
            0.15,
            0.15,
            0.15,
            0.15,
            0.15,
            0.15,
            0.15
        ],
        [
            0.15,
            0.15,
            0.15,
            0.15,
            0.15,
            0.15,
            0.15,
            0.15,
            0.15,
            0.15,
            0.15,
            0.15,
            0.0,
            0.15,
            0.15,
            0.15,
            0.15,
            0.15,
            0.15,
            0.15,
            0.15
        ],
        [
            0.15,
            0.15,
            0.15,
            0.15,
            0.15,
            0.15,
            0.15,
            0.15,
            0.15,
            0.15,
            0.15,
            0.15,
            0.15,
            0.0,
            0.15,
            0.15,
            0.15,
            0.15,
            0.15,
            0.15,
            0.15
        ],
        [
            0.15,
            0.15,
            0.15,
            0.15,
            0.15,
            0.15,
            0.15,
            0.15,
            0.15,
            0.15,
            0.15,
            0.15,
            0.15,
            0.15,
            0.0,
            0.15,
            0.15,
            0.15,
            0.15,
            0.15,
            0.15
        ],
        [
            0.15,
            0.15,
            0.15,
            0.15,
            0.15,
            0.15,
            0.15,
            0.15,
            0.15,
            0.15,
            0.15,
            0.15,
            0.15,
            0.15,
            0.15,
            0.0,
            0.15,
            0.15,
            0.15,
            0.15,
            0.15
        ],
        [
            0.15,
            0.15,
            0.15,
            0.15,
            0.15,
            0.15,
            0.15,
            0.15,
            0.15,
            0.15,
            0.15,
            0.15,
            0.15,
            0.15,
            0.15,
            0.15,
            0.0,
            0.15,
            0.15,
            0.15,
            0.15
        ],
        [
            0.15,
            0.15,
            0.15,
            0.15,
            0.15,
            0.15,
            0.15,
            0.15,
            0.15,
            0.15,
            0.15,
            0.15,
            0.15,
            0.15,
            0.15,
            0.15,
            0.15,
            0.0,
            0.15,
            0.15,
            0.15
        ],
        [
            0.15,
            0.15,
            0.15,
            0.15,
            0.15,
            0.15,
            0.15,
            0.15,
            0.15,
            0.15,
            0.15,
            0.15,
            0.15,
            0.15,
            0.15,
            0.15,
            0.15,
            0.15,
            0.0,
            0.15,
            0.15
        ],
        [
            0.15,
            0.15,
            0.15,
            0.15,
            0.15,
            0.15,
            0.15,
            0.15,
            0.15,
            0.15,
            0.15,
            0.15,
            0.15,
            0.15,
            0.15,
            0.15,
            0.15,
            0.15,
            0.15,
            0.0,
            0.15
        ],
        [
            0.15,
            0.15,
            0.15,
            0.15,
            0.15,
            0.15,
            0.15,
            0.15,
            0.15,
            0.15,
            0.15,
            0.15,
            0.15,
            0.15,
            0.15,
            0.15,
            0.15,
            0.15,
            0.15,
            0.15,
            0.0
        ]
    ],
    "service_scv": [
        0.0,
        0.993,
        0.991,
        0.85,
        1.01,
        1.218,
        1.133,
        0.635,
        1.161,
        0.699,
        1.149,
        1.24,
        1.143,
        1.291,
        0.909,
        1.491,
        1.386,
        1.03,
        0.803,
        1.435,
        1.077
    ],
    "service": [
        0,
        31,
        49,
        60,
        50,
        59,
        52,
        44,
        41,
        52,
        60,
        32,
        58,
        47,
        49,
        41,
        56,
        47,
        39,
        40,
        52
    ]
}
