{
    "coords": [
        [
            0,
            0
        ],
        [
            21,
            32
        ],
        [
            13,
            6
        ],
        [
            30,
            5
        ],
        [
            6,
            32
        ],
        [
            32,
            42
        ],
        [
            21,
            10
        ],
        [
            10,
            10
        ],
        [
            5,
            35
        ],
        [
            38,
            23
        ],
        [
            34,
            20
        ],
        [
            36,
            17
        ],
        [
            23,
            3
        ],
        [
            9,
            22
        ],
        [
            7,
            15
        ],
        [
            0,
            19
        ],
        [
            6,
            27
        ],
        [
            16,
            34
        ],
        [
            3,
            31
        ],
        [
            2,
            37
        ],
        [
            14,
            0
        ]
    ],
    "dimension": 21,
    "distances": [
        [
            0.0,
            38.275,
            14.318,
            30.414,
            32.558,
            52.802,
            23.259,
            14.142,
            35.355,
            44.418,
            39.446,
            39.812,
            23.195,
            23.77,
            16.553,
            19.0,
            27.659,
            37.577,
            31.145,
            37.054,
            14.0
        ],
        [
            38.275,
            0.0,
            27.203,
            28.46,
            15.0,
            14.866,
            22.0,
            24.597,
            16.279,
            19.235,
            17.692,
            21.213,
            29.069,
            15.62,
            22.023,
            24.698,
            15.811,
            5.385,
            18.028,
            19.647,
            32.757
        ],
        [
            14.318,
            27.203,
            0.0,
            17.029,
            26.926,
            40.706,
            8.944,
            5.0,
            30.083,
            30.232,
            25.239,
            25.495,
            10.44,
            16.492,
            10.817,
            18.385,
            22.136,
            28.16,
            26.926,
            32.894,
            6.083
        ],
        [
            30.414,
            28.46,
            17.029,
            0.0,
            36.125,
            37.054,
            10.296,
            20.616,
            39.051,
            19.698,
            15.524,
            13.416,
            7.28,
            27.019,
            25.08,
            33.106,
            32.558,
            32.202,
            37.483,
            42.521,
            16.763
        ],
        [
            32.558,
            15.0,
            26.926,
            36.125,
            0.0,
            27.857,
            26.627,
            22.361,
            3.162,
            33.242,
            30.463,
            33.541,
            33.615,
            10.44,
            17.029,
            14.318,
            5.0,
            10.198,
            3.162,
            6.403,
            32.985
        ],
        [
            52.802,
            14.866,
            40.706,
            37.054,
            27.857,
            0.0,
            33.838,
            38.833,
            27.893,
            19.925,
            22.091,
            25.318,
            40.025,
            30.48,
            36.797,
            39.408,
            30.017,
            17.889,
            31.016,
            30.414,
            45.695
        ],
        [
            23.259,
            22.0,
            8.944,
            10.296,
            26.627,
            33.838,
            0.0,
            11.0,
            29.682,
            21.401,
            16.401,
            16.553,
            7.28,
            16.971,
            14.866,
            22.847,
            22.672,
            24.515,
            27.659,
            33.015,
            12.207
        ],
        [
            14.142,
            24.597,
            5.0,
            20.616,
            22.361,
            38.833,
            11.0,
            0.0,
            25.495,
            30.871,
            26.0,
            26.926,
            14.765,
            12.042,
            5.831,
            13.454,
            17.464,
            24.739,
            22.136,
            28.16,
            10.77
        ],
        [
            35.355,
            16.279,
            30.083,
            39.051,
            3.162,
            27.893,
            29.682,
            25.495,
            0.0,
            35.114,
            32.65,
            35.847,
            36.715,
            13.601,
            20.1,
            16.763,
            8.062,
            11.045,
            4.472,
            3.606,
            36.139
        ],
        [
            44.418,
            19.235,
            30.232,
            19.698,
            33.242,
            19.925,
            21.401,
            30.871,
            35.114,
            0.0,
            5.0,
            6.325,
            25.0,
            29.017,
            32.016,
            38.21,
            32.249,
            24.597,
            35.903,
            38.626,
            33.242
        ],
        [
            39.446,
            17.692,
            25.239,
            15.524,
            30.463,
            22.091,
            16.401,
            26.0,
            32.65,
            5.0,
            0.0,
            3.606,
            20.248,
            25.08,
            27.459,
            34.015,
            28.862,
            22.804,
            32.894,
            36.235,
            28.284
        ],
        [
            39.812,
            21.213,
            25.495,
            13.416,
            33.541,
            25.318,
            16.553,
            26.926,
            35.847,
            6.325,
            3.606,
            0.0,
            19.105,
            27.459,
            29.069,
            36.056,
            31.623,
            26.249,
            35.847,
            39.446,
            27.803
        ],
        [
            23.195,
            29.069,
            10.44,
            7.28,
            33.615,
            40.025,
            7.28,
            14.765,
            36.715,
            25.0,
            20.248,
            19.105,
            0.0,
            23.601,
            20.0,
            28.018,
            29.411,
            31.78,
            34.409,
            39.962,
            9.487
        ],
        [
            23.77,
            15.62,
            16.492,
            27.019,
            10.44,
            30.48,
            16.971,
            12.042,
            13.601,
            29.017,
            25.08,
            27.459,
            23.601,
            0.0,
            7.28,
            9.487,
            5.831,
            13.892,
            10.817,
            16.553,
            22.561
        ],
        [
            16.553,
            22.023,
            10.817,
            25.08,
            17.029,
            36.797,
            14.866,
            5.831,
            20.1,
            32.016,
            27.459,
            29.069,
            20.0,
            7.28,
            0.0,
            8.062,
            12.042,
            21.024,
            16.492,
            22.561,
            16.553
        ],
        [
            19.0,
            24.698,
            18.385,
            33.106,
            14.318,
            39.408,
            22.847,
            13.454,
            16.763,
            38.21,
            34.015,
            36.056,
            28.018,
            9.487,
            8.062,
            0.0,
            10.0,
            21.932,
            12.369,
            18.111,
            23.601
        ],
        [
            27.659,
            15.811,
            22.136,
            32.558,
            5.0,
            30.017,
            22.672,
            17.464,
            8.062,
            32.249,
            28.862,
            31.623,
            29.411,
            5.831,
            12.042,
            10.0,
            0.0,
            12.207,
            5.0,
            10.77,
            28.16
        ],
        [
            37.577,
            5.385,
            28.16,
            32.202,
            10.198,
            17.889,
            24.515,
            24.739,
            11.045,
            24.597,
            22.804,
            26.249,
            31.78,
            13.892,
            21.024,
            21.932,
            12.207,
            0.0,
            13.342,
            14.318,
            34.059
        ],
        [
            31.145,
            18.028,
            26.926,
            37.483,
            3.162,
            31.016,
            27.659,
            22.136,
            4.472,
            35.903,
            32.894,
            35.847,
            34.409,
            10.817,
            16.492,
            12.369,
            5.0,
            13.342,
            0.0,
            6.083,
            32.894
        ],
        [
            37.054,
            19.647,
            32.894,
            42.521,
            6.403,
            30.414,
            33.015,
            28.16,
            3.606,
            38.626,
            36.235,
            39.446,
            39.962,
            16.553,
            22.561,
            18.111,
            10.77,
            14.318,
            6.083,
            0.0,
            38.897
        ],
        [
            14.0,
            32.757,
            6.083,
            16.763,
            32.985,
            45.695,
            12.207,
            10.77,
            36.139,
            33.242,
            28.284,
            27.803,
            9.487,
            22.561,
            16.553,
            23.601,
            28.16,
            34.059,
            32.894,
            38.897,
            0.0
        ]
    ],
    "distances_scv": [
        [
            0.0,
            0.15,
            0.15,
            0.15,
            0.15,
            0.15,
            0.15,
            0.15,
            0.15,
            0.15,
            0.15,
            0.15,
            0.15,
            0.15,
            0.15,
            0.15,
            0.15,
            0.15,
            0.15,
            0.15,
            0.15
        ],
        [
            0.15,
            0.0,
            0.15,
            0.15,
            0.15,
            0.15,
            0.15,
            0.15,
            0.15,
            0.15,
            0.15,
            0.15,
            0.15,
            0.15,
            0.15,
            0.15,
            0.15,
            0.15,
            0.15,
            0.15,
            0.15
        ],
        [
            0.15,
            0.15,
            0.0,
            0.15,
            0.15,
            0.15,
            0.15,
            0.15,
            0.15,
            0.15,
            0.15,
            0.15,
            0.15,
            0.15,
            0.15,
            0.15,
            0.15,
            0.15,
            0.15,
            0.15,
            0.15
        ],
        [
            0.15,
            0.15,
            0.15,
            0.0,
            0.15,
            0.15,
            0.15,
            0.15,
            0.15,
            0.15,
            0.15,
            0.15,
            0.15,
            0.15,
            0.15,
            0.15,
            0.15,
            0.15,
            0.15,
            0.15,
            0.15
        ],
        [
            0.15,
            0.15,
            0.15,
            0.15,
            0.0,
            0.15,
            0.15,
            0.15,
            0.15,
            0.15,
            0.15,
            0.15,
            0.15,
            0.15,
            0.15,
            0.15,
            0.15,
            0.15,
            0.15,
            0.15,
            0.15
        ],
        [
            0.15,
            0.15,
            0.15,
            0.15,
            0.15,
            0.0,
            0.15,
            0.15,
            0.15,
            0.15,
            0.15,
            0.15,
            0.15,
            0.15,
            0.15,
            0.15,
            0.15,
            0.15,
            0.15,
            0.15,
            0.15
        ],
        [
            0.15,
            0.15,
            0.15,
            0.15,
            0.15,
            0.15,
            0.0,
            0.15,
            0.15,
            0.15,
            0.15,
            0.15,
            0.15,
            0.15,
            0.15,
            0.15,
            0.15,
            0.15,
            0.15,
            0.15,
            0.15
        ],
        [
            0.15,
            0.15,
            0.15,
            0.15,
            0.15,
            0.15,
            0.15,
            0.0,
            0.15,
            0.15,
            0.15,
            0.15,
            0.15,
            0.15,
            0.15,
            0.15,
            0.15,
            0.15,
            0.15,
            0.15,
            0.15
        ],
        [
            0.15,
            0.15,
            0.15,
            0.15,
            0.15,
            0.15,
            0.15,
            0.15,
            0.0,
            0.15,
            0.15,
            0.15,
            0.15,
            0.15,
            0.15,
            0.15,
            0.15,
            0.15,
            0.15,
            0.15,
            0.15
        ],
        [
            0.15,
            0.15,
            0.15,
            0.15,
            0.15,
            0.15,
            0.15,
            0.15,
            0.15,
            0.0,
            0.15,
            0.15,
            0.15,
            0.15,
            0.15,
            0.15,
            0.15,
            0.15,
            0.15,
            0.15,
            0.15
        ],
        [
            0.15,
            0.15,
            0.15,
            0.15,
            0.15,
            0.15,
            0.15,
            0.15,
            0.15,
            0.15,
            0.0,
            0.15,
            0.15,
            0.15,
            0.15,
            0.15,
            0.15,
            0.15,
            0.15,
            0.15,
            0.15
        ],
        [
            0.15,
            0.15,
            0.15,
            0.15,
            0.15,
            0.15,
            0.15,
            0.15,
            0.15,
            0.15,
            0.15,
            0.0,
            0.15,
            0.15,
            0.15,
            0.15,
            0.15,
            0.15,
            0.15,
            0.15,
            0.15
        ],
        [
            0.15,
            0.15,
            0.15,
            0.15,
            0.15,
            0.15,
            0.15,
            0.15,
            0.15,
            0.15,
            0.15,
            0.15,
            0.0,
            0.15,
            0.15,
            0.15,
            0.15,
            0.15,
            0.15,
            0.15,
            0.15
        ],
        [
            0.15,
            0.15,
            0.15,
            0.15,
            0.15,
            0.15,
            0.15,
            0.15,
            0.15,
            0.15,
            0.15,
            0.15,
            0.15,
            0.0,
            0.15,
            0.15,
            0.15,
            0.15,
            0.15,
            0.15,
            0.15
        ],
        [
            0.15,
            0.15,
            0.15,
            0.15,
            0.15,
            0.15,
            0.15,
            0.15,
            0.15,
            0.15,
            0.15,
            0.15,
            0.15,
            0.15,
            0.0,
            0.15,
            0.15,
            0.15,
            0.15,
            0.15,
            0.15
        ],
        [
            0.15,
            0.15,
            0.15,
            0.15,
            0.15,
            0.15,
            0.15,
            0.15,
            0.15,
            0.15,
            0.15,
            0.15,
            0.15,
            0.15,
            0.15,
            0.0,
            0.15,
            0.15,
            0.15,
            0.15,
            0.15
        ],
        [
            0.15,
            0.15,
            0.15,
            0.15,
            0.15,
            0.15,
            0.15,
            0.15,
            0.15,
            0.15,
            0.15,
            0.15,
            0.15,
            0.15,
            0.15,
            0.15,
            0.0,
            0.15,
            0.15,
            0.15,
            0.15
        ],
        [
            0.15,
            0.15,
            0.15,
            0.15,
            0.15,
            0.15,
            0.15,
            0.15,
            0.15,
            0.15,
            0.15,
            0.15,
            0.15,
            0.15,
            0.15,
            0.15,
            0.15,
            0.0,
            0.15,
            0.15,
            0.15
        ],
        [
            0.15,
            0.15,
            0.15,
            0.15,
            0.15,
            0.15,
            0.15,
            0.15,
            0.15,
            0.15,
            0.15,
            0.15,
            0.15,
            0.15,
            0.15,
            0.15,
            0.15,
            0.15,
            0.0,
            0.15,
            0.15
        ],
        [
            0.15,
            0.15,
            0.15,
            0.15,
            0.15,
            0.15,
            0.15,
            0.15,
            0.15,
            0.15,
            0.15,
            0.15,
            0.15,
            0.15,
            0.15,
            0.15,
            0.15,
            0.15,
            0.15,
            0.0,
            0.15
        ],
        [
            0.15,
            0.15,
            0.15,
            0.15,
            0.15,
            0.15,
            0.15,
            0.15,
            0.15,
            0.15,
            0.15,
            0.15,
            0.15,
            0.15,
            0.15,
            0.15,
            0.15,
            0.15,
            0.15,
            0.15,
            0.0
        ]
    ],
    "service_scv": [
        0.0,
        0.777,
        0.53,
        1.004,
        0.551,
        1.071,
        0.623,
        0.681,
        0.738,
        0.982,
        0.715,
        0.904,
        1.405,
        0.916,
        1.36,
        0.895,
        0.672,
        0.845,
        1.36,
        1.1,
        0.853
    ],
    "service": [
        0,
        39,
        54,
        52,
        55,
        55,
        34,
        55,
        52,
        55,
        47,
        34,
        60,
        37,
        33,
        57,
        50,
        58,
        45,
        60,
        35
    ]
}
