{
    "coords": [
        [
            0,
            0
        ],
        [
            32,
            9
        ],
        [
            47,
            4
        ],
        [
            13,
            32
        ],
        [
            0,
            22
        ],
        [
            7,
            49
        ],
        [
            16,
            42
        ],
        [
            15,
            41
        ],
        [
            2,
            2
        ],
        [
            13,
            27
        ],
        [
            8,
            30
        ],
        [
            25,
            2
        ],
        [
            17,
            23
        ],
        [
            45,
            16
        ],
        [
            16,
            10
        ],
        [
            23,
            39
        ],
        [
            17,
            21
        ],
        [
            32,
            5
        ],
        [
            29,
            18
        ],
        [
            29,
            45
        ],
        [
            11,
            19
        ]
    ],
    "dimension": 21,
    "distances": [
        [
            0.0,
            33.242,
            47.17,
            34.54,
            22.0,
            49.497,
            44.944,
            43.658,
            2.828,
            29.967,
            31.048,
            25.08,
            28.601,
            47.76,
            18.868,
            45.277,
            27.019,
            32.388,
            34.132,
            53.535,
            21.954
        ],
        [
            33.242,
            0.0,
            15.811,
            29.833,
            34.54,
            47.17,
            36.674,
            36.235,
            30.806,
            26.173,
            31.89,
            9.899,
            20.518,
            14.765,
            16.031,
            31.321,
            19.209,
            4.0,
            9.487,
            36.125,
            23.259
        ],
        [
            47.17,
            15.811,
            0.0,
            44.045,
            50.329,
            60.208,
            49.041,
            48.918,
            45.044,
            41.049,
            46.872,
            22.091,
            35.511,
            12.166,
            31.575,
            42.438,
            34.482,
            15.033,
            22.804,
            44.777,
            39.0
        ],
        [
            34.54,
            29.833,
            44.045,
            0.0,
            16.401,
            18.028,
            10.44,
            9.22,
            31.953,
            5.0,
            5.385,
            32.311,
            9.849,
            35.777,
            22.204,
            12.207,
            11.705,
            33.015,
            21.26,
            20.616,
            13.153
        ],
        [
            22.0,
            34.54,
            50.329,
            16.401,
            0.0,
            27.893,
            25.612,
            24.207,
            20.1,
            13.928,
            11.314,
            32.016,
            17.029,
            45.398,
            20.0,
            28.601,
            17.029,
            36.235,
            29.275,
            37.014,
            11.402
        ],
        [
            49.497,
            47.17,
            60.208,
            18.028,
            27.893,
            0.0,
            11.402,
            11.314,
            47.265,
            22.804,
            19.026,
            50.329,
            27.857,
            50.329,
            40.025,
            18.868,
            29.732,
            50.606,
            38.013,
            22.361,
            30.265
        ],
        [
            44.944,
            36.674,
            49.041,
            10.44,
            25.612,
            11.402,
            0.0,
            1.414,
            42.379,
            15.297,
            14.422,
            41.0,
            19.026,
            38.949,
            32.0,
            7.616,
            21.024,
            40.311,
            27.295,
            13.342,
            23.537
        ],
        [
            43.658,
            36.235,
            48.918,
            9.22,
            24.207,
            11.314,
            1.414,
            0.0,
            41.11,
            14.142,
            13.038,
            40.262,
            18.111,
            39.051,
            31.016,
            8.246,
            20.1,
            39.812,
            26.926,
            14.56,
            22.361
        ],
        [
            2.828,
            30.806,
            45.044,
            31.953,
            20.1,
            47.265,
            42.379,
            41.11,
            0.0,
            27.313,
            28.636,
            23.0,
            25.807,
            45.222,
            16.125,
            42.544,
            24.207,
            30.15,
            31.385,
            50.774,
            19.235
        ],
        [
            29.967,
            26.173,
            41.049,
            5.0,
            13.928,
            22.804,
            15.297,
            14.142,
            27.313,
            0.0,
            5.831,
            27.731,
            5.657,
            33.838,
            17.263,
            15.62,
            7.211,
            29.069,
            18.358,
            24.083,
            8.246
        ],
        [
            31.048,
            31.89,
            46.872,
            5.385,
            11.314,
            19.026,
            14.422,
            13.038,
            28.636,
            5.831,
            0.0,
            32.757,
            11.402,
            39.56,
            21.541,
            17.493,
            12.728,
            34.655,
            24.187,
            25.807,
            11.402
        ],
        [
            25.08,
            9.899,
            22.091,
            32.311,
            32.016,
            50.329,
            41.0,
            40.262,
            23.0,
            27.731,
            32.757,
            0.0,
            22.472,
            24.413,
            12.042,
            37.054,
            20.616,
            7.616,
            16.492,
            43.186,
            22.023
        ],
        [
            28.601,
            20.518,
            35.511,
            9.849,
            17.029,
            27.857,
            19.026,
            18.111,
            25.807,
            5.657,
            11.402,
            22.472,
            0.0,
            28.862,
            13.038,
            17.088,
            2.0,
            23.431,
            13.0,
            25.06,
            7.211
        ],
        [
            47.76,
            14.765,
            12.166,
            35.777,
            45.398,
            50.329,
            38.949,
            39.051,
            45.222,
            33.838,
            39.56,
            24.413,
            28.862,
            0.0,
            29.614,
            31.828,
            28.443,
            17.029,
            16.125,
            33.121,
            34.132
        ],
        [
            18.868,
            16.031,
            31.575,
            22.204,
            20.0,
            40.025,
            32.0,
            31.016,
            16.125,
            17.263,
            21.541,
            12.042,
            13.038,
            29.614,
            0.0,
            29.833,
            11.045,
            16.763,
            15.264,
            37.336,
            10.296
        ],
        [
            45.277,
            31.321,
            42.438,
            12.207,
            28.601,
            18.868,
            7.616,
            8.246,
            42.544,
            15.62,
            17.493,
            37.054,
            17.088,
            31.828,
            29.833,
            0.0,
            18.974,
            35.171,
            21.84,
            8.485,
            23.324
        ],
        [
            27.019,
            19.209,
            34.482,
            11.705,
            17.029,
            29.732,
            21.024,
            20.1,
            24.207,
            7.211,
            12.728,
            20.616,
            2.0,
            28.443,
            11.045,
            18.974,
            0.0,
            21.932,
            12.369,
            26.833,
            6.325
        ],
        [
            32.388,
            4.0,
            15.033,
            33.015,
            36.235,
            50.606,
            40.311,
            39.812,
            30.15,
            29.069,
            34.655,
            7.616,
            23.431,
            17.029,
            16.763,
            35.171,
            21.932,
            0.0,
            13.342,
            40.112,
            25.239
        ],
        [
            34.132,
            9.487,
            22.804,
            21.26,
            29.275,
            38.013,
            27.295,
            26.926,
            31.385,
            18.358,
            24.187,
            16.492,
            13.0,
            16.125,
            15.264,
            21.84,
            12.369,
            13.342,
            0.0,
            27.0,
            18.028
        ],
        [
            53.535,
            36.125,
            44.777,
            20.616,
            37.014,
            22.361,
            13.342,
            14.56,
            50.774,
            24.083,
            25.807,
            43.186,
            25.06,
            33.121,
            37.336,
            8.485,
            26.833,
            40.112,
            27.0,
            0.0,
            31.623
        ],
        [
            21.954,
            23.259,
            39.0,
            13.153,
            11.402,
            30.265,
            23.537,
            22.361,
            19.235,
            8.246,
            11.402,
            22.023,
            7.211,
            34.132,
            10.296,
            23.324,
            6.325,
            25.239,
            18.028,
            31.623,
            0.0
        ]
    ],
    "distances_scv": [
        [
            0.0,
            0.15,
            0.15,
            0.15,
            0.15,
            0.15,
            0.15,
            0.15,
            0.15,
            0.15,
            0.15,
            0.15,
            0.15,
            0.15,
            0.15,
            0.15,
            0.15,
            0.15,
            0.15,
            0.15,
            0.15
        ],
        [
            0.15,
            0.0,
            0.15,
            0.15,
            0.15,
            0.15,
            0.15,
            0.15,
            0.15,
            0.15,
            0.15,
            0.15,
            0.15,
            0.15,
            0.15,
            0.15,
            0.15,
            0.15,
            0.15,
            0.15,
            0.15
        ],
        [
            0.15,
            0.15,
            0.0,
            0.15,
            0.15,
            0.15,
            0.15,
            0.15,
            0.15,
            0.15,
            0.15,
            0.15,
            0.15,
            0.15,
            0.15,
            0.15,
            0.15,
            0.15,
            0.15,
            0.15,
            0.15
        ],
        [
            0.15,
            0.15,
            0.15,
            0.0,
            0.15,
            0.15,
            0.15,
            0.15,
            0.15,
            0.15,
            0.15,
            0.15,
            0.15,
            0.15,
            0.15,
            0.15,
            0.15,
            0.15,
            0.15,
            0.15,
            0.15
        ],
        [
            0.15,
            0.15,
            0.15,
            0.15,
            0.0,
            0.15,
            0.15,
            0.15,
            0.15,
            0.15,
            0.15,
            0.15,
            0.15,
            0.15,
            0.15,
            0.15,
            0.15,
            0.15,
            0.15,
            0.15,
            0.15
        ],
        [
            0.15,
            0.15,
            0.15,
            0.15,
            0.15,
            0.0,
            0.15,
            0.15,
            0.15,
            0.15,
            0.15,
            0.15,
            0.15,
            0.15,
            0.15,
            0.15,
            0.15,
            0.15,
            0.15,
            0.15,
            0.15
        ],
        [
            0.15,
            0.15,
            0.15,
            0.15,
            0.15,
            0.15,
            0.0,
            0.15,
            0.15,
            0.15,
            0.15,
            0.15,
            0.15,
            0.15,
            0.15,
            0.15,
            0.15,
            0.15,
            0.15,
            0.15,
            0.15
        ],
        [
            0.15,
            0.15,
            0.15,
            0.15,
            0.15,
            0.15,
            0.15,
            0.0,
            0.15,
            0.15,
            0.15,
            0.15,
            0.15,
            0.15,
            0.15,
            0.15,
            0.15,
            0.15,
            0.15,
            0.15,
            0.15
        ],
        [
            0.15,
            0.15,
            0.15,
            0.15,
            0.15,
            0.15,
            0.15,
            0.15,
            0.0,
            0.15,
            0.15,
            0.15,
            0.15,
            0.15,
            0.15,
            0.15,
            0.15,
            0.15,
            0.15,
            0.15,
            0.15
        ],
        [
            0.15,
            0.15,
            0.15,
            0.15,
            0.15,
            0.15,
            0.15,
            0.15,
            0.15,
            0.0,
            0.15,
            0.15,
            0.15,
            0.15,
            0.15,
            0.15,
            0.15,
            0.15,
            0.15,
            0.15,
            0.15
        ],
        [
            0.15,
            0.15,
            0.15,
            0.15,
            0.15,
            0.15,
            0.15,
            0.15,
            0.15,
            0.15,
            0.0,
            0.15,
            0.15,
            0.15,
            0.15,
            0.15,
            0.15,
            0.15,
            0.15,
            0.15,
            0.15
        ],
        [
            0.15,
            0.15,
            0.15,
            0.15,
            0.15,
            0.15,
            0.15,
            0.15,
            0.15,
            0.15,
            0.15,
            0.0,
            0.15,
            0.15,
            0.15,
            0.15,
            0.15,
            0.15,
            0.15,
            0.15,
            0.15
        ],
        [
            0.15,
            0.15,
            0.15,
            0.15,
            0.15,
            0.15,
            0.15,
            0.15,
            0.15,
            0.15,
            0.15,
            0.15,
            0.0,
            0.15,
            0.15,
            0.15,
            0.15,
            0.15,
            0.15,
            0.15,
            0.15
        ],
        [
            0.15,
            0.15,
            0.15,
            0.15,
            0.15,
            0.15,
            0.15,
            0.15,
            0.15,
            0.15,
            0.15,
            0.15,
            0.15,
            0.0,
            0.15,
            0.15,
            0.15,
            0.15,
            0.15,
            0.15,
            0.15
        ],
        [
            0.15,
            0.15,
            0.15,
            0.15,
            0.15,
            0.15,
            0.15,
            0.15,
            0.15,
            0.15,
            0.15,
            0.15,
            0.15,
            0.15,
            0.0,
            0.15,
            0.15,
            0.15,
            0.15,
            0.15,
            0.15
        ],
        [
            0.15,
            0.15,
            0.15,
            0.15,
            0.15,
            0.15,
            0.15,
            0.15,
            0.15,
            0.15,
            0.15,
            0.15,
            0.15,
            0.15,
            0.15,
            0.0,
            0.15,
            0.15,
            0.15,
            0.15,
            0.15
        ],
        [
            0.15,
            0.15,
            0.15,
            0.15,
            0.15,
            0.15,
            0.15,
            0.15,
            0.15,
            0.15,
            0.15,
            0.15,
            0.15,
            0.15,
            0.15,
            0.15,
            0.0,
            0.15,
            0.15,
            0.15,
            0.15
        ],
        [
            0.15,
            0.15,
            0.15,
            0.15,
            0.15,
            0.15,
            0.15,
            0.15,
            0.15,
            0.15,
            0.15,
            0.15,
            0.15,
            0.15,
            0.15,
            0.15,
            0.15,
            0.0,
            0.15,
            0.15,
            0.15
        ],
        [
            0.15,
            0.15,
            0.15,
            0.15,
            0.15,
            0.15,
            0.15,
            0.15,
            0.15,
            0.15,
            0.15,
            0.15,
            0.15,
            0.15,
            0.15,
            0.15,
            0.15,
            0.15,
            0.0,
            0.15,
            0.15
        ],
        [
            0.15,
            0.15,
            0.15,
            0.15,
            0.15,
            0.15,
            0.15,
            0.15,
            0.15,
            0.15,
            0.15,
            0.15,
            0.15,
            0.15,
            0.15,
            0.15,
            0.15,
            0.15,
            0.15,
            0.0,
            0.15
        ],
        [
            0.15,
            0.15,
            0.15,
            0.15,
            0.15,
            0.15,
            0.15,
            0.15,
            0.15,
            0.15,
            0.15,
            0.15,
            0.15,
            0.15,
            0.15,
            0.15,
            0.15,
            0.15,
            0.15,
            0.15,
            0.0
        ]
    ],
    "service_scv": [
        0.0,
        0.168,
        0.344,
        0.339,
        0.188,
        0.36,
        0.23,
        0.471,
        0.352,
        0.283,
        0.307,
        0.296,
        0.316,
        0.388,
        0.426,
        0.305,
        0.45,
        0.442,
        0.49,
        0.366,
        0.362
    ],
    "service": [
        0,
        51,
        43,
        37,
        39,
        52,
        33,
        56,
        58,
        39,
        49,
        52,
        60,
        44,
        54,
        53,
        46,
        34,
        57,
        31,
        44
    ]
}
