{
    "coords": [
        [
            0,
            0
        ],
        [
            29,
            25
        ],
        [
            11,
            25
        ],
        [
            32,
            13
        ],
        [
            28,
            6
        ],
        [
            46,
            1
        ],
        [
            20,
            19
        ],
        [
            3,
            19
        ],
        [
            31,
            1
        ],
        [
            0,
            11
        ],
        [
            6,
            39
        ],
        [
            5,
            30
        ],
        [
            40,
            49
        ],
        [
            6,
            43
        ],
        [
            49,
            31
        ],
        [
            18,
            9
        ],
        [
            4,
            42
        ],
        [
            38,
            21
        ],
        [
            24,
            1
        ],
        [
            21,
            47
        ],
        [
            23,
            47
        ]
    ],
    "dimension": 21,
    "distances": [
        [
            0.0,
            38.288,
            27.313,
            34.54,
            28.636,
            46.011,
            27.586,
            19.235,
            31.016,
            11.0,
            39.459,
            30.414,
            63.253,
            43.417,
            57.983,
            20.125,
            42.19,
            43.417,
            24.021,
            51.478,
            52.326
        ],
        [
            38.288,
            0.0,
            18.0,
            12.369,
            19.026,
            29.411,
            10.817,
            26.683,
            24.083,
            32.202,
            26.926,
            24.515,
            26.401,
            29.206,
            20.881,
            19.416,
            30.232,
            9.849,
            24.515,
            23.409,
            22.804
        ],
        [
            27.313,
            18.0,
            0.0,
            24.187,
            25.495,
            42.438,
            10.817,
            10.0,
            31.241,
            17.804,
            14.866,
            7.81,
            37.643,
            18.682,
            38.471,
            17.464,
            18.385,
            27.295,
            27.295,
            24.166,
            25.06
        ],
        [
            34.54,
            12.369,
            24.187,
            0.0,
            8.062,
            18.439,
            13.416,
            29.614,
            12.042,
            32.062,
            36.77,
            31.906,
            36.878,
            39.699,
            24.759,
            14.56,
            40.311,
            10.0,
            14.422,
            35.735,
            35.171
        ],
        [
            28.636,
            19.026,
            25.495,
            8.062,
            0.0,
            18.682,
            15.264,
            28.178,
            5.831,
            28.443,
            39.661,
            33.242,
            44.643,
            43.046,
            32.65,
            10.44,
            43.267,
            18.028,
            6.403,
            41.593,
            41.304
        ],
        [
            46.011,
            29.411,
            42.438,
            18.439,
            18.682,
            0.0,
            31.623,
            46.615,
            15.0,
            47.074,
            55.172,
            50.22,
            48.374,
            58.0,
            30.15,
            29.12,
            58.694,
            21.541,
            22.0,
            52.355,
            51.43
        ],
        [
            27.586,
            10.817,
            10.817,
            13.416,
            15.264,
            31.623,
            0.0,
            17.0,
            21.095,
            21.541,
            24.413,
            18.601,
            36.056,
            27.785,
            31.385,
            10.198,
            28.018,
            18.111,
            18.439,
            28.018,
            28.16
        ],
        [
            19.235,
            26.683,
            10.0,
            29.614,
            28.178,
            46.615,
            17.0,
            0.0,
            33.287,
            8.544,
            20.224,
            11.18,
            47.634,
            24.187,
            47.539,
            18.028,
            23.022,
            35.057,
            27.659,
            33.287,
            34.409
        ],
        [
            31.016,
            24.083,
            31.241,
            12.042,
            5.831,
            15.0,
            21.095,
            33.287,
            0.0,
            32.573,
            45.486,
            38.949,
            48.836,
            48.877,
            34.986,
            15.264,
            49.092,
            21.19,
            7.0,
            47.074,
            46.69
        ],
        [
            11.0,
            32.202,
            17.804,
            32.062,
            28.443,
            47.074,
            21.541,
            8.544,
            32.573,
            0.0,
            28.636,
            19.647,
            55.172,
            32.558,
            52.924,
            18.111,
            31.257,
            39.294,
            26.0,
            41.677,
            42.72
        ],
        [
            39.459,
            26.926,
            14.866,
            36.77,
            39.661,
            55.172,
            24.413,
            20.224,
            45.486,
            28.636,
            0.0,
            9.055,
            35.44,
            4.0,
            43.738,
            32.311,
            3.606,
            36.715,
            42.048,
            17.0,
            18.788
        ],
        [
            30.414,
            24.515,
            7.81,
            31.906,
            33.242,
            50.22,
            18.601,
            11.18,
            38.949,
            19.647,
            9.055,
            0.0,
            39.825,
            13.038,
            44.011,
            24.698,
            12.042,
            34.205,
            34.67,
            23.345,
            24.759
        ],
        [
            63.253,
            26.401,
            37.643,
            36.878,
            44.643,
            48.374,
            36.056,
            47.634,
            48.836,
            55.172,
            35.44,
            39.825,
            0.0,
            34.525,
            20.125,
            45.651,
            36.674,
            28.071,
            50.596,
            19.105,
            17.117
        ],
        [
            43.417,
            29.206,
            18.682,
            39.699,
            43.046,
            58.0,
            27.785,
            24.187,
            48.877,
            32.558,
            4.0,
            13.038,
            34.525,
            0.0,
            44.643,
            36.056,
            2.236,
            38.833,
            45.695,
            15.524,
            17.464
        ],
        [
            57.983,
            20.881,
            38.471,
            24.759,
            32.65,
            30.15,
            31.385,
            47.539,
            34.986,
            52.924,
            43.738,
            44.011,
            20.125,
            44.643,
            0.0,
            38.013,
            46.325,
            14.866,
            39.051,
            32.249,
            30.529
        ],
        [
            20.125,
            19.416,
            17.464,
            14.56,
            10.44,
            29.12,
            10.198,
            18.028,
            15.264,
            18.111,
            32.311,
            24.698,
            45.651,
            36.056,
            38.013,
            0.0,
            35.847,
            23.324,
            10.0,
            38.118,
            38.328
        ],
        [
            42.19,
            30.232,
            18.385,
            40.311,
            43.267,
            58.694,
            28.018,
            23.022,
            49.092,
            31.257,
            3.606,
            12.042,
            36.674,
            2.236,
            46.325,
            35.847,
            0.0,
            39.962,
            45.618,
            17.72,
            19.647
        ],
        [
            43.417,
            9.849,
            27.295,
            10.0,
            18.028,
            21.541,
            18.111,
            35.057,
            21.19,
            39.294,
            36.715,
            34.205,
            28.071,
            38.833,
            14.866,
            23.324,
            39.962,
            0.0,
            24.413,
            31.064,
            30.017
        ],
        [
            24.021,
            24.515,
            27.295,
            14.422,
            6.403,
            22.0,
            18.439,
            27.659,
            7.0,
            26.0,
            42.048,
            34.67,
            50.596,
            45.695,
            39.051,
            10.0,
            45.618,
            24.413,
            0.0,
            46.098,
            46.011
        ],
        [
            51.478,
            23.409,
            24.166,
            35.735,
            41.593,
            52.355,
            28.018,
            33.287,
            47.074,
            41.677,
            17.0,
            23.345,
            19.105,
            15.524,
            32.249,
            38.118,
            17.72,
            31.064,
            46.098,
            0.0,
            2.0
        ],
        [
            52.326,
            22.804,
            25.06,
            35.171,
            41.304,
            51.43,
            28.16,
            34.409,
            46.69,
            42.72,
            18.788,
            24.759,
            17.117,
            17.464,
            30.529,
            38.328,
            19.647,
            30.017,
            46.011,
            2.0,
            0.0
        ]
    ],
    "distances_scv": [
        [
            0.0,
            0.15,
            0.15,
            0.15,
            0.15,
            0.15,
            0.15,
            0.15,
            0.15,
            0.15,
            0.15,
            0.15,
            0.15,
            0.15,
            0.15,
            0.15,
            0.15,
            0.15,
            0.15,
            0.15,
            0.15
        ],
        [
            0.15,
            0.0,
            0.15,
            0.15,
            0.15,
            0.15,
            0.15,
            0.15,
            0.15,
            0.15,
            0.15,
            0.15,
            0.15,
            0.15,
            0.15,
            0.15,
            0.15,
            0.15,
            0.15,
            0.15,
            0.15
        ],
        [
            0.15,
            0.15,
            0.0,
            0.15,
            0.15,
            0.15,
            0.15,
            0.15,
            0.15,
            0.15,
            0.15,
            0.15,
            0.15,
            0.15,
            0.15,
            0.15,
            0.15,
            0.15,
            0.15,
            0.15,
            0.15
        ],
        [
            0.15,
            0.15,
            0.15,
            0.0,
            0.15,
            0.15,
            0.15,
            0.15,
            0.15,
            0.15,
            0.15,
            0.15,
            0.15,
            0.15,
            0.15,
            0.15,
            0.15,
            0.15,
            0.15,
            0.15,
            0.15
        ],
        [
            0.15,
            0.15,
            0.15,
            0.15,
            0.0,
            0.15,
            0.15,
            0.15,
            0.15,
            0.15,
            0.15,
            0.15,
            0.15,
            0.15,
            0.15,
            0.15,
            0.15,
            0.15,
            0.15,
            0.15,
            0.15
        ],
        [
            0.15,
            0.15,
            0.15,
            0.15,
            0.15,
            0.0,
            0.15,
            0.15,
            0.15,
            0.15,
            0.15,
            0.15,
            0.15,
            0.15,
            0.15,
            0.15,
            0.15,
            0.15,
            0.15,
            0.15,
            0.15
        ],
        [
            0.15,
            0.15,
            0.15,
            0.15,
            0.15,
            0.15,
            0.0,
            0.15,
            0.15,
            0.15,
            0.15,
            0.15,
            0.15,
            0.15,
            0.15,
            0.15,
            0.15,
            0.15,
            0.15,
            0.15,
            0.15
        ],
        [
            0.15,
            0.15,
            0.15,
            0.15,
            0.15,
            0.15,
            0.15,
            0.0,
            0.15,
            0.15,
            0.15,
            0.15,
            0.15,
            0.15,
            0.15,
            0.15,
            0.15,
            0.15,
            0.15,
            0.15,
            0.15
        ],
        [
            0.15,
            0.15,
            0.15,
            0.15,
            0.15,
            0.15,
            0.15,
            0.15,
            0.0,
            0.15,
            0.15,
            0.15,
            0.15,
            0.15,
            0.15,
            0.15,
            0.15,
            0.15,
            0.15,
            0.15,
            0.15
        ],
        [
            0.15,
            0.15,
            0.15,
            0.15,
            0.15,
            0.15,
            0.15,
            0.15,
            0.15,
            0.0,
            0.15,
            0.15,
            0.15,
            0.15,
            0.15,
            0.15,
            0.15,
            0.15,
            0.15,
            0.15,
            0.15
        ],
        [
            0.15,
            0.15,
            0.15,
            0.15,
            0.15,
            0.15,
            0.15,
            0.15,
            0.15,
            0.15,
            0.0,
            0.15,
            0.15,
            0.15,
            0.15,
            0.15,
            0.15,
            0.15,
            0.15,
            0.15,
            0.15
        ],
        [
            0.15,
            0.15,
            0.15,
            0.15,
            0.15,
            0.15,
            0.15,
            0.15,
            0.15,
            0.15,
            0.15,
            0.0,
            0.15,
            0.15,
            0.15,
            0.15,
            0.15,
            0.15,
            0.15,
            0.15,
            0.15
        ],
        [
            0.15,
            0.15,
            0.15,
            0.15,
            0.15,
            0.15,
            0.15,
            0.15,
            0.15,
            0.15,
            0.15,
            0.15,
            0.0,
            0.15,
            0.15,
            0.15,
            0.15,
            0.15,
            0.15,
            0.15,
            0.15
        ],
        [
            0.15,
            0.15,
            0.15,
            0.15,
            0.15,
            0.15,
            0.15,
            0.15,
            0.15,
            0.15,
            0.15,
            0.15,
            0.15,
            0.0,
            0.15,
            0.15,
            0.15,
            0.15,
            0.15,
            0.15,
            0.15
        ],
        [
            0.15,
            0.15,
            0.15,
            0.15,
            0.15,
            0.15,
            0.15,
            0.15,
            0.15,
            0.15,
            0.15,
            0.15,
            0.15,
            0.15,
            0.0,
            0.15,
            0.15,
            0.15,
            0.15,
            0.15,
            0.15
        ],
        [
            0.15,
            0.15,
            0.15,
            0.15,
            0.15,
            0.15,
            0.15,
            0.15,
            0.15,
            0.15,
            0.15,
            0.15,
            0.15,
            0.15,
            0.15,
            0.0,
            0.15,
            0.15,
            0.15,
            0.15,
            0.15
        ],
        [
            0.15,
            0.15,
            0.15,
            0.15,
            0.15,
            0.15,
            0.15,
            0.15,
            0.15,
            0.15,
            0.15,
            0.15,
            0.15,
            0.15,
            0.15,
            0.15,
            0.0,
            0.15,
            0.15,
            0.15,
            0.15
        ],
        [
            0.15,
            0.15,
            0.15,
            0.15,
            0.15,
            0.15,
            0.15,
            0.15,
            0.15,
            0.15,
            0.15,
            0.15,
            0.15,
            0.15,
            0.15,
            0.15,
            0.15,
            0.0,
            0.15,
            0.15,
            0.15
        ],
        [
            0.15,
            0.15,
            0.15,
            0.15,
            0.15,
            0.15,
            0.15,
            0.15,
            0.15,
            0.15,
            0.15,
            0.15,
            0.15,
            0.15,
            0.15,
            0.15,
            0.15,
            0.15,
            0.0,
            0.15,
            0.15
        ],
        [
            0.15,
            0.15,
            0.15,
            0.15,
            0.15,
            0.15,
            0.15,
            0.15,
            0.15,
            0.15,
            0.15,
            0.15,
            0.15,
            0.15,
            0.15,
            0.15,
            0.15,
            0.15,
            0.15,
            0.0,
            0.15
        ],
        [
            0.15,
            0.15,
            0.15,
            0.15,
            0.15,
            0.15,
            0.15,
            0.15,
            0.15,
            0.15,
            0.15,
            0.15,
            0.15,
            0.15,
            0.15,
            0.15,
            0.15,
            0.15,
            0.15,
            0.15,
            0.0
        ]
    ],
    "service_scv": [
        0.0,
        0.301,
        0.382,
        0.221,
        0.21,
        0.314,
        0.25,
        0.332,
        0.489,
        0.177,
        0.356,
        0.259,
        0.355,
        0.275,
        0.389,
        0.157,
        0.376,
        0.397,
        0.305,
        0.229,
        0.162
    ],
    "service": [
        0,
        43,
        32,
        43,
        39,
        59,
        41,
        59,
        33,
        45,
        36,
        35,
        35,
        41,
        57,
        52,
        41,
        58,
        47,
        58,
        39
    ]
}
