{
    "coords": [
        [
            0,
            0
        ],
        [
            34,
            44
        ],
        [
            28,
            38
        ],
        [
            41,
            11
        ],
        [
            2,
            15
        ],
        [
            14,
            43
        ],
        [
            45,
            0
        ],
        [
            24,
            41
        ],
        [
            6,
            39
        ],
        [
            5,
            23
        ],
        [
            40,
            15
        ]
    ],
    "dimension": 11,
    "distances": [
        [
            0.0,
            55.606,
            47.202,
            42.45,
            15.133,
            45.222,
            45.0,
            47.508,
            39.459,
            23.537,
            42.72
        ],
        [
            55.606,
            0.0,
            8.485,
            33.734,
            43.186,
            20.025,
            45.354,
            10.44,
            28.443,
            35.805,
            29.614
        ],
        [
            47.202,
            8.485,
            0.0,
            29.967,
            34.713,
            14.866,
            41.629,
            5.0,
            22.023,
            27.459,
            25.942
        ],
        [
            42.45,
            33.734,
            29.967,
            0.0,
            39.205,
            41.869,
            11.705,
            34.482,
            44.822,
            37.947,
            4.123
        ],
        [
            15.133,
            43.186,
            34.713,
            39.205,
            0.0,
            30.463,
            45.541,
            34.059,
            24.331,
            8.544,
            38.0
        ],
        [
            45.222,
            20.025,
            14.866,
            41.869,
            30.463,
            0.0,
            53.009,
            10.198,
            8.944,
            21.932,
            38.21
        ],
        [
            45.0,
            45.354,
            41.629,
            11.705,
            45.541,
            53.009,
            0.0,
            46.065,
            55.154,
            46.141,
            15.811
        ],
        [
            47.508,
            10.44,
            5.0,
            34.482,
            34.059,
            10.198,
            46.065,
            0.0,
            18.111,
            26.173,
            30.529
        ],
        [
            39.459,
            28.443,
            22.023,
            44.822,
            24.331,
            8.944,
            55.154,
            18.111,
            0.0,
            16.031,
            41.617
        ],
        [
            23.537,
            35.805,
            27.459,
            37.947,
            8.544,
            21.932,
            46.141,
            26.173,
            16.031,
            0.0,
            35.903
        ],
        [
            42.72,
            29.614,
            25.942,
            4.123,
            38.0,
            38.21,
            15.811,
            30.529,
            41.617,
            35.903,
            0.0
        ]
    ],
    "distances_scv": [
        [
            0.0,
            0.15,
            0.15,
            0.15,
            0.15,
            0.15,
            0.15,
            0.15,
            0.15,
            0.15,
            0.15
        ],
        [
            0.15,
            0.0,
            0.15,
            0.15,
            0.15,
            0.15,
            0.15,
            0.15,
            0.15,
            0.15,
            0.15
        ],
        [
            0.15,
            0.15,
            0.0,
            0.15,
            0.15,
            0.15,
            0.15,
            0.15,
            0.15,
            0.15,
            0.15
        ],
        [
            0.15,
            0.15,
            0.15,
            0.0,
            0.15,
            0.15,
            0.15,
            0.15,
            0.15,
            0.15,
            0.15
        ],
        [
            0.15,
            0.15,
            0.15,
            0.15,
            0.0,
            0.15,
            0.15,
            0.15,
            0.15,
            0.15,
            0.15
        ],
        [
            0.15,
            0.15,
            0.15,
            0.15,
            0.15,
            0.0,
            0.15,
            0.15,
            0.15,
            0.15,
            0.15
        ],
        [
            0.15,
            0.15,
            0.15,
            0.15,
            0.15,
            0.15,
            0.0,
            0.15,
            0.15,
            0.15,
            0.15
        ],
        [
            0.15,
            0.15,
            0.15,
            0.15,
            0.15,
            0.15,
            0.15,
            0.0,
            0.15,
            0.15,
            0.15
        ],
        [
            0.15,
            0.15,
            0.15,
            0.15,
            0.15,
            0.15,
            0.15,
            0.15,
            0.0,
            0.15,
            0.15
        ],
        [
            0.15,
            0.15,
            0.15,
            0.15,
            0.15,
            0.15,
            0.15,
            0.15,
            0.15,
            0.0,
            0.15
        ],
        [
            0.15,
            0.15,
            0.15,
            0.15,
            0.15,
            0.15,
            0.15,
            0.15,
            0.15,
            0.15,
            0.0
        ]
    ],
    "service_scv": [
        0.0,
        0.464,
        0.41,
        0.353,
        0.299,
        0.457,
        0.294,
        0.473,
        0.174,
        0.3,
        0.332
    ],
    "service": [
        0,
        41,
        35,
        39,
        33,
        59,
        37,
        44,
        37,
        60,
        35
    ]
}
