{
    "coords": [
        [
            0,
            0
        ],
        [
            35,
            40
        ],
        [
            12,
            17
        ],
        [
            10,
            2
        ],
        [
            22,
            28
        ],
        [
            48,
            7
        ],
        [
            49,
            35
        ],
        [
            23,
            17
        ],
        [
            34,
            22
        ],
        [
            13,
            48
        ],
        [
            10,
            39
        ]
    ],
    "dimension": 11,
    "distances": [
        [
            0.0,
            53.151,
            20.809,
            10.198,
            35.609,
            48.508,
            60.216,
            28.601,
            40.497,
            49.729,
            40.262
        ],
        [
            53.151,
            0.0,
            32.527,
            45.486,
            17.692,
            35.468,
            14.866,
            25.942,
            18.028,
            23.409,
            25.02
        ],
        [
            20.809,
            32.527,
            0.0,
            15.133,
            14.866,
            37.363,
            41.146,
            11.0,
            22.561,
            31.016,
            22.091
        ],
        [
            10.198,
            45.486,
            15.133,
            0.0,
            28.636,
            38.328,
            51.088,
            19.849,
            31.241,
            46.098,
            37.0
        ],
        [
            35.609,
            17.692,
            14.866,
            28.636,
            0.0,
            33.422,
            27.893,
            11.045,
            13.416,
            21.932,
            16.279
        ],
        [
            48.508,
            35.468,
            37.363,
            38.328,
            33.422,
            0.0,
            28.018,
            26.926,
            20.518,
            53.907,
            49.679
        ],
        [
            60.216,
            14.866,
            41.146,
            51.088,
            27.893,
            28.018,
            0.0,
            31.623,
            19.849,
            38.275,
            39.205
        ],
        [
            28.601,
            25.942,
            11.0,
            19.849,
            11.045,
            26.926,
            31.623,
            0.0,
            12.083,
            32.573,
            25.554
        ],
        [
            40.497,
            18.028,
            22.561,
            31.241,
            13.416,
            20.518,
            19.849,
            12.083,
            0.0,
            33.422,
            29.411
        ],
        [
            49.729,
            23.409,
            31.016,
            46.098,
            21.932,
            53.907,
            38.275,
            32.573,
            33.422,
            0.0,
            9.487
        ],
        [
            40.262,
            25.02,
            22.091,
            37.0,
            16.279,
            49.679,
            39.205,
            25.554,
            29.411,
            9.487,
            0.0
        ]
    ],
    "distances_scv": [
        [
            0.0,
            0.322,
            0.477,
            0.107,
            0.456,
            0.256,
            0.193,
            0.314,
            0.478,
            0.232,
            0.463
        ],
        [
            0.287,
            0.0,
            0.406,
            0.413,
            0.245,
            0.335,
            0.199,
            0.42,
            0.203,
            0.369,
            0.13
        ],
        [
            0.199,
            0.243,
            0.0,
            0.204,
            0.181,
            0.116,
            0.237,
            0.287,
            0.267,
            0.46,
            0.136
        ],
        [
            0.35,
            0.239,
            0.11,
            0.0,
            0.269,
            0.49,
            0.41,
            0.448,
            0.326,
            0.236,
            0.442
        ],
        [
            0.265,
            0.449,
            0.465,
            0.242,
            0.0,
            0.425,
            0.499,
            0.283,
            0.18,
            0.203,
            0.253
        ],
        [
            0.129,
            0.377,
            0.123,
            0.286,
            0.499,
            0.0,
            0.184,
            0.263,
            0.205,
            0.181,
            0.204
        ],
        [
            0.223,
            0.283,
            0.213,
            0.356,
            0.443,
            0.11,
            0.0,
            0.347,
            0.29,
            0.364,
            0.182
        ],
        [
            0.474,
            0.498,
            0.432,
            0.334,
            0.433,
            0.369,
            0.446,
            0.0,
            0.213,
            0.323,
            0.298
        ],
        [
            0.184,
            0.369,
            0.392,
            0.206,
            0.165,
            0.333,
            0.284,
            0.39,
            0.0,
            0.108,
            0.184
        ],
        [
            0.447,
            0.369,
            0.416,
            0.398,
            0.338,
            0.229,
            0.214,
            0.348,
            0.347,
            0.0,
            0.35
        ],
        [
            0.327,
            0.107,
            0.364,
            0.452,
            0.356,
            0.308,
            0.235,
            0.497,
            0.217,
            0.412,
            0.0
        ]
    ],
    "service_scv": [
        0.0,
        0.479,
        0.277,
        0.383,
        0.165,
        0.329,
        0.138,
        0.201,
        0.426,
        0.273,
        0.424
    ],
    "service": [
        0.0,
        27.037,
        21.68,
        12.867,
        47.978,
        39.256,
        33.557,
        19.558,
        13.539,
        48.019,
        30.306
    ]
}
