{
    "coords": [
        [
            0,
            0
        ],
        [
            37,
            47
        ],
        [
            1,
            7
        ],
        [
            41,
            47
        ],
        [
            12,
            15
        ],
        [
            43,
            21
        ],
        [
            13,
            41
        ],
        [
            12,
            20
        ],
        [
            32,
            27
        ],
        [
            4,
            1
        ],
        [
            43,
            37
        ]
    ],
    "dimension": 11,
    "distances": [
        [
            0.0,
            59.816,
            7.071,
            62.37,
            19.209,
            47.854,
            43.012,
            23.324,
            41.869,
            4.123,
            56.727
        ],
        [
            59.816,
            0.0,
            53.814,
            4.0,
            40.608,
            26.683,
            24.739,
            36.797,
            20.616,
            56.613,
            11.662
        ],
        [
            7.071,
            53.814,
            0.0,
            56.569,
            13.601,
            44.272,
            36.056,
            17.029,
            36.892,
            6.708,
            51.614
        ],
        [
            62.37,
            4.0,
            56.569,
            0.0,
            43.186,
            26.077,
            28.636,
            39.623,
            21.932,
            59.034,
            10.198
        ],
        [
            19.209,
            40.608,
            13.601,
            43.186,
            0.0,
            31.575,
            26.019,
            5.0,
            23.324,
            16.125,
            38.013
        ],
        [
            47.854,
            26.683,
            44.272,
            26.077,
            31.575,
            0.0,
            36.056,
            31.016,
            12.53,
            43.829,
            16.0
        ],
        [
            43.012,
            24.739,
            36.056,
            28.636,
            26.019,
            36.056,
            0.0,
            21.024,
            23.601,
            41.0,
            30.265
        ],
        [
            23.324,
            36.797,
            17.029,
            39.623,
            5.0,
            31.016,
            21.024,
            0.0,
            21.19,
            20.616,
            35.355
        ],
        [
            41.869,
            20.616,
            36.892,
            21.932,
            23.324,
            12.53,
            23.601,
            21.19,
            0.0,
            38.21,
            14.866
        ],
        [
            4.123,
            56.613,
            6.708,
            59.034,
            16.125,
            43.829,
            41.0,
            20.616,
            38.21,
            0.0,
            53.075
        ],
        [
            56.727,
            11.662,
            51.614,
            10.198,
            38.013,
            16.0,
            30.265,
            35.355,
            14.866,
            53.075,
            0.0
        ]
    ],
    "distances_scv": [
        [
            0.0,
            0.133,
            0.179,
            0.13,
            0.145,
            0.113,
            0.14,
            0.12,
            0.126,
            0.175,
            0.128
        ],
        [
            0.149,
            0.0,
            0.196,
            0.172,
            0.154,
            0.128,
            0.116,
            0.197,
            0.152,
            0.112,
            0.162
        ],
        [
            0.178,
            0.161,
            0.0,
            0.104,
            0.153,
            0.146,
            0.106,
            0.164,
            0.185,
            0.159,
            0.126
        ],
        [
            0.184,
            0.151,
            0.151,
            0.0,
            0.115,
            0.182,
            0.168,
            0.179,
            0.119,
            0.18,
            0.119
        ],
        [
            0.108,
            0.186,
            0.186,
            0.188,
            0.0,
            0.127,
            0.101,
            0.165,
            0.172,
            0.184,
            0.128
        ],
        [
            0.122,
            0.164,
            0.181,
            0.196,
            0.115,
            0.0,
            0.189,
            0.142,
            0.159,
            0.102,
            0.167
        ],
        [
            0.192,
            0.183,
            0.189,
            0.166,
            0.125,
            0.177,
            0.0,
            0.183,
            0.106,
            0.183,
            0.116
        ],
        [
            0.138,
            0.132,
            0.169,
            0.118,
            0.14,
            0.101,
            0.126,
            0.0,
            0.111,
            0.163,
            0.138
        ],
        [
            0.173,
            0.165,
            0.143,
            0.187,
            0.163,
            0.181,
            0.134,
            0.154,
            0.0,
            0.2,
            0.124
        ],
        [
            0.126,
            0.107,
            0.126,
            0.176,
            0.17,
            0.113,
            0.138,
            0.142,
            0.166,
            0.0,
            0.159
        ],
        [
            0.184,
            0.173,
            0.137,
            0.145,
            0.137,
            0.111,
            0.12,
            0.128,
            0.131,
            0.131,
            0.0
        ]
    ],
    "service_scv": [
        0.0,
        0.3,
        0.131,
        0.295,
        0.185,
        0.153,
        0.302,
        0.414,
        0.218,
        0.408,
        0.31
    ],
    "service": [
        0,
        30,
        27,
        24,
        5,
        24,
        22,
        23,
        22,
        18,
        11
    ]
}
