{
    "coords": [
        [
            0,
            0
        ],
        [
            48,
            47
        ],
        [
            3,
            9
        ],
        [
            9,
            8
        ],
        [
            29,
            17
        ],
        [
            24,
            11
        ],
        [
            47,
            33
        ],
        [
            33,
            5
        ],
        [
            7,
            44
        ],
        [
            15,
            42
        ],
        [
            39,
            0
        ]
    ],
    "dimension": 11,
    "distances": [
        [
            0.0,
            67.179,
            9.487,
            12.042,
            33.615,
            26.401,
            57.428,
            33.377,
            44.553,
            44.598,
            39.0
        ],
        [
            67.179,
            0.0,
            58.898,
            55.154,
            35.511,
            43.267,
            14.036,
            44.598,
            41.11,
            33.377,
            47.854
        ],
        [
            9.487,
            58.898,
            0.0,
            6.083,
            27.203,
            21.095,
            50.12,
            30.265,
            35.228,
            35.114,
            37.108
        ],
        [
            12.042,
            55.154,
            6.083,
            0.0,
            21.932,
            15.297,
            45.486,
            24.187,
            36.056,
            34.525,
            31.048
        ],
        [
            33.615,
            35.511,
            27.203,
            21.932,
            0.0,
            7.81,
            24.083,
            12.649,
            34.828,
            28.653,
            19.723
        ],
        [
            26.401,
            43.267,
            21.095,
            15.297,
            7.81,
            0.0,
            31.828,
            10.817,
            37.121,
            32.28,
            18.601
        ],
        [
            57.428,
            14.036,
            50.12,
            45.486,
            24.083,
            31.828,
            0.0,
            31.305,
            41.485,
            33.242,
            33.956
        ],
        [
            33.377,
            44.598,
            30.265,
            24.187,
            12.649,
            10.817,
            31.305,
            0.0,
            46.872,
            41.146,
            7.81
        ],
        [
            44.553,
            41.11,
            35.228,
            36.056,
            34.828,
            37.121,
            41.485,
            46.872,
            0.0,
            8.246,
            54.406
        ],
        [
            44.598,
            33.377,
            35.114,
            34.525,
            28.653,
            32.28,
            33.242,
            41.146,
            8.246,
            0.0,
            48.374
        ],
        [
            39.0,
            47.854,
            37.108,
            31.048,
            19.723,
            18.601,
            33.956,
            7.81,
            54.406,
            48.374,
            0.0
        ]
    ],
    "distances_scv": [
        [
            0.0,
            0.143,
            0.203,
            0.267,
            0.281,
            0.287,
            0.471,
            0.204,
            0.175,
            0.368,
            0.479
        ],
        [
            0.469,
            0.0,
            0.126,
            0.475,
            0.36,
            0.449,
            0.263,
            0.188,
            0.417,
            0.365,
            0.412
        ],
        [
            0.181,
            0.154,
            0.0,
            0.108,
            0.478,
            0.154,
            0.34,
            0.268,
            0.23,
            0.168,
            0.412
        ],
        [
            0.466,
            0.392,
            0.34,
            0.0,
            0.314,
            0.323,
            0.462,
            0.213,
            0.189,
            0.479,
            0.477
        ],
        [
            0.29,
            0.42,
            0.397,
            0.48,
            0.0,
            0.459,
            0.3,
            0.28,
            0.375,
            0.347,
            0.275
        ],
        [
            0.216,
            0.467,
            0.428,
            0.141,
            0.262,
            0.0,
            0.452,
            0.485,
            0.196,
            0.457,
            0.378
        ],
        [
            0.127,
            0.184,
            0.175,
            0.131,
            0.375,
            0.224,
            0.0,
            0.133,
            0.448,
            0.378,
            0.413
        ],
        [
            0.343,
            0.283,
            0.177,
            0.477,
            0.158,
            0.309,
            0.149,
            0.0,
            0.379,
            0.456,
            0.284
        ],
        [
            0.418,
            0.444,
            0.314,
            0.41,
            0.217,
            0.16,
            0.176,
            0.103,
            0.0,
            0.4,
            0.461
        ],
        [
            0.123,
            0.388,
            0.411,
            0.372,
            0.3,
            0.294,
            0.378,
            0.198,
            0.401,
            0.0,
            0.114
        ],
        [
            0.473,
            0.136,
            0.179,
            0.122,
            0.104,
            0.15,
            0.469,
            0.378,
            0.262,
            0.103,
            0.0
        ]
    ],
    "service_scv": [
        0.0,
        0.65,
        0.909,
        0.762,
        0.777,
        1.293,
        0.969,
        1.496,
        0.598,
        0.794,
        1.381
    ],
    "service": [
        0,
        15,
        7,
        26,
        23,
        16,
        21,
        3,
        30,
        3,
        6
    ]
}
