{
    "coords": [
        [
            0,
            0
        ],
        [
            10,
            15
        ],
        [
            49,
            6
        ],
        [
            29,
            16
        ],
        [
            21,
            46
        ],
        [
            9,
            39
        ],
        [
            37,
            0
        ],
        [
            45,
            9
        ],
        [
            15,
            14
        ],
        [
            49,
            47
        ],
        [
            14,
            20
        ]
    ],
    "dimension": 11,
    "distances": [
        [
            0.0,
            18.028,
            49.366,
            33.121,
            50.567,
            40.025,
            37.0,
            45.891,
            20.518,
            67.897,
            24.413
        ],
        [
            18.028,
            0.0,
            40.025,
            19.026,
            32.894,
            24.021,
            30.887,
            35.511,
            5.099,
            50.448,
            6.403
        ],
        [
            49.366,
            40.025,
            0.0,
            22.361,
            48.826,
            51.856,
            13.416,
            5.0,
            34.928,
            41.0,
            37.696
        ],
        [
            33.121,
            19.026,
            22.361,
            0.0,
            31.048,
            30.48,
            17.889,
            17.464,
            14.142,
            36.892,
            15.524
        ],
        [
            50.567,
            32.894,
            48.826,
            31.048,
            0.0,
            13.892,
            48.703,
            44.102,
            32.558,
            28.018,
            26.926
        ],
        [
            40.025,
            24.021,
            51.856,
            30.48,
            13.892,
            0.0,
            48.01,
            46.861,
            25.71,
            40.792,
            19.647
        ],
        [
            37.0,
            30.887,
            13.416,
            17.889,
            48.703,
            48.01,
            0.0,
            12.042,
            26.077,
            48.508,
            30.48
        ],
        [
            45.891,
            35.511,
            5.0,
            17.464,
            44.102,
            46.861,
            12.042,
            0.0,
            30.414,
            38.21,
            32.894
        ],
        [
            20.518,
            5.099,
            34.928,
            14.142,
            32.558,
            25.71,
            26.077,
            30.414,
            0.0,
            47.381,
            6.083
        ],
        [
            67.897,
            50.448,
            41.0,
            36.892,
            28.018,
            40.792,
            48.508,
            38.21,
            47.381,
            0.0,
            44.204
        ],
        [
            24.413,
            6.403,
            37.696,
            15.524,
            26.926,
            19.647,
            30.48,
            32.894,
            6.083,
            44.204,
            0.0
        ]
    ],
    "distances_scv": [
        [
            0.0,
            0.444,
            0.463,
            0.221,
            0.242,
            0.401,
            0.207,
            0.416,
            0.28,
            0.359,
            0.458
        ],
        [
            0.112,
            0.0,
            0.408,
            0.34,
            0.145,
            0.456,
            0.488,
            0.106,
            0.274,
            0.24,
            0.46
        ],
        [
            0.117,
            0.442,
            0.0,
            0.136,
            0.286,
            0.218,
            0.324,
            0.102,
            0.498,
            0.261,
            0.359
        ],
        [
            0.225,
            0.417,
            0.436,
            0.0,
            0.349,
            0.171,
            0.156,
            0.122,
            0.358,
            0.468,
            0.108
        ],
        [
            0.278,
            0.462,
            0.414,
            0.138,
            0.0,
            0.496,
            0.257,
            0.374,
            0.217,
            0.282,
            0.121
        ],
        [
            0.344,
            0.395,
            0.265,
            0.154,
            0.349,
            0.0,
            0.322,
            0.342,
            0.389,
            0.191,
            0.365
        ],
        [
            0.307,
            0.328,
            0.307,
            0.378,
            0.19,
            0.473,
            0.0,
            0.395,
            0.442,
            0.113,
            0.489
        ],
        [
            0.103,
            0.361,
            0.209,
            0.368,
            0.492,
            0.177,
            0.499,
            0.0,
            0.253,
            0.442,
            0.184
        ],
        [
            0.303,
            0.284,
            0.195,
            0.489,
            0.387,
            0.456,
            0.279,
            0.396,
            0.0,
            0.421,
            0.317
        ],
        [
            0.216,
            0.194,
            0.179,
            0.353,
            0.119,
            0.32,
            0.188,
            0.282,
            0.368,
            0.0,
            0.112
        ],
        [
            0.339,
            0.33,
            0.243,
            0.421,
            0.338,
            0.456,
            0.103,
            0.456,
            0.245,
            0.38,
            0.0
        ]
    ],
    "service_scv": [
        0.0,
        0.38,
        0.485,
        0.438,
        0.493,
        0.488,
        0.446,
        0.196,
        0.32,
        0.408,
        0.319
    ],
    "service": [
        0,
        21,
        21,
        1,
        29,
        7,
        13,
        12,
        3,
        14,
        13
    ]
}
