{
    "coords": [
        [
            0,
            0
        ],
        [
            19,
            30
        ],
        [
            23,
            35
        ],
        [
            17,
            4
        ],
        [
            14,
            31
        ],
        [
            31,
            49
        ],
        [
            12,
            21
        ],
        [
            47,
            5
        ],
        [
            35,
            47
        ],
        [
            45,
            33
        ],
        [
            44,
            9
        ]
    ],
    "dimension": 11,
    "distances": [
        [
            0.0,
            35.511,
            41.881,
            17.464,
            34.015,
            57.983,
            24.187,
            47.265,
            58.6,
            55.803,
            44.911
        ],
        [
            35.511,
            0.0,
            6.403,
            26.077,
            5.099,
            22.472,
            11.402,
            37.537,
            23.345,
            26.173,
            32.65
        ],
        [
            41.881,
            6.403,
            0.0,
            31.575,
            9.849,
            16.125,
            17.804,
            38.419,
            16.971,
            22.091,
            33.422
        ],
        [
            17.464,
            26.077,
            31.575,
            0.0,
            27.166,
            47.127,
            17.72,
            30.017,
            46.615,
            40.311,
            27.459
        ],
        [
            34.015,
            5.099,
            9.849,
            27.166,
            0.0,
            24.759,
            10.198,
            42.012,
            26.401,
            31.064,
            37.202
        ],
        [
            57.983,
            22.472,
            16.125,
            47.127,
            24.759,
            0.0,
            33.838,
            46.819,
            4.472,
            21.26,
            42.059
        ],
        [
            24.187,
            11.402,
            17.804,
            17.72,
            10.198,
            33.838,
            0.0,
            38.484,
            34.713,
            35.114,
            34.176
        ],
        [
            47.265,
            37.537,
            38.419,
            30.017,
            42.012,
            46.819,
            38.484,
            0.0,
            43.681,
            28.071,
            5.0
        ],
        [
            58.6,
            23.345,
            16.971,
            46.615,
            26.401,
            4.472,
            34.713,
            43.681,
            0.0,
            17.205,
            39.051
        ],
        [
            55.803,
            26.173,
            22.091,
            40.311,
            31.064,
            21.26,
            35.114,
            28.071,
            17.205,
            0.0,
            24.021
        ],
        [
            44.911,
            32.65,
            33.422,
            27.459,
            37.202,
            42.059,
            34.176,
            5.0,
            39.051,
            24.021,
            0.0
        ]
    ],
    "distances_scv": [
        [
            0.0,
            0.199,
            0.121,
            0.185,
            0.17,
            0.122,
            0.118,
            0.195,
            0.134,
            0.144,
            0.166
        ],
        [
            0.144,
            0.0,
            0.126,
            0.147,
            0.176,
            0.161,
            0.143,
            0.119,
            0.178,
            0.119,
            0.172
        ],
        [
            0.15,
            0.155,
            0.0,
            0.12,
            0.117,
            0.164,
            0.128,
            0.101,
            0.119,
            0.192,
            0.171
        ],
        [
            0.158,
            0.14,
            0.182,
            0.0,
            0.163,
            0.101,
            0.165,
            0.197,
            0.171,
            0.108,
            0.159
        ],
        [
            0.132,
            0.192,
            0.102,
            0.101,
            0.0,
            0.134,
            0.188,
            0.156,
            0.166,
            0.104,
            0.117
        ],
        [
            0.138,
            0.163,
            0.175,
            0.157,
            0.128,
            0.0,
            0.142,
            0.126,
            0.176,
            0.189,
            0.18
        ],
        [
            0.112,
            0.179,
            0.102,
            0.114,
            0.17,
            0.132,
            0.0,
            0.169,
            0.164,
            0.16,
            0.191
        ],
        [
            0.183,
            0.103,
            0.198,
            0.143,
            0.13,
            0.187,
            0.192,
            0.0,
            0.172,
            0.101,
            0.128
        ],
        [
            0.181,
            0.2,
            0.128,
            0.176,
            0.111,
            0.175,
            0.136,
            0.108,
            0.0,
            0.157,
            0.147
        ],
        [
            0.169,
            0.135,
            0.16,
            0.138,
            0.177,
            0.101,
            0.159,
            0.159,
            0.106,
            0.0,
            0.163
        ],
        [
            0.195,
            0.119,
            0.142,
            0.186,
            0.194,
            0.169,
            0.135,
            0.174,
            0.145,
            0.153,
            0.0
        ]
    ],
    "service_scv": [
        0.0,
        0.108,
        0.176,
        0.267,
        0.344,
        0.247,
        0.211,
        0.11,
        0.271,
        0.476,
        0.112
    ],
    "service": [
        0.0,
        31.048,
        10.734,
        23.348,
        1.0,
        15.39,
        50.183,
        21.857,
        34.862,
        40.622,
        22.636
    ]
}
