{
    "coords": [
        [
            0,
            0
        ],
        [
            29,
            25
        ],
        [
            11,
            25
        ],
        [
            32,
            13
        ],
        [
            28,
            6
        ],
        [
            46,
            1
        ],
        [
            20,
            19
        ],
        [
            3,
            19
        ],
        [
            31,
            1
        ],
        [
            0,
            11
        ],
        [
            6,
            39
        ]
    ],
    "dimension": 11,
    "distances": [
        [
            0.0,
            38.288,
            27.313,
            34.54,
            28.636,
            46.011,
            27.586,
            19.235,
            31.016,
            11.0,
            39.459
        ],
        [
            38.288,
            0.0,
            18.0,
            12.369,
            19.026,
            29.411,
            10.817,
            26.683,
            24.083,
            32.202,
            26.926
        ],
        [
            27.313,
            18.0,
            0.0,
            24.187,
            25.495,
            42.438,
            10.817,
            10.0,
            31.241,
            17.804,
            14.866
        ],
        [
            34.54,
            12.369,
            24.187,
            0.0,
            8.062,
            18.439,
            13.416,
            29.614,
            12.042,
            32.062,
            36.77
        ],
        [
            28.636,
            19.026,
            25.495,
            8.062,
            0.0,
            18.682,
            15.264,
            28.178,
            5.831,
            28.443,
            39.661
        ],
        [
            46.011,
            29.411,
            42.438,
            18.439,
            18.682,
            0.0,
            31.623,
            46.615,
            15.0,
            47.074,
            55.172
        ],
        [
            27.586,
            10.817,
            10.817,
            13.416,
            15.264,
            31.623,
            0.0,
            17.0,
            21.095,
            21.541,
            24.413
        ],
        [
            19.235,
            26.683,
            10.0,
            29.614,
            28.178,
            46.615,
            17.0,
            0.0,
            33.287,
            8.544,
            20.224
        ],
        [
            31.016,
            24.083,
            31.241,
            12.042,
            5.831,
            15.0,
            21.095,
            33.287,
            0.0,
            32.573,
            45.486
        ],
        [
            11.0,
            32.202,
            17.804,
            32.062,
            28.443,
            47.074,
            21.541,
            8.544,
            32.573,
            0.0,
            28.636
        ],
        [
            39.459,
            26.926,
            14.866,
            36.77,
            39.661,
            55.172,
            24.413,
            20.224,
            45.486,
            28.636,
            0.0
        ]
    ],
    "distances_scv": [
        [
            0.0,
            0.198,
            0.186,
            0.163,
            0.119,
            0.184,
            0.142,
            0.103,
            0.195,
            0.194,
            0.132
        ],
        [
            0.149,
            0.0,
            0.176,
            0.197,
            0.161,
            0.161,
            0.123,
            0.127,
            0.138,
            0.157,
            0.173
        ],
        [
            0.105,
            0.156,
            0.0,
            0.122,
            0.142,
            0.104,
            0.179,
            0.116,
            0.166,
            0.124,
            0.195
        ],
        [
            0.187,
            0.154,
            0.164,
            0.0,
            0.118,
            0.118,
            0.104,
            0.151,
            0.146,
            0.12,
            0.191
        ],
        [
            0.196,
            0.199,
            0.187,
            0.145,
            0.0,
            0.149,
            0.112,
            0.107,
            0.131,
            0.152,
            0.114
        ],
        [
            0.198,
            0.107,
            0.129,
            0.176,
            0.117,
            0.0,
            0.125,
            0.11,
            0.156,
            0.149,
            0.167
        ],
        [
            0.194,
            0.161,
            0.158,
            0.173,
            0.131,
            0.135,
            0.0,
            0.136,
            0.139,
            0.137,
            0.153
        ],
        [
            0.132,
            0.194,
            0.153,
            0.148,
            0.114,
            0.161,
            0.148,
            0.0,
            0.12,
            0.115,
            0.102
        ],
        [
            0.199,
            0.184,
            0.188,
            0.122,
            0.107,
            0.197,
            0.184,
            0.174,
            0.0,
            0.165,
            0.177
        ],
        [
            0.154,
            0.171,
            0.119,
            0.156,
            0.171,
            0.116,
            0.129,
            0.104,
            0.183,
            0.0,
            0.146
        ],
        [
            0.173,
            0.106,
            0.108,
            0.168,
            0.172,
            0.157,
            0.103,
            0.149,
            0.198,
            0.155,
            0.0
        ]
    ],
    "service_scv": [
        0.0,
        0.318,
        0.209,
        0.362,
        0.325,
        0.102,
        0.185,
        0.145,
        0.422,
        0.232,
        0.465
    ],
    "service": [
        0.0,
        36.066,
        43.053,
        65.166,
        17.046,
        2.785,
        34.649,
        10.744,
        9.778,
        29.104,
        49.941
    ]
}
