{
    "coords": [
        [
            0,
            0
        ],
        [
            5,
            8
        ],
        [
            22,
            27
        ],
        [
            38,
            18
        ],
        [
            1,
            10
        ],
        [
            22,
            19
        ],
        [
            45,
            21
        ],
        [
            31,
            30
        ],
        [
            4,
            36
        ],
        [
            2,
            0
        ],
        [
            29,
            12
        ]
    ],
    "dimension": 11,
    "distances": [
        [
            0.0,
            9.434,
            34.828,
            42.048,
            10.05,
            29.069,
            49.659,
            43.139,
            36.222,
            2.0,
            31.385
        ],
        [
            9.434,
            0.0,
            25.495,
            34.482,
            4.472,
            20.248,
            42.059,
            34.059,
            28.018,
            8.544,
            24.331
        ],
        [
            34.828,
            25.495,
            0.0,
            18.358,
            27.019,
            8.0,
            23.77,
            9.487,
            20.125,
            33.601,
            16.553
        ],
        [
            42.048,
            34.482,
            18.358,
            0.0,
            37.855,
            16.031,
            7.616,
            13.892,
            38.471,
            40.249,
            10.817
        ],
        [
            10.05,
            4.472,
            27.019,
            37.855,
            0.0,
            22.847,
            45.354,
            36.056,
            26.173,
            10.05,
            28.071
        ],
        [
            29.069,
            20.248,
            8.0,
            16.031,
            22.847,
            0.0,
            23.087,
            14.213,
            24.759,
            27.586,
            9.899
        ],
        [
            49.659,
            42.059,
            23.77,
            7.616,
            45.354,
            23.087,
            0.0,
            16.643,
            43.658,
            47.854,
            18.358
        ],
        [
            43.139,
            34.059,
            9.487,
            13.892,
            36.056,
            14.213,
            16.643,
            0.0,
            27.659,
            41.725,
            18.111
        ],
        [
            36.222,
            28.018,
            20.125,
            38.471,
            26.173,
            24.759,
            43.658,
            27.659,
            0.0,
            36.056,
            34.655
        ],
        [
            2.0,
            8.544,
            33.601,
            40.249,
            10.05,
            27.586,
            47.854,
            41.725,
            36.056,
            0.0,
            29.547
        ],
        [
            31.385,
            24.331,
            16.553,
            10.817,
            28.071,
            9.899,
            18.358,
            18.111,
            34.655,
            29.547,
            0.0
        ]
    ],
    "distances_scv": [
        [
            0.0,
            0.108,
            0.2,
            0.183,
            0.104,
            0.157,
            0.161,
            0.101,
            0.118,
            0.116,
            0.146
        ],
        [
            0.157,
            0.0,
            0.192,
            0.181,
            0.14,
            0.12,
            0.136,
            0.186,
            0.135,
            0.199,
            0.157
        ],
        [
            0.124,
            0.166,
            0.0,
            0.151,
            0.128,
            0.163,
            0.148,
            0.165,
            0.154,
            0.112,
            0.191
        ],
        [
            0.102,
            0.131,
            0.117,
            0.0,
            0.162,
            0.155,
            0.172,
            0.149,
            0.184,
            0.135,
            0.155
        ],
        [
            0.15,
            0.102,
            0.123,
            0.108,
            0.0,
            0.101,
            0.129,
            0.137,
            0.165,
            0.184,
            0.142
        ],
        [
            0.163,
            0.152,
            0.123,
            0.12,
            0.145,
            0.0,
            0.159,
            0.17,
            0.173,
            0.162,
            0.124
        ],
        [
            0.144,
            0.151,
            0.101,
            0.13,
            0.136,
            0.101,
            0.0,
            0.155,
            0.109,
            0.125,
            0.19
        ],
        [
            0.144,
            0.126,
            0.186,
            0.146,
            0.163,
            0.19,
            0.154,
            0.0,
            0.171,
            0.194,
            0.142
        ],
        [
            0.166,
            0.187,
            0.116,
            0.178,
            0.147,
            0.155,
            0.192,
            0.181,
            0.0,
            0.141,
            0.168
        ],
        [
            0.181,
            0.116,
            0.17,
            0.152,
            0.108,
            0.152,
            0.145,
            0.144,
            0.127,
            0.0,
            0.176
        ],
        [
            0.134,
            0.186,
            0.17,
            0.175,
            0.14,
            0.117,
            0.101,
            0.141,
            0.147,
            0.139,
            0.0
        ]
    ],
    "service_scv": [
        0.0,
        0.481,
        0.355,
        0.101,
        0.356,
        0.297,
        0.416,
        0.244,
        0.377,
        0.246,
        0.334
    ],
    "service": [
        0,
        2,
        20,
        27,
        1,
        12,
        25,
        27,
        13,
        25,
        19
    ]
}
