{
    "coords": [
        [
            0,
            0
        ],
        [
            1,
            34
        ],
        [
            21,
            47
        ],
        [
            1,
            2
        ],
        [
            23,
            34
        ],
        [
            3,
            46
        ],
        [
            35,
            23
        ],
        [
            2,
            16
        ],
        [
            33,
            30
        ],
        [
            38,
            36
        ],
        [
            39,
            5
        ]
    ],
    "dimension": 11,
    "distances": [
        [
            0.0,
            34.015,
            51.478,
            2.236,
            41.049,
            46.098,
            41.881,
            16.125,
            44.598,
            52.345,
            39.319
        ],
        [
            34.015,
            0.0,
            23.854,
            32.0,
            22.0,
            12.166,
            35.735,
            18.028,
            32.249,
            37.054,
            47.802
        ],
        [
            51.478,
            23.854,
            0.0,
            49.244,
            13.153,
            18.028,
            27.785,
            36.359,
            20.809,
            20.248,
            45.695
        ],
        [
            2.236,
            32.0,
            49.244,
            0.0,
            38.833,
            44.045,
            39.962,
            14.036,
            42.521,
            50.249,
            38.118
        ],
        [
            41.049,
            22.0,
            13.153,
            38.833,
            0.0,
            23.324,
            16.279,
            27.659,
            10.77,
            15.133,
            33.121
        ],
        [
            46.098,
            12.166,
            18.028,
            44.045,
            23.324,
            0.0,
            39.408,
            30.017,
            34.0,
            36.401,
            54.562
        ],
        [
            41.881,
            35.735,
            27.785,
            39.962,
            16.279,
            39.408,
            0.0,
            33.734,
            7.28,
            13.342,
            18.439
        ],
        [
            16.125,
            18.028,
            36.359,
            14.036,
            27.659,
            30.017,
            33.734,
            0.0,
            34.015,
            41.183,
            38.601
        ],
        [
            44.598,
            32.249,
            20.809,
            42.521,
            10.77,
            34.0,
            7.28,
            34.015,
            0.0,
            7.81,
            25.71
        ],
        [
            52.345,
            37.054,
            20.248,
            50.249,
            15.133,
            36.401,
            13.342,
            41.183,
            7.81,
            0.0,
            31.016
        ],
        [
            39.319,
            47.802,
            45.695,
            38.118,
            33.121,
            54.562,
            18.439,
            38.601,
            25.71,
            31.016,
            0.0
        ]
    ],
    "distances_scv": [
        [
            0.0,
            0.355,
            0.117,
            0.119,
            0.228,
            0.184,
            0.41,
            0.419,
            0.169,
            0.156,
            0.248
        ],
        [
            0.312,
            0.0,
            0.252,
            0.273,
            0.244,
            0.21,
            0.348,
            0.208,
            0.267,
            0.305,
            0.222
        ],
        [
            0.234,
            0.197,
            0.0,
            0.191,
            0.217,
            0.382,
            0.158,
            0.348,
            0.299,
            0.176,
            0.231
        ],
        [
            0.232,
            0.223,
            0.145,
            0.0,
            0.345,
            0.165,
            0.121,
            0.292,
            0.256,
            0.154,
            0.141
        ],
        [
            0.493,
            0.42,
            0.345,
            0.27,
            0.0,
            0.329,
            0.339,
            0.21,
            0.326,
            0.363,
            0.401
        ],
        [
            0.379,
            0.453,
            0.134,
            0.47,
            0.334,
            0.0,
            0.407,
            0.149,
            0.156,
            0.498,
            0.428
        ],
        [
            0.479,
            0.206,
            0.271,
            0.226,
            0.477,
            0.478,
            0.0,
            0.113,
            0.193,
            0.379,
            0.256
        ],
        [
            0.14,
            0.489,
            0.157,
            0.138,
            0.325,
            0.192,
            0.226,
            0.0,
            0.277,
            0.342,
            0.434
        ],
        [
            0.287,
            0.372,
            0.392,
            0.281,
            0.148,
            0.454,
            0.252,
            0.463,
            0.0,
            0.365,
            0.402
        ],
        [
            0.28,
            0.198,
            0.418,
            0.445,
            0.201,
            0.218,
            0.187,
            0.116,
            0.238,
            0.0,
            0.454
        ],
        [
            0.234,
            0.383,
            0.307,
            0.404,
            0.182,
            0.196,
            0.148,
            0.359,
            0.333,
            0.428,
            0.0
        ]
    ],
    "service_scv": [
        0.0,
        1.472,
        0.644,
        0.568,
        0.569,
        0.808,
        0.807,
        1.155,
        1.079,
        1.107,
        1.438
    ],
    "service": [
        0.0,
        38.438,
        39.579,
        31.989,
        20.055,
        50.83,
        12.883,
        36.926,
        13.225,
        33.13,
        16.835
    ]
}
