{
    "coords": [
        [
            0,
            0
        ],
        [
            44,
            25
        ],
        [
            47,
            48
        ],
        [
            48,
            4
        ],
        [
            22,
            30
        ],
        [
            14,
            18
        ],
        [
            31,
            40
        ],
        [
            29,
            8
        ],
        [
            33,
            43
        ],
        [
            10,
            27
        ],
        [
            16,
            45
        ]
    ],
    "dimension": 11,
    "distances": [
        [
            0.0,
            50.606,
            67.179,
            48.166,
            37.202,
            22.804,
            50.606,
            30.083,
            54.203,
            28.792,
            47.76
        ],
        [
            50.606,
            0.0,
            23.195,
            21.378,
            22.561,
            30.806,
            19.849,
            22.672,
            21.095,
            34.059,
            34.409
        ],
        [
            67.179,
            23.195,
            0.0,
            44.011,
            30.806,
            44.598,
            17.889,
            43.863,
            14.866,
            42.544,
            31.145
        ],
        [
            48.166,
            21.378,
            44.011,
            0.0,
            36.77,
            36.77,
            39.812,
            19.416,
            41.785,
            44.418,
            52.01
        ],
        [
            37.202,
            22.561,
            30.806,
            36.77,
            0.0,
            14.422,
            13.454,
            23.087,
            17.029,
            12.369,
            16.155
        ],
        [
            22.804,
            30.806,
            44.598,
            36.77,
            14.422,
            0.0,
            27.803,
            18.028,
            31.401,
            9.849,
            27.074
        ],
        [
            50.606,
            19.849,
            17.889,
            39.812,
            13.454,
            27.803,
            0.0,
            32.062,
            3.606,
            24.698,
            15.811
        ],
        [
            30.083,
            22.672,
            43.863,
            19.416,
            23.087,
            18.028,
            32.062,
            0.0,
            35.228,
            26.87,
            39.217
        ],
        [
            54.203,
            21.095,
            14.866,
            41.785,
            17.029,
            31.401,
            3.606,
            35.228,
            0.0,
            28.018,
            17.117
        ],
        [
            28.792,
            34.059,
            42.544,
            44.418,
            12.369,
            9.849,
            24.698,
            26.87,
            28.018,
            0.0,
            18.974
        ],
        [
            47.76,
            34.409,
            31.145,
            52.01,
            16.155,
            27.074,
            15.811,
            39.217,
            17.117,
            18.974,
            0.0
        ]
    ],
    "distances_scv": [
        [
            0.0,
            0.15,
            0.15,
            0.15,
            0.15,
            0.15,
            0.15,
            0.15,
            0.15,
            0.15,
            0.15
        ],
        [
            0.15,
            0.0,
            0.15,
            0.15,
            0.15,
            0.15,
            0.15,
            0.15,
            0.15,
            0.15,
            0.15
        ],
        [
            0.15,
            0.15,
            0.0,
            0.15,
            0.15,
            0.15,
            0.15,
            0.15,
            0.15,
            0.15,
            0.15
        ],
        [
            0.15,
            0.15,
            0.15,
            0.0,
            0.15,
            0.15,
            0.15,
            0.15,
            0.15,
            0.15,
            0.15
        ],
        [
            0.15,
            0.15,
            0.15,
            0.15,
            0.0,
            0.15,
            0.15,
            0.15,
            0.15,
            0.15,
            0.15
        ],
        [
            0.15,
            0.15,
            0.15,
            0.15,
            0.15,
            0.0,
            0.15,
            0.15,
            0.15,
            0.15,
            0.15
        ],
        [
            0.15,
            0.15,
            0.15,
            0.15,
            0.15,
            0.15,
            0.0,
            0.15,
            0.15,
            0.15,
            0.15
        ],
        [
            0.15,
            0.15,
            0.15,
            0.15,
            0.15,
            0.15,
            0.15,
            0.0,
            0.15,
            0.15,
            0.15
        ],
        [
            0.15,
            0.15,
            0.15,
            0.15,
            0.15,
            0.15,
            0.15,
            0.15,
            0.0,
            0.15,
            0.15
        ],
        [
            0.15,
            0.15,
            0.15,
            0.15,
            0.15,
            0.15,
            0.15,
            0.15,
            0.15,
            0.0,
            0.15
        ],
        [
            0.15,
            0.15,
            0.15,
            0.15,
            0.15,
            0.15,
            0.15,
            0.15,
            0.15,
            0.15,
            0.0
        ]
    ],
    "service_scv": [
        0.0,
        1.44,
        0.741,
        1.463,
        0.732,
        1.035,
        1.331,
        1.488,
        1.206,
        1.335,
        0.892
    ],
    "service": [
        0,
        55,
        56,
        41,
        32,
        50,
        59,
        54,
        51,
        32,
        36
    ]
}
