{
    "coords": [
        [
            0,
            0
        ],
        [
            42,
            0
        ],
        [
            11,
            10
        ],
        [
            27,
            18
        ],
        [
            7,
            0
        ],
        [
            29,
            9
        ],
        [
            12,
            49
        ],
        [
            27,
            39
        ],
        [
            34,
            6
        ],
        [
            10,
            11
        ],
        [
            4,
            38
        ]
    ],
    "dimension": 11,
    "distances": [
        [
            0.0,
            42.0,
            14.866,
            32.45,
            7.0,
            30.364,
            50.448,
            47.434,
            34.525,
            14.866,
            38.21
        ],
        [
            42.0,
            0.0,
            32.573,
            23.431,
            35.0,
            15.811,
            57.454,
            41.785,
            10.0,
            33.838,
            53.74
        ],
        [
            14.866,
            32.573,
            0.0,
            17.889,
            10.77,
            18.028,
            39.013,
            33.121,
            23.345,
            1.414,
            28.862
        ],
        [
            32.45,
            23.431,
            17.889,
            0.0,
            26.907,
            9.22,
            34.438,
            21.0,
            13.892,
            18.385,
            30.48
        ],
        [
            7.0,
            35.0,
            10.77,
            26.907,
            0.0,
            23.77,
            49.254,
            43.829,
            27.659,
            11.402,
            38.118
        ],
        [
            30.364,
            15.811,
            18.028,
            9.22,
            23.77,
            0.0,
            43.463,
            30.067,
            5.831,
            19.105,
            38.288
        ],
        [
            50.448,
            57.454,
            39.013,
            34.438,
            49.254,
            43.463,
            0.0,
            18.028,
            48.301,
            38.053,
            13.601
        ],
        [
            47.434,
            41.785,
            33.121,
            21.0,
            43.829,
            30.067,
            18.028,
            0.0,
            33.734,
            32.757,
            23.022
        ],
        [
            34.525,
            10.0,
            23.345,
            13.892,
            27.659,
            5.831,
            48.301,
            33.734,
            0.0,
            24.515,
            43.863
        ],
        [
            14.866,
            33.838,
            1.414,
            18.385,
            11.402,
            19.105,
            38.053,
            32.757,
            24.515,
            0.0,
            27.659
        ],
        [
            38.21,
            53.74,
            28.862,
            30.48,
            38.118,
            38.288,
            13.601,
            23.022,
            43.863,
            27.659,
            0.0
        ]
    ],
    "distances_scv": [
        [
            0.0,
            0.135,
            0.179,
            0.115,
            0.154,
            0.16,
            0.179,
            0.128,
            0.141,
            0.138,
            0.114
        ],
        [
            0.168,
            0.0,
            0.151,
            0.163,
            0.161,
            0.107,
            0.13,
            0.14,
            0.119,
            0.172,
            0.167
        ],
        [
            0.177,
            0.102,
            0.0,
            0.124,
            0.154,
            0.108,
            0.193,
            0.103,
            0.163,
            0.176,
            0.158
        ],
        [
            0.139,
            0.186,
            0.13,
            0.0,
            0.155,
            0.112,
            0.108,
            0.194,
            0.147,
            0.122,
            0.17
        ],
        [
            0.189,
            0.108,
            0.141,
            0.133,
            0.0,
            0.118,
            0.127,
            0.108,
            0.161,
            0.121,
            0.167
        ],
        [
            0.124,
            0.184,
            0.171,
            0.193,
            0.143,
            0.0,
            0.194,
            0.164,
            0.191,
            0.15,
            0.177
        ],
        [
            0.149,
            0.135,
            0.174,
            0.124,
            0.108,
            0.145,
            0.0,
            0.102,
            0.172,
            0.15,
            0.115
        ],
        [
            0.162,
            0.145,
            0.126,
            0.13,
            0.178,
            0.128,
            0.107,
            0.0,
            0.128,
            0.155,
            0.144
        ],
        [
            0.191,
            0.113,
            0.121,
            0.151,
            0.142,
            0.153,
            0.189,
            0.167,
            0.0,
            0.178,
            0.135
        ],
        [
            0.147,
            0.189,
            0.114,
            0.156,
            0.194,
            0.181,
            0.152,
            0.192,
            0.193,
            0.0,
            0.112
        ],
        [
            0.156,
            0.127,
            0.126,
            0.123,
            0.115,
            0.194,
            0.177,
            0.143,
            0.111,
            0.197,
            0.0
        ]
    ],
    "service_scv": [
        0.0,
        0.13,
        0.195,
        0.408,
        0.133,
        0.474,
        0.223,
        0.297,
        0.342,
        0.216,
        0.297
    ],
    "service": [
        0,
        29,
        8,
        20,
        10,
        3,
        23,
        8,
        13,
        13,
        1
    ]
}
