{
    "coords": [
        [
            0,
            0
        ],
        [
            48,
            47
        ],
        [
            3,
            9
        ],
        [
            9,
            8
        ],
        [
            29,
            17
        ],
        [
            24,
            11
        ],
        [
            47,
            33
        ],
        [
            33,
            5
        ],
        [
            7,
            44
        ],
        [
            15,
            42
        ],
        [
            39,
            0
        ]
    ],
    "dimension": 11,
    "distances": [
        [
            0.0,
            67.179,
            9.487,
            12.042,
            33.615,
            26.401,
            57.428,
            33.377,
            44.553,
            44.598,
            39.0
        ],
        [
            67.179,
            0.0,
            58.898,
            55.154,
            35.511,
            43.267,
            14.036,
            44.598,
            41.11,
            33.377,
            47.854
        ],
        [
            9.487,
            58.898,
            0.0,
            6.083,
            27.203,
            21.095,
            50.12,
            30.265,
            35.228,
            35.114,
            37.108
        ],
        [
            12.042,
            55.154,
            6.083,
            0.0,
            21.932,
            15.297,
            45.486,
            24.187,
            36.056,
            34.525,
            31.048
        ],
        [
            33.615,
            35.511,
            27.203,
            21.932,
            0.0,
            7.81,
            24.083,
            12.649,
            34.828,
            28.653,
            19.723
        ],
        [
            26.401,
            43.267,
            21.095,
            15.297,
            7.81,
            0.0,
            31.828,
            10.817,
            37.121,
            32.28,
            18.601
        ],
        [
            57.428,
            14.036,
            50.12,
            45.486,
            24.083,
            31.828,
            0.0,
            31.305,
            41.485,
            33.242,
            33.956
        ],
        [
            33.377,
            44.598,
            30.265,
            24.187,
            12.649,
            10.817,
            31.305,
            0.0,
            46.872,
            41.146,
            7.81
        ],
        [
            44.553,
            41.11,
            35.228,
            36.056,
            34.828,
            37.121,
            41.485,
            46.872,
            0.0,
            8.246,
            54.406
        ],
        [
            44.598,
            33.377,
            35.114,
            34.525,
            28.653,
            32.28,
            33.242,
            41.146,
            8.246,
            0.0,
            48.374
        ],
        [
            39.0,
            47.854,
            37.108,
            31.048,
            19.723,
            18.601,
            33.956,
            7.81,
            54.406,
            48.374,
            0.0
        ]
    ],
    "distances_scv": [
        [
            0.0,
            0.15,
            0.15,
            0.15,
            0.15,
            0.15,
            0.15,
            0.15,
            0.15,
            0.15,
            0.15
        ],
        [
            0.15,
            0.0,
            0.15,
            0.15,
            0.15,
            0.15,
            0.15,
            0.15,
            0.15,
            0.15,
            0.15
        ],
        [
            0.15,
            0.15,
            0.0,
            0.15,
            0.15,
            0.15,
            0.15,
            0.15,
            0.15,
            0.15,
            0.15
        ],
        [
            0.15,
            0.15,
            0.15,
            0.0,
            0.15,
            0.15,
            0.15,
            0.15,
            0.15,
            0.15,
            0.15
        ],
        [
            0.15,
            0.15,
            0.15,
            0.15,
            0.0,
            0.15,
            0.15,
            0.15,
            0.15,
            0.15,
            0.15
        ],
        [
            0.15,
            0.15,
            0.15,
            0.15,
            0.15,
            0.0,
            0.15,
            0.15,
            0.15,
            0.15,
            0.15
        ],
        [
            0.15,
            0.15,
            0.15,
            0.15,
            0.15,
            0.15,
            0.0,
            0.15,
            0.15,
            0.15,
            0.15
        ],
        [
            0.15,
            0.15,
            0.15,
            0.15,
            0.15,
            0.15,
            0.15,
            0.0,
            0.15,
            0.15,
            0.15
        ],
        [
            0.15,
            0.15,
            0.15,
            0.15,
            0.15,
            0.15,
            0.15,
            0.15,
            0.0,
            0.15,
            0.15
        ],
        [
            0.15,
            0.15,
            0.15,
            0.15,
            0.15,
            0.15,
            0.15,
            0.15,
            0.15,
            0.0,
            0.15
        ],
        [
            0.15,
            0.15,
            0.15,
            0.15,
            0.15,
            0.15,
            0.15,
            0.15,
            0.15,
            0.15,
            0.0
        ]
    ],
    "service_scv": [
        0.0,
        0.65,
        0.909,
        0.762,
        0.777,
        1.293,
        0.969,
        1.496,
        0.598,
        0.794,
        1.381
    ],
    "service": [
        0,
        45,
        37,
        56,
        53,
        46,
        51,
        33,
        60,
        33,
        36
    ]
}
