{
    "coords": [
        [
            0,
            0
        ],
        [
            41,
            22
        ],
        [
            46,
            46
        ],
        [
            12,
            47
        ],
        [
            1,
            4
        ],
        [
            25,
            0
        ],
        [
            17,
            22
        ],
        [
            16,
            45
        ],
        [
            13,
            40
        ],
        [
            28,
            45
        ],
        [
            33,
            40
        ]
    ],
    "dimension": 11,
    "distances": [
        [
            0.0,
            46.53,
            65.054,
            48.508,
            4.123,
            25.0,
            27.803,
            47.76,
            42.059,
            53.0,
            51.856
        ],
        [
            46.53,
            0.0,
            24.515,
            38.288,
            43.863,
            27.203,
            24.0,
            33.971,
            33.287,
            26.42,
            19.698
        ],
        [
            65.054,
            24.515,
            0.0,
            34.015,
            61.555,
            50.567,
            37.643,
            30.017,
            33.541,
            18.028,
            14.318
        ],
        [
            48.508,
            38.288,
            34.015,
            0.0,
            44.385,
            48.765,
            25.495,
            4.472,
            7.071,
            16.125,
            22.136
        ],
        [
            4.123,
            43.863,
            61.555,
            44.385,
            0.0,
            24.331,
            24.083,
            43.658,
            37.947,
            49.092,
            48.166
        ],
        [
            25.0,
            27.203,
            50.567,
            48.765,
            24.331,
            0.0,
            23.409,
            45.891,
            41.761,
            45.1,
            40.792
        ],
        [
            27.803,
            24.0,
            37.643,
            25.495,
            24.083,
            23.409,
            0.0,
            23.022,
            18.439,
            25.495,
            24.083
        ],
        [
            47.76,
            33.971,
            30.017,
            4.472,
            43.658,
            45.891,
            23.022,
            0.0,
            5.831,
            12.0,
            17.72
        ],
        [
            42.059,
            33.287,
            33.541,
            7.071,
            37.947,
            41.761,
            18.439,
            5.831,
            0.0,
            15.811,
            20.0
        ],
        [
            53.0,
            26.42,
            18.028,
            16.125,
            49.092,
            45.1,
            25.495,
            12.0,
            15.811,
            0.0,
            7.071
        ],
        [
            51.856,
            19.698,
            14.318,
            22.136,
            48.166,
            40.792,
            24.083,
            17.72,
            20.0,
            7.071,
            0.0
        ]
    ],
    "distances_scv": [
        [
            0.0,
            0.492,
            0.243,
            0.1,
            0.117,
            0.112,
            0.333,
            0.33,
            0.141,
            0.371,
            0.164
        ],
        [
            0.264,
            0.0,
            0.442,
            0.204,
            0.486,
            0.484,
            0.186,
            0.131,
            0.38,
            0.158,
            0.401
        ],
        [
            0.239,
            0.145,
            0.0,
            0.433,
            0.289,
            0.146,
            0.127,
            0.211,
            0.438,
            0.181,
            0.342
        ],
        [
            0.325,
            0.148,
            0.354,
            0.0,
            0.44,
            0.178,
            0.239,
            0.162,
            0.311,
            0.16,
            0.424
        ],
        [
            0.255,
            0.168,
            0.482,
            0.121,
            0.0,
            0.296,
            0.443,
            0.232,
            0.476,
            0.317,
            0.421
        ],
        [
            0.186,
            0.147,
            0.213,
            0.294,
            0.215,
            0.0,
            0.43,
            0.161,
            0.394,
            0.112,
            0.215
        ],
        [
            0.257,
            0.211,
            0.188,
            0.377,
            0.3,
            0.379,
            0.0,
            0.467,
            0.273,
            0.226,
            0.279
        ],
        [
            0.324,
            0.226,
            0.243,
            0.196,
            0.277,
            0.499,
            0.231,
            0.0,
            0.201,
            0.383,
            0.376
        ],
        [
            0.488,
            0.371,
            0.386,
            0.442,
            0.438,
            0.295,
            0.465,
            0.232,
            0.0,
            0.135,
            0.219
        ],
        [
            0.141,
            0.158,
            0.118,
            0.291,
            0.255,
            0.352,
            0.155,
            0.469,
            0.277,
            0.0,
            0.189
        ],
        [
            0.382,
            0.28,
            0.192,
            0.377,
            0.204,
            0.23,
            0.395,
            0.37,
            0.436,
            0.155,
            0.0
        ]
    ],
    "service_scv": [
        0.0,
        0.141,
        0.247,
        0.117,
        0.27,
        0.487,
        0.485,
        0.333,
        0.227,
        0.311,
        0.232
    ],
    "service": [
        0,
        7,
        21,
        15,
        10,
        4,
        3,
        27,
        12,
        26,
        22
    ]
}
