{
    "coords": [
        [
            0,
            0
        ],
        [
            44,
            25
        ],
        [
            47,
            48
        ],
        [
            48,
            4
        ],
        [
            22,
            30
        ],
        [
            14,
            18
        ],
        [
            31,
            40
        ],
        [
            29,
            8
        ],
        [
            33,
            43
        ],
        [
            10,
            27
        ],
        [
            16,
            45
        ]
    ],
    "dimension": 11,
    "distances": [
        [
            0.0,
            50.606,
            67.179,
            48.166,
            37.202,
            22.804,
            50.606,
            30.083,
            54.203,
            28.792,
            47.76
        ],
        [
            50.606,
            0.0,
            23.195,
            21.378,
            22.561,
            30.806,
            19.849,
            22.672,
            21.095,
            34.059,
            34.409
        ],
        [
            67.179,
            23.195,
            0.0,
            44.011,
            30.806,
            44.598,
            17.889,
            43.863,
            14.866,
            42.544,
            31.145
        ],
        [
            48.166,
            21.378,
            44.011,
            0.0,
            36.77,
            36.77,
            39.812,
            19.416,
            41.785,
            44.418,
            52.01
        ],
        [
            37.202,
            22.561,
            30.806,
            36.77,
            0.0,
            14.422,
            13.454,
            23.087,
            17.029,
            12.369,
            16.155
        ],
        [
            22.804,
            30.806,
            44.598,
            36.77,
            14.422,
            0.0,
            27.803,
            18.028,
            31.401,
            9.849,
            27.074
        ],
        [
            50.606,
            19.849,
            17.889,
            39.812,
            13.454,
            27.803,
            0.0,
            32.062,
            3.606,
            24.698,
            15.811
        ],
        [
            30.083,
            22.672,
            43.863,
            19.416,
            23.087,
            18.028,
            32.062,
            0.0,
            35.228,
            26.87,
            39.217
        ],
        [
            54.203,
            21.095,
            14.866,
            41.785,
            17.029,
            31.401,
            3.606,
            35.228,
            0.0,
            28.018,
            17.117
        ],
        [
            28.792,
            34.059,
            42.544,
            44.418,
            12.369,
            9.849,
            24.698,
            26.87,
            28.018,
            0.0,
            18.974
        ],
        [
            47.76,
            34.409,
            31.145,
            52.01,
            16.155,
            27.074,
            15.811,
            39.217,
            17.117,
            18.974,
            0.0
        ]
    ],
    "distances_scv": [
        [
            0.0,
            0.272,
            0.416,
            0.494,
            0.248,
            0.488,
            0.472,
            0.171,
            0.344,
            0.382,
            0.477
        ],
        [
            0.366,
            0.0,
            0.299,
            0.297,
            0.3,
            0.483,
            0.24,
            0.19,
            0.309,
            0.356,
            0.476
        ],
        [
            0.333,
            0.207,
            0.0,
            0.297,
            0.37,
            0.29,
            0.187,
            0.377,
            0.408,
            0.176,
            0.284
        ],
        [
            0.245,
            0.168,
            0.189,
            0.0,
            0.454,
            0.253,
            0.396,
            0.117,
            0.466,
            0.315,
            0.428
        ],
        [
            0.21,
            0.25,
            0.239,
            0.489,
            0.0,
            0.3,
            0.482,
            0.461,
            0.258,
            0.223,
            0.423
        ],
        [
            0.143,
            0.257,
            0.451,
            0.467,
            0.193,
            0.0,
            0.415,
            0.349,
            0.195,
            0.302,
            0.129
        ],
        [
            0.38,
            0.311,
            0.382,
            0.135,
            0.358,
            0.248,
            0.0,
            0.234,
            0.354,
            0.327,
            0.347
        ],
        [
            0.125,
            0.19,
            0.129,
            0.253,
            0.292,
            0.145,
            0.367,
            0.0,
            0.3,
            0.339,
            0.474
        ],
        [
            0.336,
            0.137,
            0.159,
            0.378,
            0.229,
            0.402,
            0.304,
            0.252,
            0.0,
            0.173,
            0.214
        ],
        [
            0.217,
            0.266,
            0.463,
            0.425,
            0.429,
            0.352,
            0.103,
            0.214,
            0.301,
            0.0,
            0.246
        ],
        [
            0.32,
            0.439,
            0.237,
            0.399,
            0.338,
            0.31,
            0.352,
            0.294,
            0.145,
            0.459,
            0.0
        ]
    ],
    "service_scv": [
        0.0,
        1.44,
        0.741,
        1.463,
        0.732,
        1.035,
        1.331,
        1.488,
        1.206,
        1.335,
        0.892
    ],
    "service": [
        0,
        25,
        26,
        11,
        2,
        20,
        29,
        24,
        21,
        2,
        6
    ]
}
