{
    "coords": [
        [
            0,
            0
        ],
        [
            32,
            9
        ],
        [
            47,
            4
        ],
        [
            13,
            32
        ],
        [
            0,
            22
        ],
        [
            7,
            49
        ],
        [
            16,
            42
        ],
        [
            15,
            41
        ],
        [
            2,
            2
        ],
        [
            13,
            27
        ],
        [
            8,
            30
        ]
    ],
    "dimension": 11,
    "distances": [
        [
            0.0,
            33.242,
            47.17,
            34.54,
            22.0,
            49.497,
            44.944,
            43.658,
            2.828,
            29.967,
            31.048
        ],
        [
            33.242,
            0.0,
            15.811,
            29.833,
            34.54,
            47.17,
            36.674,
            36.235,
            30.806,
            26.173,
            31.89
        ],
        [
            47.17,
            15.811,
            0.0,
            44.045,
            50.329,
            60.208,
            49.041,
            48.918,
            45.044,
            41.049,
            46.872
        ],
        [
            34.54,
            29.833,
            44.045,
            0.0,
            16.401,
            18.028,
            10.44,
            9.22,
            31.953,
            5.0,
            5.385
        ],
        [
            22.0,
            34.54,
            50.329,
            16.401,
            0.0,
            27.893,
            25.612,
            24.207,
            20.1,
            13.928,
            11.314
        ],
        [
            49.497,
            47.17,
            60.208,
            18.028,
            27.893,
            0.0,
            11.402,
            11.314,
            47.265,
            22.804,
            19.026
        ],
        [
            44.944,
            36.674,
            49.041,
            10.44,
            25.612,
            11.402,
            0.0,
            1.414,
            42.379,
            15.297,
            14.422
        ],
        [
            43.658,
            36.235,
            48.918,
            9.22,
            24.207,
            11.314,
            1.414,
            0.0,
            41.11,
            14.142,
            13.038
        ],
        [
            2.828,
            30.806,
            45.044,
            31.953,
            20.1,
            47.265,
            42.379,
            41.11,
            0.0,
            27.313,
            28.636
        ],
        [
            29.967,
            26.173,
            41.049,
            5.0,
            13.928,
            22.804,
            15.297,
            14.142,
            27.313,
            0.0,
            5.831
        ],
        [
            31.048,
            31.89,
            46.872,
            5.385,
            11.314,
            19.026,
            14.422,
            13.038,
            28.636,
            5.831,
            0.0
        ]
    ],
    "distances_scv": [
        [
            0.0,
            0.148,
            0.133,
            0.122,
            0.18,
            0.142,
            0.11,
            0.137,
            0.191,
            0.139,
            0.119
        ],
        [
            0.107,
            0.0,
            0.167,
            0.141,
            0.185,
            0.152,
            0.18,
            0.157,
            0.159,
            0.141,
            0.111
        ],
        [
            0.17,
            0.186,
            0.0,
            0.142,
            0.109,
            0.119,
            0.155,
            0.166,
            0.103,
            0.194,
            0.171
        ],
        [
            0.172,
            0.199,
            0.162,
            0.0,
            0.122,
            0.169,
            0.17,
            0.195,
            0.193,
            0.149,
            0.185
        ],
        [
            0.196,
            0.142,
            0.161,
            0.159,
            0.0,
            0.147,
            0.122,
            0.119,
            0.131,
            0.159,
            0.166
        ],
        [
            0.182,
            0.129,
            0.152,
            0.145,
            0.117,
            0.0,
            0.134,
            0.169,
            0.169,
            0.177,
            0.183
        ],
        [
            0.195,
            0.132,
            0.167,
            0.132,
            0.13,
            0.179,
            0.0,
            0.173,
            0.112,
            0.197,
            0.163
        ],
        [
            0.146,
            0.191,
            0.111,
            0.13,
            0.114,
            0.133,
            0.179,
            0.0,
            0.176,
            0.16,
            0.133
        ],
        [
            0.185,
            0.104,
            0.124,
            0.15,
            0.14,
            0.138,
            0.2,
            0.155,
            0.0,
            0.146,
            0.12
        ],
        [
            0.11,
            0.176,
            0.172,
            0.199,
            0.125,
            0.139,
            0.138,
            0.157,
            0.105,
            0.0,
            0.173
        ],
        [
            0.109,
            0.171,
            0.134,
            0.143,
            0.12,
            0.169,
            0.158,
            0.102,
            0.115,
            0.173,
            0.0
        ]
    ],
    "service_scv": [
        0.0,
        1.355,
        1.498,
        0.688,
        1.129,
        0.543,
        0.898,
        0.72,
        1.132,
        0.703,
        1.112
    ],
    "service": [
        0.0,
        20.513,
        18.933,
        42.303,
        17.609,
        25.177,
        32.714,
        45.469,
        47.705,
        14.691,
        47.752
    ]
}
