{
    "coords": [
        [
            0,
            0
        ],
        [
            10,
            35
        ],
        [
            43,
            14
        ],
        [
            18,
            4
        ],
        [
            48,
            48
        ],
        [
            34,
            28
        ],
        [
            28,
            32
        ],
        [
            36,
            28
        ],
        [
            39,
            23
        ],
        [
            18,
            6
        ],
        [
            40,
            15
        ]
    ],
    "dimension": 11,
    "distances": [
        [
            0.0,
            36.401,
            45.222,
            18.439,
            67.882,
            44.045,
            42.521,
            45.607,
            45.277,
            18.974,
            42.72
        ],
        [
            36.401,
            0.0,
            39.115,
            32.016,
            40.162,
            25.0,
            18.248,
            26.926,
            31.385,
            30.083,
            36.056
        ],
        [
            45.222,
            39.115,
            0.0,
            26.926,
            34.366,
            16.643,
            23.431,
            15.652,
            9.849,
            26.249,
            3.162
        ],
        [
            18.439,
            32.016,
            26.926,
            0.0,
            53.254,
            28.844,
            29.732,
            30.0,
            28.32,
            2.0,
            24.597
        ],
        [
            67.882,
            40.162,
            34.366,
            53.254,
            0.0,
            24.413,
            25.612,
            23.324,
            26.571,
            51.614,
            33.956
        ],
        [
            44.045,
            25.0,
            16.643,
            28.844,
            24.413,
            0.0,
            7.211,
            2.0,
            7.071,
            27.203,
            14.318
        ],
        [
            42.521,
            18.248,
            23.431,
            29.732,
            25.612,
            7.211,
            0.0,
            8.944,
            14.213,
            27.857,
            20.809
        ],
        [
            45.607,
            26.926,
            15.652,
            30.0,
            23.324,
            2.0,
            8.944,
            0.0,
            5.831,
            28.425,
            13.601
        ],
        [
            45.277,
            31.385,
            9.849,
            28.32,
            26.571,
            7.071,
            14.213,
            5.831,
            0.0,
            27.019,
            8.062
        ],
        [
            18.974,
            30.083,
            26.249,
            2.0,
            51.614,
            27.203,
            27.857,
            28.425,
            27.019,
            0.0,
            23.77
        ],
        [
            42.72,
            36.056,
            3.162,
            24.597,
            33.956,
            14.318,
            20.809,
            13.601,
            8.062,
            23.77,
            0.0
        ]
    ],
    "distances_scv": [
        [
            0.0,
            0.15,
            0.15,
            0.15,
            0.15,
            0.15,
            0.15,
            0.15,
            0.15,
            0.15,
            0.15
        ],
        [
            0.15,
            0.0,
            0.15,
            0.15,
            0.15,
            0.15,
            0.15,
            0.15,
            0.15,
            0.15,
            0.15
        ],
        [
            0.15,
            0.15,
            0.0,
            0.15,
            0.15,
            0.15,
            0.15,
            0.15,
            0.15,
            0.15,
            0.15
        ],
        [
            0.15,
            0.15,
            0.15,
            0.0,
            0.15,
            0.15,
            0.15,
            0.15,
            0.15,
            0.15,
            0.15
        ],
        [
            0.15,
            0.15,
            0.15,
            0.15,
            0.0,
            0.15,
            0.15,
            0.15,
            0.15,
            0.15,
            0.15
        ],
        [
            0.15,
            0.15,
            0.15,
            0.15,
            0.15,
            0.0,
            0.15,
            0.15,
            0.15,
            0.15,
            0.15
        ],
        [
            0.15,
            0.15,
            0.15,
            0.15,
            0.15,
            0.15,
            0.0,
            0.15,
            0.15,
            0.15,
            0.15
        ],
        [
            0.15,
            0.15,
            0.15,
            0.15,
            0.15,
            0.15,
            0.15,
            0.0,
            0.15,
            0.15,
            0.15
        ],
        [
            0.15,
            0.15,
            0.15,
            0.15,
            0.15,
            0.15,
            0.15,
            0.15,
            0.0,
            0.15,
            0.15
        ],
        [
            0.15,
            0.15,
            0.15,
            0.15,
            0.15,
            0.15,
            0.15,
            0.15,
            0.15,
            0.0,
            0.15
        ],
        [
            0.15,
            0.15,
            0.15,
            0.15,
            0.15,
            0.15,
            0.15,
            0.15,
            0.15,
            0.15,
            0.0
        ]
    ],
    "service_scv": [
        0.0,
        0.653,
        0.742,
        0.676,
        1.408,
        1.164,
        1.002,
        0.951,
        1.08,
        0.545,
        0.947
    ],
    "service": [
        0,
        50,
        35,
        37,
        35,
        46,
        36,
        60,
        55,
        34,
        35
    ]
}
