{
    "coords": [
        [
            0,
            0
        ],
        [
            5,
            14
        ],
        [
            20,
            40
        ],
        [
            22,
            4
        ],
        [
            16,
            30
        ],
        [
            40,
            36
        ],
        [
            49,
            9
        ],
        [
            44,
            2
        ],
        [
            27,
            13
        ],
        [
            10,
            32
        ],
        [
            15,
            28
        ]
    ],
    "dimension": 11,
    "distances": [
        [
            0.0,
            14.866,
            44.721,
            22.361,
            34.0,
            53.814,
            49.82,
            44.045,
            29.967,
            33.526,
            31.765
        ],
        [
            14.866,
            0.0,
            30.017,
            19.723,
            19.416,
            41.34,
            44.283,
            40.804,
            22.023,
            18.682,
            17.205
        ],
        [
            44.721,
            30.017,
            0.0,
            36.056,
            10.77,
            20.396,
            42.45,
            44.944,
            27.893,
            12.806,
            13.0
        ],
        [
            22.361,
            19.723,
            36.056,
            0.0,
            26.683,
            36.715,
            27.459,
            22.091,
            10.296,
            30.463,
            25.0
        ],
        [
            34.0,
            19.416,
            10.77,
            26.683,
            0.0,
            24.739,
            39.115,
            39.598,
            20.248,
            6.325,
            2.236
        ],
        [
            53.814,
            41.34,
            20.396,
            36.715,
            24.739,
            0.0,
            28.46,
            34.234,
            26.42,
            30.265,
            26.249
        ],
        [
            49.82,
            44.283,
            42.45,
            27.459,
            39.115,
            28.46,
            0.0,
            8.602,
            22.361,
            45.277,
            38.949
        ],
        [
            44.045,
            40.804,
            44.944,
            22.091,
            39.598,
            34.234,
            8.602,
            0.0,
            20.248,
            45.343,
            38.949
        ],
        [
            29.967,
            22.023,
            27.893,
            10.296,
            20.248,
            26.42,
            22.361,
            20.248,
            0.0,
            25.495,
            19.209
        ],
        [
            33.526,
            18.682,
            12.806,
            30.463,
            6.325,
            30.265,
            45.277,
            45.343,
            25.495,
            0.0,
            6.403
        ],
        [
            31.765,
            17.205,
            13.0,
            25.0,
            2.236,
            26.249,
            38.949,
            38.949,
            19.209,
            6.403,
            0.0
        ]
    ],
    "distances_scv": [
        [
            0.0,
            0.143,
            0.167,
            0.142,
            0.163,
            0.197,
            0.168,
            0.139,
            0.119,
            0.135,
            0.151
        ],
        [
            0.189,
            0.0,
            0.132,
            0.192,
            0.147,
            0.169,
            0.111,
            0.11,
            0.12,
            0.188,
            0.168
        ],
        [
            0.185,
            0.164,
            0.0,
            0.152,
            0.159,
            0.186,
            0.144,
            0.189,
            0.161,
            0.183,
            0.15
        ],
        [
            0.169,
            0.134,
            0.152,
            0.0,
            0.11,
            0.104,
            0.17,
            0.146,
            0.19,
            0.184,
            0.139
        ],
        [
            0.197,
            0.159,
            0.177,
            0.141,
            0.0,
            0.117,
            0.118,
            0.16,
            0.111,
            0.102,
            0.183
        ],
        [
            0.11,
            0.145,
            0.149,
            0.162,
            0.15,
            0.0,
            0.175,
            0.157,
            0.162,
            0.151,
            0.196
        ],
        [
            0.123,
            0.169,
            0.156,
            0.104,
            0.13,
            0.193,
            0.0,
            0.101,
            0.13,
            0.101,
            0.183
        ],
        [
            0.111,
            0.106,
            0.198,
            0.145,
            0.132,
            0.105,
            0.139,
            0.0,
            0.152,
            0.101,
            0.115
        ],
        [
            0.121,
            0.144,
            0.13,
            0.161,
            0.129,
            0.191,
            0.196,
            0.106,
            0.0,
            0.156,
            0.177
        ],
        [
            0.106,
            0.118,
            0.146,
            0.167,
            0.19,
            0.187,
            0.179,
            0.105,
            0.198,
            0.0,
            0.109
        ],
        [
            0.125,
            0.162,
            0.139,
            0.145,
            0.18,
            0.182,
            0.155,
            0.179,
            0.141,
            0.197,
            0.0
        ]
    ],
    "service_scv": [
        0.0,
        0.789,
        0.605,
        0.503,
        1.407,
        1.171,
        0.705,
        0.758,
        0.966,
        1.318,
        0.618
    ],
    "service": [
        0,
        30,
        25,
        2,
        12,
        27,
        20,
        17,
        4,
        22,
        19
    ]
}
