{
    "coords": [
        [
            0,
            0
        ],
        [
            42,
            28
        ],
        [
            21,
            18
        ],
        [
            14,
            16
        ],
        [
            32,
            34
        ],
        [
            17,
            48
        ],
        [
            39,
            48
        ],
        [
            35,
            33
        ],
        [
            27,
            41
        ],
        [
            46,
            22
        ],
        [
            30,
            15
        ]
    ],
    "dimension": 11,
    "distances": [
        [
            0.0,
            50.478,
            27.659,
            21.26,
            46.69,
            50.922,
            61.847,
            48.104,
            49.092,
            50.99,
            33.541
        ],
        [
            50.478,
            0.0,
            23.259,
            30.463,
            11.662,
            32.016,
            20.224,
            8.602,
            19.849,
            7.211,
            17.692
        ],
        [
            27.659,
            23.259,
            0.0,
            7.28,
            19.416,
            30.265,
            34.986,
            20.518,
            23.77,
            25.318,
            9.487
        ],
        [
            21.26,
            30.463,
            7.28,
            0.0,
            25.456,
            32.14,
            40.608,
            27.019,
            28.178,
            32.558,
            16.031
        ],
        [
            46.69,
            11.662,
            19.416,
            25.456,
            0.0,
            20.518,
            15.652,
            3.162,
            8.602,
            18.439,
            19.105
        ],
        [
            50.922,
            32.016,
            30.265,
            32.14,
            20.518,
            0.0,
            22.0,
            23.431,
            12.207,
            38.949,
            35.468
        ],
        [
            61.847,
            20.224,
            34.986,
            40.608,
            15.652,
            22.0,
            0.0,
            15.524,
            13.892,
            26.926,
            34.205
        ],
        [
            48.104,
            8.602,
            20.518,
            27.019,
            3.162,
            23.431,
            15.524,
            0.0,
            11.314,
            15.556,
            18.682
        ],
        [
            49.092,
            19.849,
            23.77,
            28.178,
            8.602,
            12.207,
            13.892,
            11.314,
            0.0,
            26.87,
            26.173
        ],
        [
            50.99,
            7.211,
            25.318,
            32.558,
            18.439,
            38.949,
            26.926,
            15.556,
            26.87,
            0.0,
            17.464
        ],
        [
            33.541,
            17.692,
            9.487,
            16.031,
            19.105,
            35.468,
            34.205,
            18.682,
            26.173,
            17.464,
            0.0
        ]
    ],
    "distances_scv": [
        [
            0.0,
            0.34,
            0.465,
            0.263,
            0.32,
            0.264,
            0.161,
            0.116,
            0.193,
            0.343,
            0.462
        ],
        [
            0.103,
            0.0,
            0.425,
            0.485,
            0.164,
            0.127,
            0.16,
            0.231,
            0.246,
            0.337,
            0.119
        ],
        [
            0.47,
            0.366,
            0.0,
            0.495,
            0.272,
            0.219,
            0.4,
            0.424,
            0.387,
            0.446,
            0.148
        ],
        [
            0.472,
            0.209,
            0.349,
            0.0,
            0.308,
            0.476,
            0.236,
            0.496,
            0.299,
            0.472,
            0.298
        ],
        [
            0.254,
            0.426,
            0.214,
            0.424,
            0.0,
            0.249,
            0.402,
            0.253,
            0.4,
            0.167,
            0.175
        ],
        [
            0.145,
            0.441,
            0.426,
            0.419,
            0.464,
            0.0,
            0.418,
            0.11,
            0.166,
            0.116,
            0.154
        ],
        [
            0.11,
            0.455,
            0.194,
            0.316,
            0.358,
            0.24,
            0.0,
            0.36,
            0.47,
            0.289,
            0.224
        ],
        [
            0.447,
            0.325,
            0.325,
            0.445,
            0.449,
            0.328,
            0.317,
            0.0,
            0.434,
            0.167,
            0.42
        ],
        [
            0.228,
            0.227,
            0.414,
            0.411,
            0.493,
            0.375,
            0.187,
            0.127,
            0.0,
            0.133,
            0.221
        ],
        [
            0.339,
            0.382,
            0.201,
            0.281,
            0.382,
            0.222,
            0.157,
            0.142,
            0.117,
            0.0,
            0.431
        ],
        [
            0.327,
            0.126,
            0.238,
            0.293,
            0.264,
            0.108,
            0.181,
            0.201,
            0.234,
            0.292,
            0.0
        ]
    ],
    "service_scv": [
        0.0,
        0.838,
        0.92,
        1.13,
        0.945,
        0.636,
        1.246,
        1.22,
        0.812,
        0.619,
        0.787
    ],
    "service": [
        0.0,
        24.615,
        4.536,
        26.334,
        53.084,
        18.337,
        65.197,
        39.143,
        37.659,
        44.932,
        31.118
    ]
}
