{
    "coords": [
        [
            0,
            0
        ],
        [
            32,
            18
        ],
        [
            4,
            35
        ],
        [
            17,
            43
        ],
        [
            16,
            32
        ],
        [
            9,
            27
        ],
        [
            3,
            38
        ],
        [
            4,
            35
        ],
        [
            38,
            23
        ],
        [
            39,
            28
        ],
        [
            43,
            37
        ]
    ],
    "dimension": 11,
    "distances": [
        [
            0.0,
            36.715,
            35.228,
            46.239,
            35.777,
            28.46,
            38.118,
            35.228,
            44.418,
            48.01,
            56.727
        ],
        [
            36.715,
            0.0,
            32.757,
            29.155,
            21.26,
            24.698,
            35.228,
            32.757,
            7.81,
            12.207,
            21.954
        ],
        [
            35.228,
            32.757,
            0.0,
            15.264,
            12.369,
            9.434,
            3.162,
            0.0,
            36.056,
            35.693,
            39.051
        ],
        [
            46.239,
            29.155,
            15.264,
            0.0,
            11.045,
            17.889,
            14.866,
            15.264,
            29.0,
            26.627,
            26.683
        ],
        [
            35.777,
            21.26,
            12.369,
            11.045,
            0.0,
            8.602,
            14.318,
            12.369,
            23.77,
            23.345,
            27.459
        ],
        [
            28.46,
            24.698,
            9.434,
            17.889,
            8.602,
            0.0,
            12.53,
            9.434,
            29.275,
            30.017,
            35.44
        ],
        [
            38.118,
            35.228,
            3.162,
            14.866,
            14.318,
            12.53,
            0.0,
            3.162,
            38.079,
            37.363,
            40.012
        ],
        [
            35.228,
            32.757,
            0.0,
            15.264,
            12.369,
            9.434,
            3.162,
            0.0,
            36.056,
            35.693,
            39.051
        ],
        [
            44.418,
            7.81,
            36.056,
            29.0,
            23.77,
            29.275,
            38.079,
            36.056,
            0.0,
            5.099,
            14.866
        ],
        [
            48.01,
            12.207,
            35.693,
            26.627,
            23.345,
            30.017,
            37.363,
            35.693,
            5.099,
            0.0,
            9.849
        ],
        [
            56.727,
            21.954,
            39.051,
            26.683,
            27.459,
            35.44,
            40.012,
            39.051,
            14.866,
            9.849,
            0.0
        ]
    ],
    "distances_scv": [
        [
            0.0,
            0.165,
            0.174,
            0.14,
            0.151,
            0.123,
            0.165,
            0.197,
            0.13,
            0.146,
            0.189
        ],
        [
            0.155,
            0.0,
            0.167,
            0.103,
            0.115,
            0.187,
            0.116,
            0.103,
            0.193,
            0.175,
            0.198
        ],
        [
            0.176,
            0.192,
            0.0,
            0.175,
            0.116,
            0.182,
            0.173,
            0.119,
            0.118,
            0.117,
            0.182
        ],
        [
            0.166,
            0.128,
            0.165,
            0.0,
            0.169,
            0.2,
            0.184,
            0.143,
            0.105,
            0.123,
            0.107
        ],
        [
            0.178,
            0.179,
            0.121,
            0.195,
            0.0,
            0.147,
            0.158,
            0.2,
            0.19,
            0.114,
            0.189
        ],
        [
            0.12,
            0.18,
            0.167,
            0.115,
            0.105,
            0.0,
            0.1,
            0.115,
            0.197,
            0.17,
            0.156
        ],
        [
            0.145,
            0.157,
            0.146,
            0.107,
            0.123,
            0.131,
            0.0,
            0.139,
            0.172,
            0.18,
            0.177
        ],
        [
            0.146,
            0.139,
            0.102,
            0.135,
            0.179,
            0.135,
            0.129,
            0.0,
            0.163,
            0.15,
            0.105
        ],
        [
            0.124,
            0.108,
            0.115,
            0.126,
            0.108,
            0.199,
            0.163,
            0.112,
            0.0,
            0.14,
            0.119
        ],
        [
            0.141,
            0.157,
            0.11,
            0.195,
            0.15,
            0.108,
            0.169,
            0.195,
            0.102,
            0.0,
            0.184
        ],
        [
            0.145,
            0.108,
            0.176,
            0.133,
            0.13,
            0.177,
            0.1,
            0.125,
            0.191,
            0.116,
            0.0
        ]
    ],
    "service_scv": [
        0.0,
        0.942,
        0.866,
        0.799,
        1.366,
        1.067,
        0.837,
        1.109,
        1.37,
        0.694,
        0.9
    ],
    "service": [
        0.0,
        23.752,
        10.835,
        28.037,
        39.356,
        21.858,
        31.864,
        1.965,
        30.319,
        31.541,
        39.337
    ]
}
