{
    "coords": [
        [
            0,
            0
        ],
        [
            24,
            3
        ],
        [
            28,
            33
        ],
        [
            3,
            23
        ],
        [
            17,
            33
        ],
        [
            34,
            1
        ],
        [
            9,
            2
        ],
        [
            38,
            8
        ],
        [
            44,
            48
        ],
        [
            30,
            15
        ],
        [
            15,
            29
        ]
    ],
    "dimension": 11,
    "distances": [
        [
            0.0,
            24.187,
            43.278,
            23.195,
            37.121,
            34.015,
            9.22,
            38.833,
            65.115,
            33.541,
            32.65
        ],
        [
            24.187,
            0.0,
            30.265,
            29.0,
            30.806,
            10.198,
            15.033,
            14.866,
            49.244,
            13.416,
            27.514
        ],
        [
            43.278,
            30.265,
            0.0,
            26.926,
            11.0,
            32.558,
            36.359,
            26.926,
            21.932,
            18.111,
            13.601
        ],
        [
            23.195,
            29.0,
            26.926,
            0.0,
            17.205,
            38.013,
            21.84,
            38.079,
            48.021,
            28.16,
            13.416
        ],
        [
            37.121,
            30.806,
            11.0,
            17.205,
            0.0,
            36.235,
            32.016,
            32.65,
            30.887,
            22.204,
            4.472
        ],
        [
            34.015,
            10.198,
            32.558,
            38.013,
            36.235,
            0.0,
            25.02,
            8.062,
            48.052,
            14.56,
            33.838
        ],
        [
            9.22,
            15.033,
            36.359,
            21.84,
            32.016,
            25.02,
            0.0,
            29.614,
            57.801,
            24.698,
            27.659
        ],
        [
            38.833,
            14.866,
            26.926,
            38.079,
            32.65,
            8.062,
            29.614,
            0.0,
            40.447,
            10.63,
            31.145
        ],
        [
            65.115,
            49.244,
            21.932,
            48.021,
            30.887,
            48.052,
            57.801,
            40.447,
            0.0,
            35.847,
            34.67
        ],
        [
            33.541,
            13.416,
            18.111,
            28.16,
            22.204,
            14.56,
            24.698,
            10.63,
            35.847,
            0.0,
            20.518
        ],
        [
            32.65,
            27.514,
            13.601,
            13.416,
            4.472,
            33.838,
            27.659,
            31.145,
            34.67,
            20.518,
            0.0
        ]
    ],
    "distances_scv": [
        [
            0.0,
            0.382,
            0.184,
            0.27,
            0.141,
            0.214,
            0.221,
            0.108,
            0.437,
            0.459,
            0.307
        ],
        [
            0.354,
            0.0,
            0.364,
            0.498,
            0.331,
            0.157,
            0.377,
            0.376,
            0.442,
            0.372,
            0.229
        ],
        [
            0.116,
            0.279,
            0.0,
            0.394,
            0.368,
            0.339,
            0.342,
            0.193,
            0.257,
            0.267,
            0.117
        ],
        [
            0.481,
            0.133,
            0.488,
            0.0,
            0.189,
            0.245,
            0.199,
            0.348,
            0.112,
            0.27,
            0.401
        ],
        [
            0.282,
            0.351,
            0.271,
            0.351,
            0.0,
            0.37,
            0.459,
            0.436,
            0.301,
            0.266,
            0.38
        ],
        [
            0.373,
            0.227,
            0.35,
            0.256,
            0.492,
            0.0,
            0.268,
            0.44,
            0.29,
            0.205,
            0.191
        ],
        [
            0.39,
            0.366,
            0.227,
            0.224,
            0.308,
            0.447,
            0.0,
            0.123,
            0.351,
            0.477,
            0.267
        ],
        [
            0.448,
            0.46,
            0.189,
            0.241,
            0.189,
            0.297,
            0.373,
            0.0,
            0.126,
            0.471,
            0.128
        ],
        [
            0.468,
            0.29,
            0.127,
            0.105,
            0.153,
            0.106,
            0.478,
            0.335,
            0.0,
            0.134,
            0.322
        ],
        [
            0.256,
            0.166,
            0.216,
            0.403,
            0.114,
            0.424,
            0.466,
            0.449,
            0.148,
            0.0,
            0.379
        ],
        [
            0.123,
            0.158,
            0.255,
            0.274,
            0.367,
            0.349,
            0.341,
            0.195,
            0.492,
            0.458,
            0.0
        ]
    ],
    "service_scv": [
        0.0,
        0.416,
        0.102,
        0.188,
        0.13,
        0.489,
        0.288,
        0.253,
        0.415,
        0.296,
        0.316
    ],
    "service": [
        0.0,
        17.806,
        26.122,
        37.999,
        23.676,
        3.604,
        10.98,
        33.825,
        24.944,
        25.526,
        50.34
    ]
}
