{
    "coords": [
        [
            0,
            0
        ],
        [
            27,
            11
        ],
        [
            19,
            3
        ],
        [
            17,
            35
        ],
        [
            38,
            40
        ],
        [
            24,
            27
        ],
        [
            47,
            31
        ],
        [
            33,
            8
        ],
        [
            46,
            27
        ],
        [
            3,
            8
        ],
        [
            44,
            25
        ]
    ],
    "dimension": 11,
    "distances": [
        [
            0.0,
            29.155,
            19.235,
            38.91,
            55.172,
            36.125,
            56.303,
            33.956,
            53.339,
            8.544,
            50.606
        ],
        [
            29.155,
            0.0,
            11.314,
            26.0,
            31.016,
            16.279,
            28.284,
            6.708,
            24.839,
            24.187,
            22.023
        ],
        [
            19.235,
            11.314,
            0.0,
            32.062,
            41.593,
            24.515,
            39.598,
            14.866,
            36.125,
            16.763,
            33.302
        ],
        [
            38.91,
            26.0,
            32.062,
            0.0,
            21.587,
            10.63,
            30.265,
            31.385,
            30.083,
            30.414,
            28.792
        ],
        [
            55.172,
            31.016,
            41.593,
            21.587,
            0.0,
            19.105,
            12.728,
            32.388,
            15.264,
            47.424,
            16.155
        ],
        [
            36.125,
            16.279,
            24.515,
            10.63,
            19.105,
            0.0,
            23.345,
            21.024,
            22.0,
            28.32,
            20.1
        ],
        [
            56.303,
            28.284,
            39.598,
            30.265,
            12.728,
            23.345,
            0.0,
            26.926,
            4.123,
            49.649,
            6.708
        ],
        [
            33.956,
            6.708,
            14.866,
            31.385,
            32.388,
            21.024,
            26.926,
            0.0,
            23.022,
            30.0,
            20.248
        ],
        [
            53.339,
            24.839,
            36.125,
            30.083,
            15.264,
            22.0,
            4.123,
            23.022,
            0.0,
            47.011,
            2.828
        ],
        [
            8.544,
            24.187,
            16.763,
            30.414,
            47.424,
            28.32,
            49.649,
            30.0,
            47.011,
            0.0,
            44.385
        ],
        [
            50.606,
            22.023,
            33.302,
            28.792,
            16.155,
            20.1,
            6.708,
            20.248,
            2.828,
            44.385,
            0.0
        ]
    ],
    "distances_scv": [
        [
            0.0,
            0.196,
            0.152,
            0.12,
            0.126,
            0.155,
            0.185,
            0.134,
            0.19,
            0.124,
            0.192
        ],
        [
            0.173,
            0.0,
            0.195,
            0.116,
            0.17,
            0.124,
            0.161,
            0.126,
            0.146,
            0.139,
            0.106
        ],
        [
            0.163,
            0.168,
            0.0,
            0.171,
            0.119,
            0.162,
            0.147,
            0.128,
            0.111,
            0.106,
            0.179
        ],
        [
            0.131,
            0.128,
            0.177,
            0.0,
            0.124,
            0.174,
            0.168,
            0.149,
            0.156,
            0.193,
            0.16
        ],
        [
            0.2,
            0.162,
            0.151,
            0.125,
            0.0,
            0.184,
            0.1,
            0.122,
            0.197,
            0.144,
            0.187
        ],
        [
            0.136,
            0.173,
            0.17,
            0.12,
            0.108,
            0.0,
            0.149,
            0.183,
            0.12,
            0.132,
            0.178
        ],
        [
            0.103,
            0.164,
            0.193,
            0.168,
            0.163,
            0.106,
            0.0,
            0.125,
            0.189,
            0.122,
            0.127
        ],
        [
            0.134,
            0.178,
            0.14,
            0.163,
            0.131,
            0.129,
            0.183,
            0.0,
            0.192,
            0.133,
            0.113
        ],
        [
            0.123,
            0.117,
            0.2,
            0.191,
            0.121,
            0.172,
            0.135,
            0.151,
            0.0,
            0.107,
            0.122
        ],
        [
            0.101,
            0.107,
            0.128,
            0.137,
            0.162,
            0.135,
            0.189,
            0.166,
            0.184,
            0.0,
            0.162
        ],
        [
            0.137,
            0.178,
            0.195,
            0.133,
            0.127,
            0.19,
            0.157,
            0.145,
            0.134,
            0.183,
            0.0
        ]
    ],
    "service_scv": [
        0.0,
        0.844,
        0.753,
        0.524,
        0.666,
        1.148,
        0.787,
        0.946,
        1.228,
        1.363,
        0.984
    ],
    "service": [
        0,
        30,
        21,
        9,
        3,
        19,
        15,
        12,
        12,
        29,
        28
    ]
}
