{
    "coords": [
        [
            0,
            0
        ],
        [
            11,
            26
        ],
        [
            38,
            6
        ],
        [
            15,
            15
        ],
        [
            39,
            28
        ],
        [
            19,
            39
        ],
        [
            48,
            7
        ],
        [
            44,
            11
        ],
        [
            32,
            47
        ],
        [
            20,
            33
        ],
        [
            18,
            38
        ]
    ],
    "dimension": 11,
    "distances": [
        [
            0.0,
            28.231,
            38.471,
            21.213,
            48.01,
            43.382,
            48.508,
            45.354,
            56.859,
            38.588,
            42.048
        ],
        [
            28.231,
            0.0,
            33.601,
            11.705,
            28.071,
            15.264,
            41.593,
            36.249,
            29.698,
            11.402,
            13.892
        ],
        [
            38.471,
            33.601,
            0.0,
            24.698,
            22.023,
            38.079,
            10.05,
            7.81,
            41.437,
            32.45,
            37.736
        ],
        [
            21.213,
            11.705,
            24.698,
            0.0,
            27.295,
            24.331,
            33.956,
            29.275,
            36.235,
            18.682,
            23.195
        ],
        [
            48.01,
            28.071,
            22.023,
            27.295,
            0.0,
            22.825,
            22.847,
            17.72,
            20.248,
            19.647,
            23.259
        ],
        [
            43.382,
            15.264,
            38.079,
            24.331,
            22.825,
            0.0,
            43.186,
            37.537,
            15.264,
            6.083,
            1.414
        ],
        [
            48.508,
            41.593,
            10.05,
            33.956,
            22.847,
            43.186,
            0.0,
            5.657,
            43.081,
            38.21,
            43.139
        ],
        [
            45.354,
            36.249,
            7.81,
            29.275,
            17.72,
            37.537,
            5.657,
            0.0,
            37.947,
            32.558,
            37.483
        ],
        [
            56.859,
            29.698,
            41.437,
            36.235,
            20.248,
            15.264,
            43.081,
            37.947,
            0.0,
            18.439,
            16.643
        ],
        [
            38.588,
            11.402,
            32.45,
            18.682,
            19.647,
            6.083,
            38.21,
            32.558,
            18.439,
            0.0,
            5.385
        ],
        [
            42.048,
            13.892,
            37.736,
            23.195,
            23.259,
            1.414,
            43.139,
            37.483,
            16.643,
            5.385,
            0.0
        ]
    ],
    "distances_scv": [
        [
            0.0,
            0.185,
            0.192,
            0.19,
            0.293,
            0.326,
            0.49,
            0.418,
            0.147,
            0.441,
            0.211
        ],
        [
            0.202,
            0.0,
            0.411,
            0.422,
            0.409,
            0.304,
            0.169,
            0.253,
            0.343,
            0.245,
            0.196
        ],
        [
            0.425,
            0.111,
            0.0,
            0.488,
            0.286,
            0.404,
            0.194,
            0.462,
            0.365,
            0.323,
            0.133
        ],
        [
            0.395,
            0.47,
            0.139,
            0.0,
            0.491,
            0.392,
            0.219,
            0.383,
            0.193,
            0.394,
            0.307
        ],
        [
            0.434,
            0.29,
            0.227,
            0.183,
            0.0,
            0.219,
            0.49,
            0.137,
            0.159,
            0.226,
            0.365
        ],
        [
            0.245,
            0.425,
            0.405,
            0.362,
            0.351,
            0.0,
            0.33,
            0.256,
            0.496,
            0.285,
            0.474
        ],
        [
            0.268,
            0.357,
            0.33,
            0.119,
            0.278,
            0.296,
            0.0,
            0.406,
            0.126,
            0.124,
            0.155
        ],
        [
            0.298,
            0.488,
            0.116,
            0.186,
            0.382,
            0.269,
            0.36,
            0.0,
            0.452,
            0.492,
            0.386
        ],
        [
            0.393,
            0.174,
            0.191,
            0.492,
            0.283,
            0.123,
            0.237,
            0.369,
            0.0,
            0.17,
            0.138
        ],
        [
            0.222,
            0.132,
            0.211,
            0.369,
            0.327,
            0.224,
            0.377,
            0.16,
            0.267,
            0.0,
            0.131
        ],
        [
            0.306,
            0.25,
            0.256,
            0.443,
            0.448,
            0.307,
            0.419,
            0.102,
            0.459,
            0.386,
            0.0
        ]
    ],
    "service_scv": [
        0.0,
        0.441,
        0.243,
        0.421,
        0.231,
        0.324,
        0.254,
        0.26,
        0.263,
        0.314,
        0.392
    ],
    "service": [
        0.0,
        37.651,
        33.753,
        30.058,
        28.772,
        47.26,
        11.089,
        28.226,
        44.955,
        20.422,
        24.07
    ]
}
