{
    "coords": [
        [
            0,
            0
        ],
        [
            34,
            44
        ],
        [
            28,
            38
        ],
        [
            41,
            11
        ],
        [
            2,
            15
        ],
        [
            14,
            43
        ],
        [
            45,
            0
        ],
        [
            24,
            41
        ],
        [
            6,
            39
        ],
        [
            5,
            23
        ],
        [
            40,
            15
        ]
    ],
    "dimension": 11,
    "distances": [
        [
            0.0,
            55.606,
            47.202,
            42.45,
            15.133,
            45.222,
            45.0,
            47.508,
            39.459,
            23.537,
            42.72
        ],
        [
            55.606,
            0.0,
            8.485,
            33.734,
            43.186,
            20.025,
            45.354,
            10.44,
            28.443,
            35.805,
            29.614
        ],
        [
            47.202,
            8.485,
            0.0,
            29.967,
            34.713,
            14.866,
            41.629,
            5.0,
            22.023,
            27.459,
            25.942
        ],
        [
            42.45,
            33.734,
            29.967,
            0.0,
            39.205,
            41.869,
            11.705,
            34.482,
            44.822,
            37.947,
            4.123
        ],
        [
            15.133,
            43.186,
            34.713,
            39.205,
            0.0,
            30.463,
            45.541,
            34.059,
            24.331,
            8.544,
            38.0
        ],
        [
            45.222,
            20.025,
            14.866,
            41.869,
            30.463,
            0.0,
            53.009,
            10.198,
            8.944,
            21.932,
            38.21
        ],
        [
            45.0,
            45.354,
            41.629,
            11.705,
            45.541,
            53.009,
            0.0,
            46.065,
            55.154,
            46.141,
            15.811
        ],
        [
            47.508,
            10.44,
            5.0,
            34.482,
            34.059,
            10.198,
            46.065,
            0.0,
            18.111,
            26.173,
            30.529
        ],
        [
            39.459,
            28.443,
            22.023,
            44.822,
            24.331,
            8.944,
            55.154,
            18.111,
            0.0,
            16.031,
            41.617
        ],
        [
            23.537,
            35.805,
            27.459,
            37.947,
            8.544,
            21.932,
            46.141,
            26.173,
            16.031,
            0.0,
            35.903
        ],
        [
            42.72,
            29.614,
            25.942,
            4.123,
            38.0,
            38.21,
            15.811,
            30.529,
            41.617,
            35.903,
            0.0
        ]
    ],
    "distances_scv": [
        [
            0.0,
            0.202,
            0.278,
            0.302,
            0.321,
            0.498,
            0.417,
            0.349,
            0.496,
            0.186,
            0.164
        ],
        [
            0.345,
            0.0,
            0.114,
            0.306,
            0.286,
            0.467,
            0.352,
            0.306,
            0.299,
            0.199,
            0.105
        ],
        [
            0.177,
            0.377,
            0.0,
            0.248,
            0.101,
            0.432,
            0.162,
            0.207,
            0.452,
            0.304,
            0.439
        ],
        [
            0.356,
            0.397,
            0.137,
            0.0,
            0.303,
            0.449,
            0.245,
            0.339,
            0.124,
            0.255,
            0.229
        ],
        [
            0.16,
            0.427,
            0.252,
            0.491,
            0.0,
            0.342,
            0.355,
            0.371,
            0.16,
            0.276,
            0.196
        ],
        [
            0.261,
            0.139,
            0.487,
            0.186,
            0.369,
            0.0,
            0.45,
            0.365,
            0.153,
            0.438,
            0.478
        ],
        [
            0.462,
            0.328,
            0.158,
            0.177,
            0.471,
            0.321,
            0.0,
            0.454,
            0.357,
            0.328,
            0.251
        ],
        [
            0.264,
            0.196,
            0.115,
            0.45,
            0.287,
            0.319,
            0.229,
            0.0,
            0.11,
            0.249,
            0.112
        ],
        [
            0.149,
            0.487,
            0.363,
            0.271,
            0.309,
            0.449,
            0.238,
            0.336,
            0.0,
            0.242,
            0.308
        ],
        [
            0.406,
            0.464,
            0.16,
            0.473,
            0.102,
            0.401,
            0.424,
            0.155,
            0.268,
            0.0,
            0.106
        ],
        [
            0.351,
            0.417,
            0.305,
            0.39,
            0.191,
            0.179,
            0.245,
            0.172,
            0.238,
            0.479,
            0.0
        ]
    ],
    "service_scv": [
        0.0,
        0.265,
        0.469,
        0.127,
        0.272,
        0.308,
        0.48,
        0.2,
        0.422,
        0.371,
        0.387
    ],
    "service": [
        0.0,
        31.964,
        6.947,
        48.737,
        51.626,
        29.013,
        25.891,
        27.602,
        15.373,
        46.479,
        21.857
    ]
}
