{
    "coords": [
        [
            0,
            0
        ],
        [
            5,
            43
        ],
        [
            5,
            12
        ],
        [
            0,
            32
        ],
        [
            4,
            24
        ],
        [
            12,
            39
        ],
        [
            5,
            44
        ],
        [
            17,
            44
        ],
        [
            24,
            26
        ],
        [
            32,
            48
        ],
        [
            8,
            45
        ]
    ],
    "dimension": 11,
    "distances": [
        [
            0.0,
            43.29,
            13.0,
            32.0,
            24.331,
            40.804,
            44.283,
            47.17,
            35.384,
            57.689,
            45.706
        ],
        [
            43.29,
            0.0,
            31.0,
            12.083,
            19.026,
            8.062,
            1.0,
            12.042,
            25.495,
            27.459,
            3.606
        ],
        [
            13.0,
            31.0,
            0.0,
            20.616,
            12.042,
            27.893,
            32.0,
            34.176,
            23.601,
            45.0,
            33.136
        ],
        [
            32.0,
            12.083,
            20.616,
            0.0,
            8.944,
            13.892,
            13.0,
            20.809,
            24.739,
            35.777,
            15.264
        ],
        [
            24.331,
            19.026,
            12.042,
            8.944,
            0.0,
            17.0,
            20.025,
            23.854,
            20.1,
            36.878,
            21.378
        ],
        [
            40.804,
            8.062,
            27.893,
            13.892,
            17.0,
            0.0,
            8.602,
            7.071,
            17.692,
            21.932,
            7.211
        ],
        [
            44.283,
            1.0,
            32.0,
            13.0,
            20.025,
            8.602,
            0.0,
            12.0,
            26.173,
            27.295,
            3.162
        ],
        [
            47.17,
            12.042,
            34.176,
            20.809,
            23.854,
            7.071,
            12.0,
            0.0,
            19.313,
            15.524,
            9.055
        ],
        [
            35.384,
            25.495,
            23.601,
            24.739,
            20.1,
            17.692,
            26.173,
            19.313,
            0.0,
            23.409,
            24.839
        ],
        [
            57.689,
            27.459,
            45.0,
            35.777,
            36.878,
            21.932,
            27.295,
            15.524,
            23.409,
            0.0,
            24.187
        ],
        [
            45.706,
            3.606,
            33.136,
            15.264,
            21.378,
            7.211,
            3.162,
            9.055,
            24.839,
            24.187,
            0.0
        ]
    ],
    "distances_scv": [
        [
            0.0,
            0.176,
            0.118,
            0.187,
            0.2,
            0.191,
            0.112,
            0.139,
            0.193,
            0.109,
            0.131
        ],
        [
            0.167,
            0.0,
            0.129,
            0.172,
            0.101,
            0.186,
            0.158,
            0.102,
            0.165,
            0.14,
            0.16
        ],
        [
            0.147,
            0.129,
            0.0,
            0.154,
            0.116,
            0.149,
            0.194,
            0.102,
            0.16,
            0.194,
            0.14
        ],
        [
            0.133,
            0.156,
            0.117,
            0.0,
            0.18,
            0.153,
            0.192,
            0.134,
            0.165,
            0.117,
            0.155
        ],
        [
            0.12,
            0.133,
            0.137,
            0.129,
            0.0,
            0.145,
            0.103,
            0.167,
            0.131,
            0.157,
            0.126
        ],
        [
            0.112,
            0.122,
            0.152,
            0.194,
            0.193,
            0.0,
            0.124,
            0.198,
            0.157,
            0.164,
            0.115
        ],
        [
            0.143,
            0.127,
            0.197,
            0.12,
            0.136,
            0.141,
            0.0,
            0.133,
            0.154,
            0.192,
            0.188
        ],
        [
            0.173,
            0.169,
            0.12,
            0.154,
            0.199,
            0.118,
            0.129,
            0.0,
            0.147,
            0.17,
            0.153
        ],
        [
            0.101,
            0.111,
            0.139,
            0.184,
            0.148,
            0.13,
            0.176,
            0.133,
            0.0,
            0.17,
            0.154
        ],
        [
            0.155,
            0.196,
            0.197,
            0.193,
            0.162,
            0.103,
            0.135,
            0.193,
            0.184,
            0.0,
            0.148
        ],
        [
            0.11,
            0.19,
            0.101,
            0.176,
            0.122,
            0.123,
            0.165,
            0.164,
            0.193,
            0.196,
            0.0
        ]
    ],
    "service_scv": [
        0.0,
        0.776,
        0.797,
        1.352,
        1.005,
        0.71,
        0.899,
        0.992,
        1.137,
        1.08,
        0.894
    ],
    "service": [
        0,
        6,
        16,
        29,
        17,
        24,
        10,
        4,
        10,
        18,
        20
    ]
}
