{
    "coords": [
        [
            0,
            0
        ],
        [
            21,
            32
        ],
        [
            13,
            6
        ],
        [
            30,
            5
        ],
        [
            6,
            32
        ],
        [
            32,
            42
        ],
        [
            21,
            10
        ],
        [
            10,
            10
        ],
        [
            5,
            35
        ],
        [
            38,
            23
        ],
        [
            34,
            20
        ]
    ],
    "dimension": 11,
    "distances": [
        [
            0.0,
            38.275,
            14.318,
            30.414,
            32.558,
            52.802,
            23.259,
            14.142,
            35.355,
            44.418,
            39.446
        ],
        [
            38.275,
            0.0,
            27.203,
            28.46,
            15.0,
            14.866,
            22.0,
            24.597,
            16.279,
            19.235,
            17.692
        ],
        [
            14.318,
            27.203,
            0.0,
            17.029,
            26.926,
            40.706,
            8.944,
            5.0,
            30.083,
            30.232,
            25.239
        ],
        [
            30.414,
            28.46,
            17.029,
            0.0,
            36.125,
            37.054,
            10.296,
            20.616,
            39.051,
            19.698,
            15.524
        ],
        [
            32.558,
            15.0,
            26.926,
            36.125,
            0.0,
            27.857,
            26.627,
            22.361,
            3.162,
            33.242,
            30.463
        ],
        [
            52.802,
            14.866,
            40.706,
            37.054,
            27.857,
            0.0,
            33.838,
            38.833,
            27.893,
            19.925,
            22.091
        ],
        [
            23.259,
            22.0,
            8.944,
            10.296,
            26.627,
            33.838,
            0.0,
            11.0,
            29.682,
            21.401,
            16.401
        ],
        [
            14.142,
            24.597,
            5.0,
            20.616,
            22.361,
            38.833,
            11.0,
            0.0,
            25.495,
            30.871,
            26.0
        ],
        [
            35.355,
            16.279,
            30.083,
            39.051,
            3.162,
            27.893,
            29.682,
            25.495,
            0.0,
            35.114,
            32.65
        ],
        [
            44.418,
            19.235,
            30.232,
            19.698,
            33.242,
            19.925,
            21.401,
            30.871,
            35.114,
            0.0,
            5.0
        ],
        [
            39.446,
            17.692,
            25.239,
            15.524,
            30.463,
            22.091,
            16.401,
            26.0,
            32.65,
            5.0,
            0.0
        ]
    ],
    "distances_scv": [
        [
            0.0,
            0.126,
            0.282,
            0.221,
            0.256,
            0.316,
            0.373,
            0.35,
            0.397,
            0.107,
            0.362
        ],
        [
            0.317,
            0.0,
            0.476,
            0.105,
            0.431,
            0.201,
            0.35,
            0.406,
            0.439,
            0.476,
            0.354
        ],
        [
            0.444,
            0.299,
            0.0,
            0.164,
            0.299,
            0.398,
            0.28,
            0.373,
            0.15,
            0.489,
            0.29
        ],
        [
            0.431,
            0.392,
            0.412,
            0.0,
            0.144,
            0.282,
            0.233,
            0.259,
            0.497,
            0.224,
            0.413
        ],
        [
            0.167,
            0.337,
            0.239,
            0.197,
            0.0,
            0.474,
            0.331,
            0.307,
            0.421,
            0.301,
            0.145
        ],
        [
            0.152,
            0.387,
            0.287,
            0.184,
            0.487,
            0.0,
            0.413,
            0.227,
            0.398,
            0.311,
            0.115
        ],
        [
            0.385,
            0.217,
            0.274,
            0.386,
            0.498,
            0.279,
            0.0,
            0.294,
            0.366,
            0.164,
            0.498
        ],
        [
            0.158,
            0.367,
            0.126,
            0.135,
            0.449,
            0.4,
            0.139,
            0.0,
            0.128,
            0.474,
            0.439
        ],
        [
            0.411,
            0.379,
            0.369,
            0.113,
            0.123,
            0.22,
            0.331,
            0.432,
            0.0,
            0.2,
            0.354
        ],
        [
            0.481,
            0.294,
            0.325,
            0.216,
            0.401,
            0.159,
            0.368,
            0.187,
            0.37,
            0.0,
            0.43
        ],
        [
            0.327,
            0.463,
            0.28,
            0.106,
            0.49,
            0.407,
            0.429,
            0.431,
            0.151,
            0.45,
            0.0
        ]
    ],
    "service_scv": [
        0.0,
        0.401,
        0.39,
        0.484,
        0.158,
        0.133,
        0.396,
        0.107,
        0.352,
        0.349,
        0.47
    ],
    "service": [
        0.0,
        22.953,
        50.059,
        22.278,
        43.796,
        16.357,
        39.42,
        52.893,
        42.525,
        33.652,
        32.106
    ]
}
