{
    "coords": [
        [
            0,
            0
        ],
        [
            1,
            40
        ],
        [
            23,
            25
        ],
        [
            31,
            14
        ],
        [
            48,
            2
        ],
        [
            13,
            19
        ],
        [
            28,
            20
        ],
        [
            6,
            2
        ],
        [
            0,
            2
        ],
        [
            7,
            49
        ],
        [
            9,
            32
        ]
    ],
    "dimension": 11,
    "distances": [
        [
            0.0,
            40.012,
            33.971,
            34.015,
            48.042,
            23.022,
            34.409,
            6.325,
            2.0,
            49.497,
            33.242
        ],
        [
            40.012,
            0.0,
            26.627,
            39.699,
            60.44,
            24.187,
            33.601,
            38.328,
            38.013,
            10.817,
            11.314
        ],
        [
            33.971,
            26.627,
            0.0,
            13.601,
            33.971,
            11.662,
            7.071,
            28.601,
            32.527,
            28.844,
            15.652
        ],
        [
            34.015,
            39.699,
            13.601,
            0.0,
            20.809,
            18.682,
            6.708,
            27.731,
            33.242,
            42.438,
            28.425
        ],
        [
            48.042,
            60.44,
            33.971,
            20.809,
            0.0,
            38.91,
            26.907,
            42.0,
            48.0,
            62.37,
            49.204
        ],
        [
            23.022,
            24.187,
            11.662,
            18.682,
            38.91,
            0.0,
            15.033,
            18.385,
            21.401,
            30.594,
            13.601
        ],
        [
            34.409,
            33.601,
            7.071,
            6.708,
            26.907,
            15.033,
            0.0,
            28.425,
            33.287,
            35.805,
            22.472
        ],
        [
            6.325,
            38.328,
            28.601,
            27.731,
            42.0,
            18.385,
            28.425,
            0.0,
            6.0,
            47.011,
            30.15
        ],
        [
            2.0,
            38.013,
            32.527,
            33.242,
            48.0,
            21.401,
            33.287,
            6.0,
            0.0,
            47.518,
            31.321
        ],
        [
            49.497,
            10.817,
            28.844,
            42.438,
            62.37,
            30.594,
            35.805,
            47.011,
            47.518,
            0.0,
            17.117
        ],
        [
            33.242,
            11.314,
            15.652,
            28.425,
            49.204,
            13.601,
            22.472,
            30.15,
            31.321,
            17.117,
            0.0
        ]
    ],
    "distances_scv": [
        [
            0.0,
            0.15,
            0.15,
            0.15,
            0.15,
            0.15,
            0.15,
            0.15,
            0.15,
            0.15,
            0.15
        ],
        [
            0.15,
            0.0,
            0.15,
            0.15,
            0.15,
            0.15,
            0.15,
            0.15,
            0.15,
            0.15,
            0.15
        ],
        [
            0.15,
            0.15,
            0.0,
            0.15,
            0.15,
            0.15,
            0.15,
            0.15,
            0.15,
            0.15,
            0.15
        ],
        [
            0.15,
            0.15,
            0.15,
            0.0,
            0.15,
            0.15,
            0.15,
            0.15,
            0.15,
            0.15,
            0.15
        ],
        [
            0.15,
            0.15,
            0.15,
            0.15,
            0.0,
            0.15,
            0.15,
            0.15,
            0.15,
            0.15,
            0.15
        ],
        [
            0.15,
            0.15,
            0.15,
            0.15,
            0.15,
            0.0,
            0.15,
            0.15,
            0.15,
            0.15,
            0.15
        ],
        [
            0.15,
            0.15,
            0.15,
            0.15,
            0.15,
            0.15,
            0.0,
            0.15,
            0.15,
            0.15,
            0.15
        ],
        [
            0.15,
            0.15,
            0.15,
            0.15,
            0.15,
            0.15,
            0.15,
            0.0,
            0.15,
            0.15,
            0.15
        ],
        [
            0.15,
            0.15,
            0.15,
            0.15,
            0.15,
            0.15,
            0.15,
            0.15,
            0.0,
            0.15,
            0.15
        ],
        [
            0.15,
            0.15,
            0.15,
            0.15,
            0.15,
            0.15,
            0.15,
            0.15,
            0.15,
            0.0,
            0.15
        ],
        [
            0.15,
            0.15,
            0.15,
            0.15,
            0.15,
            0.15,
            0.15,
            0.15,
            0.15,
            0.15,
            0.0
        ]
    ],
    "service_scv": [
        0.0,
        0.278,
        0.296,
        0.388,
        0.425,
        0.479,
        0.281,
        0.397,
        0.27,
        0.438,
        0.231
    ],
    "service": [
        0,
        37,
        47,
        37,
        38,
        32,
        60,
        37,
        36,
        49,
        35
    ]
}
