{
    "coords": [
        [
            0,
            0
        ],
        [
            40,
            42
        ],
        [
            3,
            40
        ],
        [
            47,
            13
        ],
        [
            8,
            3
        ],
        [
            39,
            47
        ],
        [
            30,
            30
        ],
        [
            39,
            0
        ],
        [
            41,
            45
        ],
        [
            6,
            49
        ],
        [
            42,
            14
        ]
    ],
    "dimension": 11,
    "distances": [
        [
            0.0,
            58.0,
            40.112,
            48.765,
            8.544,
            61.074,
            42.426,
            39.0,
            60.877,
            49.366,
            44.272
        ],
        [
            58.0,
            0.0,
            37.054,
            29.833,
            50.448,
            5.099,
            15.62,
            42.012,
            3.162,
            34.713,
            28.071
        ],
        [
            40.112,
            37.054,
            0.0,
            51.624,
            37.336,
            36.674,
            28.792,
            53.814,
            38.328,
            9.487,
            46.872
        ],
        [
            48.765,
            29.833,
            51.624,
            0.0,
            40.262,
            34.928,
            24.042,
            15.264,
            32.558,
            54.562,
            5.099
        ],
        [
            8.544,
            50.448,
            37.336,
            40.262,
            0.0,
            53.824,
            34.828,
            31.145,
            53.413,
            46.043,
            35.735
        ],
        [
            61.074,
            5.099,
            36.674,
            34.928,
            53.824,
            0.0,
            19.235,
            47.0,
            2.828,
            33.061,
            33.136
        ],
        [
            42.426,
            15.62,
            28.792,
            24.042,
            34.828,
            19.235,
            0.0,
            31.321,
            18.601,
            30.61,
            20.0
        ],
        [
            39.0,
            42.012,
            53.814,
            15.264,
            31.145,
            47.0,
            31.321,
            0.0,
            45.044,
            59.076,
            14.318
        ],
        [
            60.877,
            3.162,
            38.328,
            32.558,
            53.413,
            2.828,
            18.601,
            45.044,
            0.0,
            35.228,
            31.016
        ],
        [
            49.366,
            34.713,
            9.487,
            54.562,
            46.043,
            33.061,
            30.61,
            59.076,
            35.228,
            0.0,
            50.21
        ],
        [
            44.272,
            28.071,
            46.872,
            5.099,
            35.735,
            33.136,
            20.0,
            14.318,
            31.016,
            50.21,
            0.0
        ]
    ],
    "distances_scv": [
        [
            0.0,
            0.15,
            0.15,
            0.15,
            0.15,
            0.15,
            0.15,
            0.15,
            0.15,
            0.15,
            0.15
        ],
        [
            0.15,
            0.0,
            0.15,
            0.15,
            0.15,
            0.15,
            0.15,
            0.15,
            0.15,
            0.15,
            0.15
        ],
        [
            0.15,
            0.15,
            0.0,
            0.15,
            0.15,
            0.15,
            0.15,
            0.15,
            0.15,
            0.15,
            0.15
        ],
        [
            0.15,
            0.15,
            0.15,
            0.0,
            0.15,
            0.15,
            0.15,
            0.15,
            0.15,
            0.15,
            0.15
        ],
        [
            0.15,
            0.15,
            0.15,
            0.15,
            0.0,
            0.15,
            0.15,
            0.15,
            0.15,
            0.15,
            0.15
        ],
        [
            0.15,
            0.15,
            0.15,
            0.15,
            0.15,
            0.0,
            0.15,
            0.15,
            0.15,
            0.15,
            0.15
        ],
        [
            0.15,
            0.15,
            0.15,
            0.15,
            0.15,
            0.15,
            0.0,
            0.15,
            0.15,
            0.15,
            0.15
        ],
        [
            0.15,
            0.15,
            0.15,
            0.15,
            0.15,
            0.15,
            0.15,
            0.0,
            0.15,
            0.15,
            0.15
        ],
        [
            0.15,
            0.15,
            0.15,
            0.15,
            0.15,
            0.15,
            0.15,
            0.15,
            0.0,
            0.15,
            0.15
        ],
        [
            0.15,
            0.15,
            0.15,
            0.15,
            0.15,
            0.15,
            0.15,
            0.15,
            0.15,
            0.0,
            0.15
        ],
        [
            0.15,
            0.15,
            0.15,
            0.15,
            0.15,
            0.15,
            0.15,
            0.15,
            0.15,
            0.15,
            0.0
        ]
    ],
    "service_scv": [
        0.0,
        0.421,
        0.25,
        0.324,
        0.191,
        0.297,
        0.24,
        0.161,
        0.252,
        0.475,
        0.336
    ],
    "service": [
        0,
        32,
        43,
        53,
        56,
        38,
        43,
        32,
        33,
        36,
        35
    ]
}
