{
    "coords": [
        [
            0,
            0
        ],
        [
            16,
            12
        ],
        [
            19,
            36
        ],
        [
            23,
            31
        ],
        [
            5,
            46
        ],
        [
            8,
            1
        ],
        [
            27,
            41
        ],
        [
            35,
            24
        ],
        [
            42,
            21
        ],
        [
            35,
            24
        ],
        [
            34,
            6
        ]
    ],
    "dimension": 11,
    "distances": [
        [
            0.0,
            20.0,
            40.706,
            38.601,
            46.271,
            8.062,
            49.092,
            42.438,
            46.957,
            42.438,
            34.525
        ],
        [
            20.0,
            0.0,
            24.187,
            20.248,
            35.735,
            13.601,
            31.016,
            22.472,
            27.514,
            22.472,
            18.974
        ],
        [
            40.706,
            24.187,
            0.0,
            6.403,
            17.205,
            36.688,
            9.434,
            20.0,
            27.459,
            20.0,
            33.541
        ],
        [
            38.601,
            20.248,
            6.403,
            0.0,
            23.431,
            33.541,
            10.77,
            13.892,
            21.471,
            13.892,
            27.313
        ],
        [
            46.271,
            35.735,
            17.205,
            23.431,
            0.0,
            45.1,
            22.561,
            37.202,
            44.654,
            37.202,
            49.406
        ],
        [
            8.062,
            13.601,
            36.688,
            33.541,
            45.1,
            0.0,
            44.283,
            35.468,
            39.446,
            35.468,
            26.476
        ],
        [
            49.092,
            31.016,
            9.434,
            10.77,
            22.561,
            44.283,
            0.0,
            18.788,
            25.0,
            18.788,
            35.693
        ],
        [
            42.438,
            22.472,
            20.0,
            13.892,
            37.202,
            35.468,
            18.788,
            0.0,
            7.616,
            0.0,
            18.028
        ],
        [
            46.957,
            27.514,
            27.459,
            21.471,
            44.654,
            39.446,
            25.0,
            7.616,
            0.0,
            7.616,
            17.0
        ],
        [
            42.438,
            22.472,
            20.0,
            13.892,
            37.202,
            35.468,
            18.788,
            0.0,
            7.616,
            0.0,
            18.028
        ],
        [
            34.525,
            18.974,
            33.541,
            27.313,
            49.406,
            26.476,
            35.693,
            18.028,
            17.0,
            18.028,
            0.0
        ]
    ],
    "distances_scv": [
        [
            0.0,
            0.174,
            0.167,
            0.14,
            0.152,
            0.14,
            0.141,
            0.122,
            0.183,
            0.152,
            0.162
        ],
        [
            0.164,
            0.0,
            0.113,
            0.158,
            0.154,
            0.169,
            0.134,
            0.128,
            0.178,
            0.127,
            0.113
        ],
        [
            0.13,
            0.11,
            0.0,
            0.192,
            0.182,
            0.146,
            0.197,
            0.154,
            0.136,
            0.151,
            0.189
        ],
        [
            0.123,
            0.137,
            0.12,
            0.0,
            0.106,
            0.119,
            0.107,
            0.123,
            0.119,
            0.122,
            0.179
        ],
        [
            0.161,
            0.128,
            0.107,
            0.146,
            0.0,
            0.182,
            0.197,
            0.136,
            0.158,
            0.128,
            0.176
        ],
        [
            0.1,
            0.15,
            0.161,
            0.15,
            0.112,
            0.0,
            0.114,
            0.132,
            0.139,
            0.132,
            0.145
        ],
        [
            0.17,
            0.13,
            0.146,
            0.137,
            0.113,
            0.111,
            0.0,
            0.112,
            0.187,
            0.102,
            0.173
        ],
        [
            0.187,
            0.152,
            0.106,
            0.175,
            0.142,
            0.149,
            0.189,
            0.0,
            0.129,
            0.174,
            0.183
        ],
        [
            0.199,
            0.118,
            0.134,
            0.123,
            0.195,
            0.196,
            0.181,
            0.129,
            0.0,
            0.173,
            0.152
        ],
        [
            0.131,
            0.193,
            0.184,
            0.161,
            0.15,
            0.17,
            0.194,
            0.115,
            0.127,
            0.0,
            0.102
        ],
        [
            0.128,
            0.199,
            0.151,
            0.181,
            0.169,
            0.162,
            0.173,
            0.188,
            0.127,
            0.181,
            0.0
        ]
    ],
    "service_scv": [
        0.0,
        1.265,
        1.297,
        1.049,
        1.238,
        1.066,
        0.547,
        1.262,
        1.137,
        0.827,
        0.715
    ],
    "service": [
        0.0,
        30.204,
        39.232,
        22.679,
        38.597,
        33.86,
        31.291,
        21.641,
        48.275,
        38.655,
        37.084
    ]
}
