{
    "coords": [
        [
            0,
            0
        ],
        [
            39,
            24
        ],
        [
            29,
            30
        ],
        [
            35,
            1
        ],
        [
            24,
            7
        ],
        [
            20,
            46
        ],
        [
            27,
            3
        ],
        [
            27,
            6
        ],
        [
            37,
            47
        ],
        [
            48,
            31
        ],
        [
            43,
            18
        ]
    ],
    "dimension": 11,
    "distances": [
        [
            0.0,
            45.793,
            41.725,
            35.014,
            25.0,
            50.16,
            27.166,
            27.659,
            59.816,
            57.14,
            46.615
        ],
        [
            45.793,
            0.0,
            11.662,
            23.345,
            22.672,
            29.069,
            24.187,
            21.633,
            23.087,
            11.402,
            7.211
        ],
        [
            41.725,
            11.662,
            0.0,
            29.614,
            23.537,
            18.358,
            27.074,
            24.083,
            18.788,
            19.026,
            18.439
        ],
        [
            35.014,
            23.345,
            29.614,
            0.0,
            12.53,
            47.434,
            8.246,
            9.434,
            46.043,
            32.696,
            18.788
        ],
        [
            25.0,
            22.672,
            23.537,
            12.53,
            0.0,
            39.205,
            5.0,
            3.162,
            42.059,
            33.941,
            21.954
        ],
        [
            50.16,
            29.069,
            18.358,
            47.434,
            39.205,
            0.0,
            43.566,
            40.608,
            17.029,
            31.765,
            36.235
        ],
        [
            27.166,
            24.187,
            27.074,
            8.246,
            5.0,
            43.566,
            0.0,
            3.0,
            45.122,
            35.0,
            21.932
        ],
        [
            27.659,
            21.633,
            24.083,
            9.434,
            3.162,
            40.608,
            3.0,
            0.0,
            42.202,
            32.65,
            20.0
        ],
        [
            59.816,
            23.087,
            18.788,
            46.043,
            42.059,
            17.029,
            45.122,
            42.202,
            0.0,
            19.416,
            29.614
        ],
        [
            57.14,
            11.402,
            19.026,
            32.696,
            33.941,
            31.765,
            35.0,
            32.65,
            19.416,
            0.0,
            13.928
        ],
        [
            46.615,
            7.211,
            18.439,
            18.788,
            21.954,
            36.235,
            21.932,
            20.0,
            29.614,
            13.928,
            0.0
        ]
    ],
    "distances_scv": [
        [
            0.0,
            0.365,
            0.21,
            0.155,
            0.415,
            0.368,
            0.305,
            0.427,
            0.32,
            0.492,
            0.182
        ],
        [
            0.321,
            0.0,
            0.241,
            0.337,
            0.194,
            0.421,
            0.447,
            0.152,
            0.287,
            0.211,
            0.133
        ],
        [
            0.458,
            0.272,
            0.0,
            0.369,
            0.181,
            0.461,
            0.187,
            0.113,
            0.18,
            0.238,
            0.288
        ],
        [
            0.462,
            0.379,
            0.236,
            0.0,
            0.164,
            0.499,
            0.284,
            0.376,
            0.122,
            0.114,
            0.438
        ],
        [
            0.335,
            0.223,
            0.227,
            0.136,
            0.0,
            0.11,
            0.436,
            0.287,
            0.151,
            0.396,
            0.178
        ],
        [
            0.125,
            0.339,
            0.458,
            0.111,
            0.422,
            0.0,
            0.137,
            0.107,
            0.217,
            0.391,
            0.297
        ],
        [
            0.441,
            0.187,
            0.226,
            0.203,
            0.491,
            0.476,
            0.0,
            0.274,
            0.226,
            0.399,
            0.116
        ],
        [
            0.127,
            0.262,
            0.198,
            0.438,
            0.397,
            0.318,
            0.365,
            0.0,
            0.412,
            0.471,
            0.16
        ],
        [
            0.35,
            0.157,
            0.277,
            0.415,
            0.458,
            0.404,
            0.114,
            0.244,
            0.0,
            0.5,
            0.158
        ],
        [
            0.198,
            0.243,
            0.124,
            0.448,
            0.355,
            0.164,
            0.299,
            0.131,
            0.344,
            0.0,
            0.115
        ],
        [
            0.146,
            0.322,
            0.355,
            0.23,
            0.357,
            0.241,
            0.152,
            0.226,
            0.258,
            0.465,
            0.0
        ]
    ],
    "service_scv": [
        0.0,
        0.373,
        0.158,
        0.286,
        0.12,
        0.421,
        0.387,
        0.422,
        0.404,
        0.207,
        0.416
    ],
    "service": [
        0,
        3,
        28,
        17,
        21,
        29,
        13,
        28,
        13,
        22,
        25
    ]
}
