{
    "coords": [
        [
            0,
            0
        ],
        [
            40,
            42
        ],
        [
            3,
            40
        ],
        [
            47,
            13
        ],
        [
            8,
            3
        ],
        [
            39,
            47
        ],
        [
            30,
            30
        ],
        [
            39,
            0
        ],
        [
            41,
            45
        ],
        [
            6,
            49
        ],
        [
            42,
            14
        ]
    ],
    "dimension": 11,
    "distances": [
        [
            0.0,
            58.0,
            40.112,
            48.765,
            8.544,
            61.074,
            42.426,
            39.0,
            60.877,
            49.366,
            44.272
        ],
        [
            58.0,
            0.0,
            37.054,
            29.833,
            50.448,
            5.099,
            15.62,
            42.012,
            3.162,
            34.713,
            28.071
        ],
        [
            40.112,
            37.054,
            0.0,
            51.624,
            37.336,
            36.674,
            28.792,
            53.814,
            38.328,
            9.487,
            46.872
        ],
        [
            48.765,
            29.833,
            51.624,
            0.0,
            40.262,
            34.928,
            24.042,
            15.264,
            32.558,
            54.562,
            5.099
        ],
        [
            8.544,
            50.448,
            37.336,
            40.262,
            0.0,
            53.824,
            34.828,
            31.145,
            53.413,
            46.043,
            35.735
        ],
        [
            61.074,
            5.099,
            36.674,
            34.928,
            53.824,
            0.0,
            19.235,
            47.0,
            2.828,
            33.061,
            33.136
        ],
        [
            42.426,
            15.62,
            28.792,
            24.042,
            34.828,
            19.235,
            0.0,
            31.321,
            18.601,
            30.61,
            20.0
        ],
        [
            39.0,
            42.012,
            53.814,
            15.264,
            31.145,
            47.0,
            31.321,
            0.0,
            45.044,
            59.076,
            14.318
        ],
        [
            60.877,
            3.162,
            38.328,
            32.558,
            53.413,
            2.828,
            18.601,
            45.044,
            0.0,
            35.228,
            31.016
        ],
        [
            49.366,
            34.713,
            9.487,
            54.562,
            46.043,
            33.061,
            30.61,
            59.076,
            35.228,
            0.0,
            50.21
        ],
        [
            44.272,
            28.071,
            46.872,
            5.099,
            35.735,
            33.136,
            20.0,
            14.318,
            31.016,
            50.21,
            0.0
        ]
    ],
    "distances_scv": [
        [
            0.0,
            0.108,
            0.144,
            0.182,
            0.141,
            0.152,
            0.112,
            0.181,
            0.15,
            0.125,
            0.178
        ],
        [
            0.198,
            0.0,
            0.174,
            0.199,
            0.103,
            0.16,
            0.197,
            0.112,
            0.122,
            0.155,
            0.172
        ],
        [
            0.155,
            0.155,
            0.0,
            0.174,
            0.132,
            0.107,
            0.196,
            0.166,
            0.146,
            0.173,
            0.148
        ],
        [
            0.112,
            0.16,
            0.175,
            0.0,
            0.155,
            0.193,
            0.195,
            0.187,
            0.137,
            0.127,
            0.153
        ],
        [
            0.165,
            0.116,
            0.156,
            0.144,
            0.0,
            0.142,
            0.14,
            0.196,
            0.105,
            0.193,
            0.191
        ],
        [
            0.16,
            0.119,
            0.179,
            0.116,
            0.132,
            0.0,
            0.143,
            0.146,
            0.13,
            0.104,
            0.136
        ],
        [
            0.183,
            0.183,
            0.108,
            0.155,
            0.135,
            0.14,
            0.0,
            0.181,
            0.151,
            0.151,
            0.192
        ],
        [
            0.138,
            0.178,
            0.173,
            0.174,
            0.146,
            0.169,
            0.184,
            0.0,
            0.176,
            0.148,
            0.153
        ],
        [
            0.146,
            0.137,
            0.175,
            0.139,
            0.118,
            0.179,
            0.14,
            0.158,
            0.0,
            0.165,
            0.152
        ],
        [
            0.128,
            0.171,
            0.196,
            0.171,
            0.177,
            0.132,
            0.131,
            0.136,
            0.148,
            0.0,
            0.147
        ],
        [
            0.118,
            0.153,
            0.126,
            0.164,
            0.134,
            0.195,
            0.144,
            0.158,
            0.158,
            0.141,
            0.0
        ]
    ],
    "service_scv": [
        0.0,
        0.203,
        0.113,
        0.216,
        0.471,
        0.312,
        0.21,
        0.146,
        0.459,
        0.137,
        0.115
    ],
    "service": [
        0.0,
        67.495,
        28.388,
        42.75,
        36.978,
        29.814,
        19.609,
        24.986,
        24.683,
        1.0,
        68.852
    ]
}
