{
    "coords": [
        [
            0,
            0
        ],
        [
            48,
            14
        ],
        [
            5,
            30
        ],
        [
            33,
            38
        ],
        [
            32,
            35
        ],
        [
            45,
            45
        ],
        [
            46,
            43
        ],
        [
            36,
            45
        ],
        [
            0,
            1
        ],
        [
            39,
            21
        ],
        [
            37,
            24
        ]
    ],
    "dimension": 11,
    "distances": [
        [
            0.0,
            50.0,
            30.414,
            50.329,
            47.424,
            63.64,
            62.968,
            57.628,
            1.0,
            44.294,
            44.102
        ],
        [
            50.0,
            0.0,
            45.88,
            28.302,
            26.401,
            31.145,
            29.069,
            33.242,
            49.729,
            11.402,
            14.866
        ],
        [
            30.414,
            45.88,
            0.0,
            29.12,
            27.459,
            42.72,
            43.012,
            34.438,
            29.428,
            35.171,
            32.558
        ],
        [
            50.329,
            28.302,
            29.12,
            0.0,
            3.162,
            13.892,
            13.928,
            7.616,
            49.578,
            18.028,
            14.56
        ],
        [
            47.424,
            26.401,
            27.459,
            3.162,
            0.0,
            16.401,
            16.125,
            10.77,
            46.69,
            15.652,
            12.083
        ],
        [
            63.64,
            31.145,
            42.72,
            13.892,
            16.401,
            0.0,
            2.236,
            9.0,
            62.936,
            24.739,
            22.472
        ],
        [
            62.968,
            29.069,
            43.012,
            13.928,
            16.125,
            2.236,
            0.0,
            10.198,
            62.29,
            23.087,
            21.024
        ],
        [
            57.628,
            33.242,
            34.438,
            7.616,
            10.77,
            9.0,
            10.198,
            0.0,
            56.851,
            24.187,
            21.024
        ],
        [
            1.0,
            49.729,
            29.428,
            49.578,
            46.69,
            62.936,
            62.29,
            56.851,
            0.0,
            43.829,
            43.566
        ],
        [
            44.294,
            11.402,
            35.171,
            18.028,
            15.652,
            24.739,
            23.087,
            24.187,
            43.829,
            0.0,
            3.606
        ],
        [
            44.102,
            14.866,
            32.558,
            14.56,
            12.083,
            22.472,
            21.024,
            21.024,
            43.566,
            3.606,
            0.0
        ]
    ],
    "distances_scv": [
        [
            0.0,
            0.15,
            0.15,
            0.15,
            0.15,
            0.15,
            0.15,
            0.15,
            0.15,
            0.15,
            0.15
        ],
        [
            0.15,
            0.0,
            0.15,
            0.15,
            0.15,
            0.15,
            0.15,
            0.15,
            0.15,
            0.15,
            0.15
        ],
        [
            0.15,
            0.15,
            0.0,
            0.15,
            0.15,
            0.15,
            0.15,
            0.15,
            0.15,
            0.15,
            0.15
        ],
        [
            0.15,
            0.15,
            0.15,
            0.0,
            0.15,
            0.15,
            0.15,
            0.15,
            0.15,
            0.15,
            0.15
        ],
        [
            0.15,
            0.15,
            0.15,
            0.15,
            0.0,
            0.15,
            0.15,
            0.15,
            0.15,
            0.15,
            0.15
        ],
        [
            0.15,
            0.15,
            0.15,
            0.15,
            0.15,
            0.0,
            0.15,
            0.15,
            0.15,
            0.15,
            0.15
        ],
        [
            0.15,
            0.15,
            0.15,
            0.15,
            0.15,
            0.15,
            0.0,
            0.15,
            0.15,
            0.15,
            0.15
        ],
        [
            0.15,
            0.15,
            0.15,
            0.15,
            0.15,
            0.15,
            0.15,
            0.0,
            0.15,
            0.15,
            0.15
        ],
        [
            0.15,
            0.15,
            0.15,
            0.15,
            0.15,
            0.15,
            0.15,
            0.15,
            0.0,
            0.15,
            0.15
        ],
        [
            0.15,
            0.15,
            0.15,
            0.15,
            0.15,
            0.15,
            0.15,
            0.15,
            0.15,
            0.0,
            0.15
        ],
        [
            0.15,
            0.15,
            0.15,
            0.15,
            0.15,
            0.15,
            0.15,
            0.15,
            0.15,
            0.15,
            0.0
        ]
    ],
    "service_scv": [
        0.0,
        0.261,
        0.224,
        0.391,
        0.201,
        0.28,
        0.307,
        0.466,
        0.291,
        0.198,
        0.298
    ],
    "service": [
        0,
        39,
        43,
        55,
        35,
        45,
        52,
        32,
        58,
        36,
        48
    ]
}
