{
    "coords": [
        [
            0,
            0
        ],
        [
            10,
            35
        ],
        [
            43,
            14
        ],
        [
            18,
            4
        ],
        [
            48,
            48
        ],
        [
            34,
            28
        ],
        [
            28,
            32
        ],
        [
            36,
            28
        ],
        [
            39,
            23
        ],
        [
            18,
            6
        ],
        [
            40,
            15
        ]
    ],
    "dimension": 11,
    "distances": [
        [
            0.0,
            36.401,
            45.222,
            18.439,
            67.882,
            44.045,
            42.521,
            45.607,
            45.277,
            18.974,
            42.72
        ],
        [
            36.401,
            0.0,
            39.115,
            32.016,
            40.162,
            25.0,
            18.248,
            26.926,
            31.385,
            30.083,
            36.056
        ],
        [
            45.222,
            39.115,
            0.0,
            26.926,
            34.366,
            16.643,
            23.431,
            15.652,
            9.849,
            26.249,
            3.162
        ],
        [
            18.439,
            32.016,
            26.926,
            0.0,
            53.254,
            28.844,
            29.732,
            30.0,
            28.32,
            2.0,
            24.597
        ],
        [
            67.882,
            40.162,
            34.366,
            53.254,
            0.0,
            24.413,
            25.612,
            23.324,
            26.571,
            51.614,
            33.956
        ],
        [
            44.045,
            25.0,
            16.643,
            28.844,
            24.413,
            0.0,
            7.211,
            2.0,
            7.071,
            27.203,
            14.318
        ],
        [
            42.521,
            18.248,
            23.431,
            29.732,
            25.612,
            7.211,
            0.0,
            8.944,
            14.213,
            27.857,
            20.809
        ],
        [
            45.607,
            26.926,
            15.652,
            30.0,
            23.324,
            2.0,
            8.944,
            0.0,
            5.831,
            28.425,
            13.601
        ],
        [
            45.277,
            31.385,
            9.849,
            28.32,
            26.571,
            7.071,
            14.213,
            5.831,
            0.0,
            27.019,
            8.062
        ],
        [
            18.974,
            30.083,
            26.249,
            2.0,
            51.614,
            27.203,
            27.857,
            28.425,
            27.019,
            0.0,
            23.77
        ],
        [
            42.72,
            36.056,
            3.162,
            24.597,
            33.956,
            14.318,
            20.809,
            13.601,
            8.062,
            23.77,
            0.0
        ]
    ],
    "distances_scv": [
        [
            0.0,
            0.191,
            0.189,
            0.195,
            0.103,
            0.174,
            0.167,
            0.163,
            0.164,
            0.113,
            0.163
        ],
        [
            0.179,
            0.0,
            0.192,
            0.113,
            0.138,
            0.155,
            0.161,
            0.155,
            0.139,
            0.188,
            0.14
        ],
        [
            0.187,
            0.133,
            0.0,
            0.185,
            0.112,
            0.117,
            0.173,
            0.113,
            0.102,
            0.119,
            0.139
        ],
        [
            0.17,
            0.17,
            0.121,
            0.0,
            0.105,
            0.102,
            0.113,
            0.175,
            0.134,
            0.135,
            0.135
        ],
        [
            0.124,
            0.194,
            0.194,
            0.193,
            0.0,
            0.165,
            0.157,
            0.141,
            0.17,
            0.153,
            0.175
        ],
        [
            0.173,
            0.162,
            0.149,
            0.173,
            0.175,
            0.0,
            0.116,
            0.125,
            0.167,
            0.169,
            0.159
        ],
        [
            0.166,
            0.192,
            0.107,
            0.151,
            0.133,
            0.102,
            0.0,
            0.105,
            0.104,
            0.126,
            0.108
        ],
        [
            0.173,
            0.101,
            0.165,
            0.134,
            0.198,
            0.158,
            0.167,
            0.0,
            0.122,
            0.124,
            0.18
        ],
        [
            0.2,
            0.15,
            0.132,
            0.199,
            0.113,
            0.11,
            0.176,
            0.165,
            0.0,
            0.134,
            0.152
        ],
        [
            0.189,
            0.129,
            0.154,
            0.109,
            0.165,
            0.14,
            0.12,
            0.184,
            0.104,
            0.0,
            0.152
        ],
        [
            0.185,
            0.179,
            0.167,
            0.179,
            0.127,
            0.115,
            0.106,
            0.104,
            0.108,
            0.141,
            0.0
        ]
    ],
    "service_scv": [
        0.0,
        0.653,
        0.742,
        0.676,
        1.408,
        1.164,
        1.002,
        0.951,
        1.08,
        0.545,
        0.947
    ],
    "service": [
        0,
        20,
        5,
        7,
        5,
        16,
        6,
        30,
        25,
        4,
        5
    ]
}
