{
    "coords": [
        [
            0,
            0
        ],
        [
            11,
            49
        ],
        [
            8,
            15
        ],
        [
            32,
            39
        ],
        [
            31,
            43
        ],
        [
            2,
            19
        ],
        [
            28,
            21
        ],
        [
            19,
            18
        ],
        [
            2,
            5
        ],
        [
            27,
            23
        ],
        [
            47,
            12
        ]
    ],
    "dimension": 11,
    "distances": [
        [
            0.0,
            50.22,
            17.0,
            50.448,
            53.009,
            19.105,
            35.0,
            26.173,
            5.385,
            35.468,
            48.508
        ],
        [
            50.22,
            0.0,
            34.132,
            23.259,
            20.881,
            31.321,
            32.757,
            32.016,
            44.911,
            30.529,
            51.624
        ],
        [
            17.0,
            34.132,
            0.0,
            33.941,
            36.235,
            7.211,
            20.881,
            11.402,
            11.662,
            20.616,
            39.115
        ],
        [
            50.448,
            23.259,
            33.941,
            0.0,
            4.123,
            36.056,
            18.439,
            24.698,
            45.343,
            16.763,
            30.887
        ],
        [
            53.009,
            20.881,
            36.235,
            4.123,
            0.0,
            37.643,
            22.204,
            27.731,
            47.802,
            20.396,
            34.886
        ],
        [
            19.105,
            31.321,
            7.211,
            36.056,
            37.643,
            0.0,
            26.077,
            17.029,
            14.0,
            25.318,
            45.541
        ],
        [
            35.0,
            32.757,
            20.881,
            18.439,
            22.204,
            26.077,
            0.0,
            9.487,
            30.529,
            2.236,
            21.024
        ],
        [
            26.173,
            32.016,
            11.402,
            24.698,
            27.731,
            17.029,
            9.487,
            0.0,
            21.401,
            9.434,
            28.636
        ],
        [
            5.385,
            44.911,
            11.662,
            45.343,
            47.802,
            14.0,
            30.529,
            21.401,
            0.0,
            30.806,
            45.541
        ],
        [
            35.468,
            30.529,
            20.616,
            16.763,
            20.396,
            25.318,
            2.236,
            9.434,
            30.806,
            0.0,
            22.825
        ],
        [
            48.508,
            51.624,
            39.115,
            30.887,
            34.886,
            45.541,
            21.024,
            28.636,
            45.541,
            22.825,
            0.0
        ]
    ],
    "distances_scv": [
        [
            0.0,
            0.174,
            0.178,
            0.426,
            0.269,
            0.202,
            0.336,
            0.342,
            0.359,
            0.465,
            0.16
        ],
        [
            0.249,
            0.0,
            0.107,
            0.173,
            0.258,
            0.257,
            0.347,
            0.281,
            0.343,
            0.189,
            0.154
        ],
        [
            0.232,
            0.138,
            0.0,
            0.284,
            0.388,
            0.447,
            0.121,
            0.482,
            0.388,
            0.496,
            0.148
        ],
        [
            0.25,
            0.301,
            0.399,
            0.0,
            0.28,
            0.21,
            0.28,
            0.304,
            0.326,
            0.382,
            0.197
        ],
        [
            0.352,
            0.136,
            0.344,
            0.284,
            0.0,
            0.203,
            0.126,
            0.249,
            0.262,
            0.296,
            0.128
        ],
        [
            0.386,
            0.228,
            0.213,
            0.457,
            0.34,
            0.0,
            0.313,
            0.186,
            0.16,
            0.174,
            0.236
        ],
        [
            0.168,
            0.291,
            0.487,
            0.396,
            0.224,
            0.223,
            0.0,
            0.49,
            0.346,
            0.203,
            0.28
        ],
        [
            0.163,
            0.274,
            0.456,
            0.181,
            0.277,
            0.353,
            0.479,
            0.0,
            0.277,
            0.361,
            0.218
        ],
        [
            0.14,
            0.433,
            0.287,
            0.471,
            0.175,
            0.105,
            0.306,
            0.385,
            0.0,
            0.355,
            0.137
        ],
        [
            0.323,
            0.254,
            0.174,
            0.428,
            0.386,
            0.423,
            0.344,
            0.379,
            0.375,
            0.0,
            0.324
        ],
        [
            0.449,
            0.248,
            0.167,
            0.109,
            0.132,
            0.274,
            0.108,
            0.371,
            0.39,
            0.474,
            0.0
        ]
    ],
    "service_scv": [
        0.0,
        1.321,
        1.015,
        1.445,
        1.312,
        1.48,
        0.832,
        0.777,
        1.147,
        1.205,
        0.926
    ],
    "service": [
        0.0,
        24.485,
        30.69,
        40.659,
        26.81,
        41.036,
        44.626,
        28.414,
        15.277,
        43.796,
        34.132
    ]
}
