{
    "coords": [
        [
            0,
            0
        ],
        [
            39,
            24
        ],
        [
            29,
            30
        ],
        [
            35,
            1
        ],
        [
            24,
            7
        ],
        [
            20,
            46
        ],
        [
            27,
            3
        ],
        [
            27,
            6
        ],
        [
            37,
            47
        ],
        [
            48,
            31
        ],
        [
            43,
            18
        ]
    ],
    "dimension": 11,
    "distances": [
        [
            0.0,
            45.793,
            41.725,
            35.014,
            25.0,
            50.16,
            27.166,
            27.659,
            59.816,
            57.14,
            46.615
        ],
        [
            45.793,
            0.0,
            11.662,
            23.345,
            22.672,
            29.069,
            24.187,
            21.633,
            23.087,
            11.402,
            7.211
        ],
        [
            41.725,
            11.662,
            0.0,
            29.614,
            23.537,
            18.358,
            27.074,
            24.083,
            18.788,
            19.026,
            18.439
        ],
        [
            35.014,
            23.345,
            29.614,
            0.0,
            12.53,
            47.434,
            8.246,
            9.434,
            46.043,
            32.696,
            18.788
        ],
        [
            25.0,
            22.672,
            23.537,
            12.53,
            0.0,
            39.205,
            5.0,
            3.162,
            42.059,
            33.941,
            21.954
        ],
        [
            50.16,
            29.069,
            18.358,
            47.434,
            39.205,
            0.0,
            43.566,
            40.608,
            17.029,
            31.765,
            36.235
        ],
        [
            27.166,
            24.187,
            27.074,
            8.246,
            5.0,
            43.566,
            0.0,
            3.0,
            45.122,
            35.0,
            21.932
        ],
        [
            27.659,
            21.633,
            24.083,
            9.434,
            3.162,
            40.608,
            3.0,
            0.0,
            42.202,
            32.65,
            20.0
        ],
        [
            59.816,
            23.087,
            18.788,
            46.043,
            42.059,
            17.029,
            45.122,
            42.202,
            0.0,
            19.416,
            29.614
        ],
        [
            57.14,
            11.402,
            19.026,
            32.696,
            33.941,
            31.765,
            35.0,
            32.65,
            19.416,
            0.0,
            13.928
        ],
        [
            46.615,
            7.211,
            18.439,
            18.788,
            21.954,
            36.235,
            21.932,
            20.0,
            29.614,
            13.928,
            0.0
        ]
    ],
    "distances_scv": [
        [
            0.0,
            0.15,
            0.15,
            0.15,
            0.15,
            0.15,
            0.15,
            0.15,
            0.15,
            0.15,
            0.15
        ],
        [
            0.15,
            0.0,
            0.15,
            0.15,
            0.15,
            0.15,
            0.15,
            0.15,
            0.15,
            0.15,
            0.15
        ],
        [
            0.15,
            0.15,
            0.0,
            0.15,
            0.15,
            0.15,
            0.15,
            0.15,
            0.15,
            0.15,
            0.15
        ],
        [
            0.15,
            0.15,
            0.15,
            0.0,
            0.15,
            0.15,
            0.15,
            0.15,
            0.15,
            0.15,
            0.15
        ],
        [
            0.15,
            0.15,
            0.15,
            0.15,
            0.0,
            0.15,
            0.15,
            0.15,
            0.15,
            0.15,
            0.15
        ],
        [
            0.15,
            0.15,
            0.15,
            0.15,
            0.15,
            0.0,
            0.15,
            0.15,
            0.15,
            0.15,
            0.15
        ],
        [
            0.15,
            0.15,
            0.15,
            0.15,
            0.15,
            0.15,
            0.0,
            0.15,
            0.15,
            0.15,
            0.15
        ],
        [
            0.15,
            0.15,
            0.15,
            0.15,
            0.15,
            0.15,
            0.15,
            0.0,
            0.15,
            0.15,
            0.15
        ],
        [
            0.15,
            0.15,
            0.15,
            0.15,
            0.15,
            0.15,
            0.15,
            0.15,
            0.0,
            0.15,
            0.15
        ],
        [
            0.15,
            0.15,
            0.15,
            0.15,
            0.15,
            0.15,
            0.15,
            0.15,
            0.15,
            0.0,
            0.15
        ],
        [
            0.15,
            0.15,
            0.15,
            0.15,
            0.15,
            0.15,
            0.15,
            0.15,
            0.15,
            0.15,
            0.0
        ]
    ],
    "service_scv": [
        0.0,
        1.183,
        0.644,
        0.965,
        0.549,
        1.302,
        1.219,
        1.305,
        1.26,
        0.767,
        1.29
    ],
    "service": [
        0,
        33,
        58,
        47,
        51,
        59,
        43,
        58,
        43,
        52,
        55
    ]
}
