{
    "coords": [
        [
            0,
            0
        ],
        [
            37,
            20
        ],
        [
            39,
            28
        ],
        [
            6,
            25
        ],
        [
            20,
            28
        ],
        [
            28,
            28
        ],
        [
            28,
            43
        ],
        [
            16,
            4
        ],
        [
            34,
            37
        ],
        [
            22,
            41
        ],
        [
            14,
            35
        ]
    ],
    "dimension": 11,
    "distances": [
        [
            0.0,
            42.059,
            48.01,
            25.71,
            34.409,
            39.598,
            51.313,
            16.492,
            50.249,
            46.53,
            37.696
        ],
        [
            42.059,
            0.0,
            8.246,
            31.401,
            18.788,
            12.042,
            24.698,
            26.401,
            17.263,
            25.807,
            27.459
        ],
        [
            48.01,
            8.246,
            0.0,
            33.136,
            19.0,
            11.0,
            18.601,
            33.242,
            10.296,
            21.401,
            25.962
        ],
        [
            25.71,
            31.401,
            33.136,
            0.0,
            14.318,
            22.204,
            28.425,
            23.259,
            30.463,
            22.627,
            12.806
        ],
        [
            34.409,
            18.788,
            19.0,
            14.318,
            0.0,
            8.0,
            17.0,
            24.331,
            16.643,
            13.153,
            9.22
        ],
        [
            39.598,
            12.042,
            11.0,
            22.204,
            8.0,
            0.0,
            15.0,
            26.833,
            10.817,
            14.318,
            15.652
        ],
        [
            51.313,
            24.698,
            18.601,
            28.425,
            17.0,
            15.0,
            0.0,
            40.804,
            8.485,
            6.325,
            16.125
        ],
        [
            16.492,
            26.401,
            33.242,
            23.259,
            24.331,
            26.833,
            40.804,
            0.0,
            37.59,
            37.483,
            31.064
        ],
        [
            50.249,
            17.263,
            10.296,
            30.463,
            16.643,
            10.817,
            8.485,
            37.59,
            0.0,
            12.649,
            20.1
        ],
        [
            46.53,
            25.807,
            21.401,
            22.627,
            13.153,
            14.318,
            6.325,
            37.483,
            12.649,
            0.0,
            10.0
        ],
        [
            37.696,
            27.459,
            25.962,
            12.806,
            9.22,
            15.652,
            16.125,
            31.064,
            20.1,
            10.0,
            0.0
        ]
    ],
    "distances_scv": [
        [
            0.0,
            0.477,
            0.112,
            0.421,
            0.341,
            0.116,
            0.233,
            0.251,
            0.17,
            0.357,
            0.276
        ],
        [
            0.386,
            0.0,
            0.122,
            0.386,
            0.393,
            0.133,
            0.286,
            0.282,
            0.466,
            0.339,
            0.223
        ],
        [
            0.452,
            0.229,
            0.0,
            0.175,
            0.186,
            0.158,
            0.428,
            0.177,
            0.206,
            0.181,
            0.421
        ],
        [
            0.301,
            0.183,
            0.462,
            0.0,
            0.224,
            0.233,
            0.141,
            0.138,
            0.387,
            0.431,
            0.375
        ],
        [
            0.201,
            0.44,
            0.197,
            0.202,
            0.0,
            0.199,
            0.416,
            0.23,
            0.44,
            0.441,
            0.336
        ],
        [
            0.451,
            0.357,
            0.237,
            0.213,
            0.412,
            0.0,
            0.392,
            0.319,
            0.115,
            0.185,
            0.299
        ],
        [
            0.193,
            0.374,
            0.394,
            0.489,
            0.458,
            0.349,
            0.0,
            0.384,
            0.145,
            0.134,
            0.455
        ],
        [
            0.432,
            0.279,
            0.19,
            0.136,
            0.406,
            0.225,
            0.345,
            0.0,
            0.276,
            0.272,
            0.218
        ],
        [
            0.346,
            0.31,
            0.158,
            0.401,
            0.428,
            0.314,
            0.382,
            0.376,
            0.0,
            0.214,
            0.259
        ],
        [
            0.241,
            0.248,
            0.273,
            0.233,
            0.13,
            0.211,
            0.363,
            0.248,
            0.402,
            0.0,
            0.252
        ],
        [
            0.262,
            0.194,
            0.149,
            0.318,
            0.447,
            0.412,
            0.27,
            0.289,
            0.283,
            0.317,
            0.0
        ]
    ],
    "service_scv": [
        0.0,
        0.72,
        1.437,
        0.834,
        0.621,
        0.531,
        0.679,
        1.208,
        0.655,
        0.928,
        0.839
    ],
    "service": [
        0.0,
        1.0,
        33.529,
        8.679,
        44.815,
        18.948,
        29.012,
        21.399,
        29.949,
        31.613,
        36.425
    ]
}
