{
    "coords": [
        [
            0,
            0
        ],
        [
            17,
            46
        ],
        [
            18,
            13
        ],
        [
            43,
            3
        ],
        [
            22,
            15
        ],
        [
            1,
            35
        ],
        [
            49,
            39
        ],
        [
            16,
            26
        ],
        [
            42,
            15
        ],
        [
            21,
            45
        ],
        [
            9,
            46
        ]
    ],
    "dimension": 11,
    "distances": [
        [
            0.0,
            49.041,
            22.204,
            43.105,
            26.627,
            35.014,
            62.626,
            30.529,
            44.598,
            49.659,
            46.872
        ],
        [
            49.041,
            0.0,
            33.015,
            50.249,
            31.401,
            19.416,
            32.757,
            20.025,
            39.825,
            4.123,
            8.0
        ],
        [
            22.204,
            33.015,
            0.0,
            26.926,
            4.472,
            27.803,
            40.46,
            13.153,
            24.083,
            32.14,
            34.205
        ],
        [
            43.105,
            50.249,
            26.926,
            0.0,
            24.187,
            52.802,
            36.497,
            35.468,
            12.042,
            47.413,
            54.818
        ],
        [
            26.627,
            31.401,
            4.472,
            24.187,
            0.0,
            29.0,
            36.125,
            12.53,
            20.0,
            30.017,
            33.615
        ],
        [
            35.014,
            19.416,
            27.803,
            52.802,
            29.0,
            0.0,
            48.166,
            17.493,
            45.618,
            22.361,
            13.601
        ],
        [
            62.626,
            32.757,
            40.46,
            36.497,
            36.125,
            48.166,
            0.0,
            35.468,
            25.0,
            28.636,
            40.608
        ],
        [
            30.529,
            20.025,
            13.153,
            35.468,
            12.53,
            17.493,
            35.468,
            0.0,
            28.231,
            19.647,
            21.19
        ],
        [
            44.598,
            39.825,
            24.083,
            12.042,
            20.0,
            45.618,
            25.0,
            28.231,
            0.0,
            36.62,
            45.277
        ],
        [
            49.659,
            4.123,
            32.14,
            47.413,
            30.017,
            22.361,
            28.636,
            19.647,
            36.62,
            0.0,
            12.042
        ],
        [
            46.872,
            8.0,
            34.205,
            54.818,
            33.615,
            13.601,
            40.608,
            21.19,
            45.277,
            12.042,
            0.0
        ]
    ],
    "distances_scv": [
        [
            0.0,
            0.264,
            0.345,
            0.385,
            0.348,
            0.273,
            0.277,
            0.358,
            0.467,
            0.119,
            0.136
        ],
        [
            0.405,
            0.0,
            0.411,
            0.316,
            0.285,
            0.482,
            0.247,
            0.359,
            0.317,
            0.144,
            0.167
        ],
        [
            0.427,
            0.309,
            0.0,
            0.282,
            0.44,
            0.441,
            0.272,
            0.152,
            0.432,
            0.3,
            0.323
        ],
        [
            0.303,
            0.115,
            0.305,
            0.0,
            0.125,
            0.431,
            0.157,
            0.389,
            0.276,
            0.301,
            0.303
        ],
        [
            0.167,
            0.126,
            0.355,
            0.141,
            0.0,
            0.118,
            0.341,
            0.478,
            0.316,
            0.106,
            0.332
        ],
        [
            0.291,
            0.375,
            0.147,
            0.37,
            0.473,
            0.0,
            0.48,
            0.342,
            0.438,
            0.183,
            0.255
        ],
        [
            0.449,
            0.433,
            0.335,
            0.396,
            0.328,
            0.279,
            0.0,
            0.299,
            0.307,
            0.293,
            0.104
        ],
        [
            0.492,
            0.496,
            0.385,
            0.173,
            0.45,
            0.2,
            0.115,
            0.0,
            0.416,
            0.448,
            0.485
        ],
        [
            0.422,
            0.222,
            0.321,
            0.38,
            0.122,
            0.134,
            0.386,
            0.237,
            0.0,
            0.301,
            0.137
        ],
        [
            0.369,
            0.134,
            0.49,
            0.429,
            0.181,
            0.161,
            0.384,
            0.194,
            0.447,
            0.0,
            0.421
        ],
        [
            0.253,
            0.424,
            0.468,
            0.45,
            0.215,
            0.178,
            0.14,
            0.188,
            0.343,
            0.223,
            0.0
        ]
    ],
    "service_scv": [
        0.0,
        0.343,
        0.342,
        0.474,
        0.109,
        0.155,
        0.231,
        0.165,
        0.134,
        0.133,
        0.329
    ],
    "service": [
        0,
        27,
        14,
        18,
        28,
        13,
        12,
        3,
        25,
        20,
        24
    ]
}
