{
    "coords": [
        [
            0,
            0
        ],
        [
            41,
            21
        ],
        [
            38,
            4
        ],
        [
            26,
            17
        ],
        [
            0,
            31
        ],
        [
            23,
            1
        ],
        [
            14,
            43
        ],
        [
            3,
            42
        ],
        [
            44,
            2
        ],
        [
            6,
            40
        ],
        [
            2,
            9
        ]
    ],
    "dimension": 11,
    "distances": [
        [
            0.0,
            46.065,
            38.21,
            31.064,
            31.0,
            23.022,
            45.222,
            42.107,
            44.045,
            40.447,
            9.22
        ],
        [
            46.065,
            0.0,
            17.263,
            15.524,
            42.202,
            26.907,
            34.828,
            43.417,
            19.235,
            39.825,
            40.804
        ],
        [
            38.21,
            17.263,
            0.0,
            17.692,
            46.615,
            15.297,
            45.793,
            51.662,
            6.325,
            48.166,
            36.346
        ],
        [
            31.064,
            15.524,
            17.692,
            0.0,
            29.53,
            16.279,
            28.636,
            33.971,
            23.431,
            30.48,
            25.298
        ],
        [
            31.0,
            42.202,
            46.615,
            29.53,
            0.0,
            37.802,
            18.439,
            11.402,
            52.697,
            10.817,
            22.091
        ],
        [
            23.022,
            26.907,
            15.297,
            16.279,
            37.802,
            0.0,
            42.953,
            45.618,
            21.024,
            42.544,
            22.472
        ],
        [
            45.222,
            34.828,
            45.793,
            28.636,
            18.439,
            42.953,
            0.0,
            11.045,
            50.804,
            8.544,
            36.056
        ],
        [
            42.107,
            43.417,
            51.662,
            33.971,
            11.402,
            45.618,
            11.045,
            0.0,
            57.28,
            3.606,
            33.015
        ],
        [
            44.045,
            19.235,
            6.325,
            23.431,
            52.697,
            21.024,
            50.804,
            57.28,
            0.0,
            53.74,
            42.579
        ],
        [
            40.447,
            39.825,
            48.166,
            30.48,
            10.817,
            42.544,
            8.544,
            3.606,
            53.74,
            0.0,
            31.257
        ],
        [
            9.22,
            40.804,
            36.346,
            25.298,
            22.091,
            22.472,
            36.056,
            33.015,
            42.579,
            31.257,
            0.0
        ]
    ],
    "distances_scv": [
        [
            0.0,
            0.15,
            0.15,
            0.15,
            0.15,
            0.15,
            0.15,
            0.15,
            0.15,
            0.15,
            0.15
        ],
        [
            0.15,
            0.0,
            0.15,
            0.15,
            0.15,
            0.15,
            0.15,
            0.15,
            0.15,
            0.15,
            0.15
        ],
        [
            0.15,
            0.15,
            0.0,
            0.15,
            0.15,
            0.15,
            0.15,
            0.15,
            0.15,
            0.15,
            0.15
        ],
        [
            0.15,
            0.15,
            0.15,
            0.0,
            0.15,
            0.15,
            0.15,
            0.15,
            0.15,
            0.15,
            0.15
        ],
        [
            0.15,
            0.15,
            0.15,
            0.15,
            0.0,
            0.15,
            0.15,
            0.15,
            0.15,
            0.15,
            0.15
        ],
        [
            0.15,
            0.15,
            0.15,
            0.15,
            0.15,
            0.0,
            0.15,
            0.15,
            0.15,
            0.15,
            0.15
        ],
        [
            0.15,
            0.15,
            0.15,
            0.15,
            0.15,
            0.15,
            0.0,
            0.15,
            0.15,
            0.15,
            0.15
        ],
        [
            0.15,
            0.15,
            0.15,
            0.15,
            0.15,
            0.15,
            0.15,
            0.0,
            0.15,
            0.15,
            0.15
        ],
        [
            0.15,
            0.15,
            0.15,
            0.15,
            0.15,
            0.15,
            0.15,
            0.15,
            0.0,
            0.15,
            0.15
        ],
        [
            0.15,
            0.15,
            0.15,
            0.15,
            0.15,
            0.15,
            0.15,
            0.15,
            0.15,
            0.0,
            0.15
        ],
        [
            0.15,
            0.15,
            0.15,
            0.15,
            0.15,
            0.15,
            0.15,
            0.15,
            0.15,
            0.15,
            0.0
        ]
    ],
    "service_scv": [
        0.0,
        0.172,
        0.169,
        0.347,
        0.303,
        0.378,
        0.249,
        0.374,
        0.47,
        0.175,
        0.243
    ],
    "service": [
        0,
        46,
        48,
        40,
        36,
        60,
        50,
        44,
        59,
        41,
        59
    ]
}
