{
    "coords": [
        [
            0,
            0
        ],
        [
            25,
            17
        ],
        [
            47,
            18
        ],
        [
            32,
            18
        ],
        [
            22,
            49
        ],
        [
            9,
            31
        ],
        [
            21,
            33
        ],
        [
            37,
            16
        ],
        [
            33,
            33
        ],
        [
            22,
            6
        ],
        [
            30,
            2
        ]
    ],
    "dimension": 11,
    "distances": [
        [
            0.0,
            30.232,
            50.329,
            36.715,
            53.712,
            32.28,
            39.115,
            40.311,
            46.669,
            22.804,
            30.067
        ],
        [
            30.232,
            0.0,
            22.023,
            7.071,
            32.14,
            21.26,
            16.492,
            12.042,
            17.889,
            11.402,
            15.811
        ],
        [
            50.329,
            22.023,
            0.0,
            15.0,
            39.825,
            40.162,
            30.017,
            10.198,
            20.518,
            27.731,
            23.345
        ],
        [
            36.715,
            7.071,
            15.0,
            0.0,
            32.573,
            26.42,
            18.601,
            5.385,
            15.033,
            15.62,
            16.125
        ],
        [
            53.712,
            32.14,
            39.825,
            32.573,
            0.0,
            22.204,
            16.031,
            36.249,
            19.416,
            43.0,
            47.676
        ],
        [
            32.28,
            21.26,
            40.162,
            26.42,
            22.204,
            0.0,
            12.166,
            31.765,
            24.083,
            28.178,
            35.805
        ],
        [
            39.115,
            16.492,
            30.017,
            18.601,
            16.031,
            12.166,
            0.0,
            23.345,
            12.0,
            27.019,
            32.28
        ],
        [
            40.311,
            12.042,
            10.198,
            5.385,
            36.249,
            31.765,
            23.345,
            0.0,
            17.464,
            18.028,
            15.652
        ],
        [
            46.669,
            17.889,
            20.518,
            15.033,
            19.416,
            24.083,
            12.0,
            17.464,
            0.0,
            29.155,
            31.145
        ],
        [
            22.804,
            11.402,
            27.731,
            15.62,
            43.0,
            28.178,
            27.019,
            18.028,
            29.155,
            0.0,
            8.944
        ],
        [
            30.067,
            15.811,
            23.345,
            16.125,
            47.676,
            35.805,
            32.28,
            15.652,
            31.145,
            8.944,
            0.0
        ]
    ],
    "distances_scv": [
        [
            0.0,
            0.15,
            0.15,
            0.15,
            0.15,
            0.15,
            0.15,
            0.15,
            0.15,
            0.15,
            0.15
        ],
        [
            0.15,
            0.0,
            0.15,
            0.15,
            0.15,
            0.15,
            0.15,
            0.15,
            0.15,
            0.15,
            0.15
        ],
        [
            0.15,
            0.15,
            0.0,
            0.15,
            0.15,
            0.15,
            0.15,
            0.15,
            0.15,
            0.15,
            0.15
        ],
        [
            0.15,
            0.15,
            0.15,
            0.0,
            0.15,
            0.15,
            0.15,
            0.15,
            0.15,
            0.15,
            0.15
        ],
        [
            0.15,
            0.15,
            0.15,
            0.15,
            0.0,
            0.15,
            0.15,
            0.15,
            0.15,
            0.15,
            0.15
        ],
        [
            0.15,
            0.15,
            0.15,
            0.15,
            0.15,
            0.0,
            0.15,
            0.15,
            0.15,
            0.15,
            0.15
        ],
        [
            0.15,
            0.15,
            0.15,
            0.15,
            0.15,
            0.15,
            0.0,
            0.15,
            0.15,
            0.15,
            0.15
        ],
        [
            0.15,
            0.15,
            0.15,
            0.15,
            0.15,
            0.15,
            0.15,
            0.0,
            0.15,
            0.15,
            0.15
        ],
        [
            0.15,
            0.15,
            0.15,
            0.15,
            0.15,
            0.15,
            0.15,
            0.15,
            0.0,
            0.15,
            0.15
        ],
        [
            0.15,
            0.15,
            0.15,
            0.15,
            0.15,
            0.15,
            0.15,
            0.15,
            0.15,
            0.0,
            0.15
        ],
        [
            0.15,
            0.15,
            0.15,
            0.15,
            0.15,
            0.15,
            0.15,
            0.15,
            0.15,
            0.15,
            0.0
        ]
    ],
    "service_scv": [
        0.0,
        0.941,
        0.848,
        0.584,
        1.348,
        1.404,
        1.058,
        1.264,
        0.728,
        1.256,
        0.75
    ],
    "service": [
        0,
        59,
        37,
        41,
        40,
        51,
        38,
        37,
        55,
        54,
        53
    ]
}
