{
    "coords": [
        [
            0,
            0
        ],
        [
            11,
            44
        ],
        [
            41,
            38
        ],
        [
            38,
            1
        ],
        [
            7,
            2
        ],
        [
            41,
            16
        ],
        [
            17,
            43
        ],
        [
            13,
            47
        ],
        [
            15,
            26
        ],
        [
            41,
            39
        ],
        [
            23,
            16
        ]
    ],
    "dimension": 11,
    "distances": [
        [
            0.0,
            45.354,
            55.902,
            38.013,
            7.28,
            44.011,
            46.239,
            48.765,
            30.017,
            56.586,
            28.018
        ],
        [
            45.354,
            0.0,
            30.594,
            50.774,
            42.19,
            41.037,
            6.083,
            3.606,
            18.439,
            30.414,
            30.463
        ],
        [
            55.902,
            30.594,
            0.0,
            37.121,
            49.518,
            22.0,
            24.515,
            29.411,
            28.636,
            1.0,
            28.425
        ],
        [
            38.013,
            50.774,
            37.121,
            0.0,
            31.016,
            15.297,
            46.957,
            52.355,
            33.971,
            38.118,
            21.213
        ],
        [
            7.28,
            42.19,
            49.518,
            31.016,
            0.0,
            36.77,
            42.202,
            45.398,
            25.298,
            50.249,
            21.26
        ],
        [
            44.011,
            41.037,
            22.0,
            15.297,
            36.77,
            0.0,
            36.125,
            41.773,
            27.857,
            23.0,
            18.0
        ],
        [
            46.239,
            6.083,
            24.515,
            46.957,
            42.202,
            36.125,
            0.0,
            5.657,
            17.117,
            24.331,
            27.659
        ],
        [
            48.765,
            3.606,
            29.411,
            52.355,
            45.398,
            41.773,
            5.657,
            0.0,
            21.095,
            29.12,
            32.573
        ],
        [
            30.017,
            18.439,
            28.636,
            33.971,
            25.298,
            27.857,
            17.117,
            21.095,
            0.0,
            29.069,
            12.806
        ],
        [
            56.586,
            30.414,
            1.0,
            38.118,
            50.249,
            23.0,
            24.331,
            29.12,
            29.069,
            0.0,
            29.206
        ],
        [
            28.018,
            30.463,
            28.425,
            21.213,
            21.26,
            18.0,
            27.659,
            32.573,
            12.806,
            29.206,
            0.0
        ]
    ],
    "distances_scv": [
        [
            0.0,
            0.427,
            0.129,
            0.485,
            0.237,
            0.171,
            0.308,
            0.349,
            0.107,
            0.159,
            0.238
        ],
        [
            0.189,
            0.0,
            0.134,
            0.394,
            0.291,
            0.218,
            0.488,
            0.494,
            0.46,
            0.484,
            0.134
        ],
        [
            0.235,
            0.158,
            0.0,
            0.474,
            0.31,
            0.478,
            0.369,
            0.153,
            0.486,
            0.361,
            0.324
        ],
        [
            0.177,
            0.446,
            0.444,
            0.0,
            0.127,
            0.375,
            0.485,
            0.342,
            0.313,
            0.498,
            0.475
        ],
        [
            0.446,
            0.493,
            0.267,
            0.222,
            0.0,
            0.311,
            0.487,
            0.368,
            0.428,
            0.382,
            0.458
        ],
        [
            0.18,
            0.161,
            0.407,
            0.252,
            0.453,
            0.0,
            0.191,
            0.402,
            0.476,
            0.36,
            0.375
        ],
        [
            0.324,
            0.259,
            0.431,
            0.163,
            0.463,
            0.141,
            0.0,
            0.114,
            0.34,
            0.305,
            0.254
        ],
        [
            0.335,
            0.404,
            0.33,
            0.405,
            0.254,
            0.457,
            0.334,
            0.0,
            0.283,
            0.382,
            0.412
        ],
        [
            0.147,
            0.402,
            0.355,
            0.353,
            0.455,
            0.219,
            0.228,
            0.382,
            0.0,
            0.306,
            0.145
        ],
        [
            0.198,
            0.233,
            0.293,
            0.405,
            0.223,
            0.447,
            0.283,
            0.386,
            0.445,
            0.0,
            0.145
        ],
        [
            0.459,
            0.127,
            0.319,
            0.231,
            0.114,
            0.333,
            0.122,
            0.5,
            0.392,
            0.415,
            0.0
        ]
    ],
    "service_scv": [
        0.0,
        0.808,
        1.032,
        0.558,
        1.4,
        1.144,
        0.681,
        0.594,
        0.725,
        0.991,
        0.85
    ],
    "service": [
        0,
        12,
        26,
        22,
        10,
        25,
        13,
        30,
        13,
        8,
        5
    ]
}
