{
    "coords": [
        [
            0,
            0
        ],
        [
            48,
            14
        ],
        [
            5,
            30
        ],
        [
            33,
            38
        ],
        [
            32,
            35
        ],
        [
            45,
            45
        ],
        [
            46,
            43
        ],
        [
            36,
            45
        ],
        [
            0,
            1
        ],
        [
            39,
            21
        ],
        [
            37,
            24
        ]
    ],
    "dimension": 11,
    "distances": [
        [
            0.0,
            50.0,
            30.414,
            50.329,
            47.424,
            63.64,
            62.968,
            57.628,
            1.0,
            44.294,
            44.102
        ],
        [
            50.0,
            0.0,
            45.88,
            28.302,
            26.401,
            31.145,
            29.069,
            33.242,
            49.729,
            11.402,
            14.866
        ],
        [
            30.414,
            45.88,
            0.0,
            29.12,
            27.459,
            42.72,
            43.012,
            34.438,
            29.428,
            35.171,
            32.558
        ],
        [
            50.329,
            28.302,
            29.12,
            0.0,
            3.162,
            13.892,
            13.928,
            7.616,
            49.578,
            18.028,
            14.56
        ],
        [
            47.424,
            26.401,
            27.459,
            3.162,
            0.0,
            16.401,
            16.125,
            10.77,
            46.69,
            15.652,
            12.083
        ],
        [
            63.64,
            31.145,
            42.72,
            13.892,
            16.401,
            0.0,
            2.236,
            9.0,
            62.936,
            24.739,
            22.472
        ],
        [
            62.968,
            29.069,
            43.012,
            13.928,
            16.125,
            2.236,
            0.0,
            10.198,
            62.29,
            23.087,
            21.024
        ],
        [
            57.628,
            33.242,
            34.438,
            7.616,
            10.77,
            9.0,
            10.198,
            0.0,
            56.851,
            24.187,
            21.024
        ],
        [
            1.0,
            49.729,
            29.428,
            49.578,
            46.69,
            62.936,
            62.29,
            56.851,
            0.0,
            43.829,
            43.566
        ],
        [
            44.294,
            11.402,
            35.171,
            18.028,
            15.652,
            24.739,
            23.087,
            24.187,
            43.829,
            0.0,
            3.606
        ],
        [
            44.102,
            14.866,
            32.558,
            14.56,
            12.083,
            22.472,
            21.024,
            21.024,
            43.566,
            3.606,
            0.0
        ]
    ],
    "distances_scv": [
        [
            0.0,
            0.101,
            0.183,
            0.198,
            0.178,
            0.132,
            0.171,
            0.13,
            0.174,
            0.128,
            0.178
        ],
        [
            0.199,
            0.0,
            0.188,
            0.191,
            0.171,
            0.155,
            0.192,
            0.109,
            0.137,
            0.161,
            0.148
        ],
        [
            0.179,
            0.12,
            0.0,
            0.113,
            0.196,
            0.113,
            0.123,
            0.138,
            0.162,
            0.178,
            0.108
        ],
        [
            0.193,
            0.176,
            0.132,
            0.0,
            0.16,
            0.159,
            0.127,
            0.117,
            0.177,
            0.167,
            0.18
        ],
        [
            0.122,
            0.172,
            0.107,
            0.101,
            0.0,
            0.178,
            0.154,
            0.162,
            0.159,
            0.164,
            0.132
        ],
        [
            0.172,
            0.101,
            0.138,
            0.105,
            0.113,
            0.0,
            0.16,
            0.179,
            0.161,
            0.157,
            0.179
        ],
        [
            0.162,
            0.151,
            0.156,
            0.157,
            0.134,
            0.167,
            0.0,
            0.165,
            0.148,
            0.175,
            0.169
        ],
        [
            0.104,
            0.178,
            0.19,
            0.133,
            0.173,
            0.185,
            0.15,
            0.0,
            0.173,
            0.184,
            0.131
        ],
        [
            0.122,
            0.177,
            0.152,
            0.102,
            0.12,
            0.122,
            0.158,
            0.156,
            0.0,
            0.134,
            0.139
        ],
        [
            0.15,
            0.157,
            0.157,
            0.172,
            0.199,
            0.175,
            0.149,
            0.198,
            0.113,
            0.0,
            0.15
        ],
        [
            0.148,
            0.185,
            0.161,
            0.182,
            0.137,
            0.155,
            0.165,
            0.124,
            0.176,
            0.116,
            0.0
        ]
    ],
    "service_scv": [
        0.0,
        0.226,
        0.185,
        0.376,
        0.158,
        0.248,
        0.28,
        0.461,
        0.262,
        0.154,
        0.269
    ],
    "service": [
        0,
        9,
        13,
        25,
        5,
        15,
        22,
        2,
        28,
        6,
        18
    ]
}
