{
    "coords": [
        [
            0,
            0
        ],
        [
            31,
            33
        ],
        [
            13,
            3
        ],
        [
            45,
            35
        ],
        [
            14,
            15
        ],
        [
            40,
            22
        ],
        [
            47,
            49
        ],
        [
            10,
            3
        ],
        [
            0,
            9
        ],
        [
            28,
            5
        ],
        [
            42,
            42
        ]
    ],
    "dimension": 11,
    "distances": [
        [
            0.0,
            45.277,
            13.342,
            57.009,
            20.518,
            45.651,
            67.897,
            10.44,
            9.0,
            28.443,
            59.397
        ],
        [
            45.277,
            0.0,
            34.986,
            14.142,
            24.759,
            14.213,
            22.627,
            36.62,
            39.205,
            28.16,
            14.213
        ],
        [
            13.342,
            34.986,
            0.0,
            45.255,
            12.042,
            33.015,
            57.201,
            3.0,
            14.318,
            15.133,
            48.6
        ],
        [
            57.009,
            14.142,
            45.255,
            0.0,
            36.892,
            13.928,
            14.142,
            47.424,
            51.971,
            34.482,
            7.616
        ],
        [
            20.518,
            24.759,
            12.042,
            36.892,
            0.0,
            26.926,
            47.381,
            12.649,
            15.232,
            17.205,
            38.897
        ],
        [
            45.651,
            14.213,
            33.015,
            13.928,
            26.926,
            0.0,
            27.893,
            35.511,
            42.059,
            20.809,
            20.1
        ],
        [
            67.897,
            22.627,
            57.201,
            14.142,
            47.381,
            27.893,
            0.0,
            59.034,
            61.717,
            47.927,
            8.602
        ],
        [
            10.44,
            36.62,
            3.0,
            47.424,
            12.649,
            35.511,
            59.034,
            0.0,
            11.662,
            18.111,
            50.448
        ],
        [
            9.0,
            39.205,
            14.318,
            51.971,
            15.232,
            42.059,
            61.717,
            11.662,
            0.0,
            28.284,
            53.413
        ],
        [
            28.443,
            28.16,
            15.133,
            34.482,
            17.205,
            20.809,
            47.927,
            18.111,
            28.284,
            0.0,
            39.56
        ],
        [
            59.397,
            14.213,
            48.6,
            7.616,
            38.897,
            20.1,
            8.602,
            50.448,
            53.413,
            39.56,
            0.0
        ]
    ],
    "distances_scv": [
        [
            0.0,
            0.124,
            0.113,
            0.171,
            0.119,
            0.128,
            0.171,
            0.107,
            0.131,
            0.151,
            0.163
        ],
        [
            0.14,
            0.0,
            0.177,
            0.101,
            0.133,
            0.102,
            0.184,
            0.111,
            0.136,
            0.179,
            0.138
        ],
        [
            0.103,
            0.126,
            0.0,
            0.157,
            0.177,
            0.155,
            0.102,
            0.185,
            0.141,
            0.176,
            0.123
        ],
        [
            0.104,
            0.136,
            0.181,
            0.0,
            0.155,
            0.179,
            0.174,
            0.103,
            0.126,
            0.112,
            0.172
        ],
        [
            0.111,
            0.136,
            0.121,
            0.189,
            0.0,
            0.16,
            0.122,
            0.163,
            0.149,
            0.154,
            0.187
        ],
        [
            0.161,
            0.128,
            0.105,
            0.133,
            0.118,
            0.0,
            0.123,
            0.125,
            0.144,
            0.128,
            0.181
        ],
        [
            0.157,
            0.128,
            0.161,
            0.111,
            0.198,
            0.179,
            0.0,
            0.162,
            0.102,
            0.136,
            0.114
        ],
        [
            0.168,
            0.163,
            0.191,
            0.189,
            0.196,
            0.126,
            0.127,
            0.0,
            0.17,
            0.168,
            0.164
        ],
        [
            0.125,
            0.181,
            0.112,
            0.146,
            0.138,
            0.161,
            0.115,
            0.169,
            0.0,
            0.19,
            0.17
        ],
        [
            0.188,
            0.18,
            0.186,
            0.189,
            0.121,
            0.11,
            0.121,
            0.135,
            0.123,
            0.0,
            0.118
        ],
        [
            0.117,
            0.116,
            0.162,
            0.188,
            0.178,
            0.109,
            0.113,
            0.147,
            0.116,
            0.134,
            0.0
        ]
    ],
    "service_scv": [
        0.0,
        0.195,
        0.338,
        0.149,
        0.153,
        0.448,
        0.462,
        0.278,
        0.464,
        0.312,
        0.361
    ],
    "service": [
        0.0,
        12.89,
        6.057,
        35.818,
        41.841,
        23.113,
        13.265,
        57.485,
        19.711,
        35.544,
        34.323
    ]
}
