{
    "coords": [
        [
            0,
            0
        ],
        [
            25,
            17
        ],
        [
            47,
            18
        ],
        [
            32,
            18
        ],
        [
            22,
            49
        ],
        [
            9,
            31
        ],
        [
            21,
            33
        ],
        [
            37,
            16
        ],
        [
            33,
            33
        ],
        [
            22,
            6
        ],
        [
            30,
            2
        ]
    ],
    "dimension": 11,
    "distances": [
        [
            0.0,
            30.232,
            50.329,
            36.715,
            53.712,
            32.28,
            39.115,
            40.311,
            46.669,
            22.804,
            30.067
        ],
        [
            30.232,
            0.0,
            22.023,
            7.071,
            32.14,
            21.26,
            16.492,
            12.042,
            17.889,
            11.402,
            15.811
        ],
        [
            50.329,
            22.023,
            0.0,
            15.0,
            39.825,
            40.162,
            30.017,
            10.198,
            20.518,
            27.731,
            23.345
        ],
        [
            36.715,
            7.071,
            15.0,
            0.0,
            32.573,
            26.42,
            18.601,
            5.385,
            15.033,
            15.62,
            16.125
        ],
        [
            53.712,
            32.14,
            39.825,
            32.573,
            0.0,
            22.204,
            16.031,
            36.249,
            19.416,
            43.0,
            47.676
        ],
        [
            32.28,
            21.26,
            40.162,
            26.42,
            22.204,
            0.0,
            12.166,
            31.765,
            24.083,
            28.178,
            35.805
        ],
        [
            39.115,
            16.492,
            30.017,
            18.601,
            16.031,
            12.166,
            0.0,
            23.345,
            12.0,
            27.019,
            32.28
        ],
        [
            40.311,
            12.042,
            10.198,
            5.385,
            36.249,
            31.765,
            23.345,
            0.0,
            17.464,
            18.028,
            15.652
        ],
        [
            46.669,
            17.889,
            20.518,
            15.033,
            19.416,
            24.083,
            12.0,
            17.464,
            0.0,
            29.155,
            31.145
        ],
        [
            22.804,
            11.402,
            27.731,
            15.62,
            43.0,
            28.178,
            27.019,
            18.028,
            29.155,
            0.0,
            8.944
        ],
        [
            30.067,
            15.811,
            23.345,
            16.125,
            47.676,
            35.805,
            32.28,
            15.652,
            31.145,
            8.944,
            0.0
        ]
    ],
    "distances_scv": [
        [
            0.0,
            0.101,
            0.198,
            0.183,
            0.179,
            0.105,
            0.121,
            0.185,
            0.143,
            0.163,
            0.112
        ],
        [
            0.119,
            0.0,
            0.176,
            0.154,
            0.111,
            0.187,
            0.114,
            0.144,
            0.159,
            0.132,
            0.142
        ],
        [
            0.189,
            0.145,
            0.0,
            0.197,
            0.128,
            0.189,
            0.136,
            0.131,
            0.188,
            0.107,
            0.187
        ],
        [
            0.183,
            0.189,
            0.106,
            0.0,
            0.178,
            0.144,
            0.101,
            0.169,
            0.18,
            0.197,
            0.115
        ],
        [
            0.125,
            0.184,
            0.109,
            0.127,
            0.0,
            0.142,
            0.154,
            0.187,
            0.163,
            0.165,
            0.159
        ],
        [
            0.121,
            0.145,
            0.199,
            0.191,
            0.177,
            0.0,
            0.187,
            0.163,
            0.14,
            0.153,
            0.12
        ],
        [
            0.157,
            0.131,
            0.178,
            0.183,
            0.199,
            0.183,
            0.0,
            0.172,
            0.181,
            0.187,
            0.149
        ],
        [
            0.148,
            0.153,
            0.115,
            0.196,
            0.199,
            0.126,
            0.196,
            0.0,
            0.108,
            0.173,
            0.182
        ],
        [
            0.12,
            0.195,
            0.14,
            0.119,
            0.13,
            0.111,
            0.177,
            0.129,
            0.0,
            0.146,
            0.112
        ],
        [
            0.159,
            0.197,
            0.118,
            0.196,
            0.112,
            0.158,
            0.117,
            0.2,
            0.155,
            0.0,
            0.171
        ],
        [
            0.145,
            0.126,
            0.187,
            0.189,
            0.178,
            0.181,
            0.104,
            0.122,
            0.155,
            0.108,
            0.0
        ]
    ],
    "service_scv": [
        0.0,
        1.058,
        1.264,
        0.728,
        1.256,
        0.75,
        1.229,
        0.512,
        0.885,
        0.738,
        0.54
    ],
    "service": [
        0.0,
        36.071,
        21.343,
        35.967,
        34.483,
        32.703,
        43.789,
        38.349,
        37.087,
        16.593,
        55.87
    ]
}
