{
    "coords": [
        [
            0,
            0
        ],
        [
            1,
            34
        ],
        [
            21,
            47
        ],
        [
            1,
            2
        ],
        [
            23,
            34
        ],
        [
            3,
            46
        ],
        [
            35,
            23
        ],
        [
            2,
            16
        ],
        [
            33,
            30
        ],
        [
            38,
            36
        ],
        [
            39,
            5
        ],
        [
            49,
            5
        ],
        [
            18,
            31
        ],
        [
            9,
            2
        ],
        [
            26,
            2
        ],
        [
            42,
            15
        ]
    ],
    "dimension": 16,
    "distances": [
        [
            0.0,
            34.015,
            51.478,
            2.236,
            41.049,
            46.098,
            41.881,
            16.125,
            44.598,
            52.345,
            39.319,
            49.254,
            35.847,
            9.22,
            26.077,
            44.598
        ],
        [
            34.015,
            0.0,
            23.854,
            32.0,
            22.0,
            12.166,
            35.735,
            18.028,
            32.249,
            37.054,
            47.802,
            56.08,
            17.263,
            32.985,
            40.608,
            45.188
        ],
        [
            51.478,
            23.854,
            0.0,
            49.244,
            13.153,
            18.028,
            27.785,
            36.359,
            20.809,
            20.248,
            45.695,
            50.478,
            16.279,
            46.573,
            45.277,
            38.275
        ],
        [
            2.236,
            32.0,
            49.244,
            0.0,
            38.833,
            44.045,
            39.962,
            14.036,
            42.521,
            50.249,
            38.118,
            48.094,
            33.615,
            8.0,
            25.0,
            43.012
        ],
        [
            41.049,
            22.0,
            13.153,
            38.833,
            0.0,
            23.324,
            16.279,
            27.659,
            10.77,
            15.133,
            33.121,
            38.949,
            5.831,
            34.928,
            32.14,
            26.87
        ],
        [
            46.098,
            12.166,
            18.028,
            44.045,
            23.324,
            0.0,
            39.408,
            30.017,
            34.0,
            36.401,
            54.562,
            61.62,
            21.213,
            44.407,
            49.649,
            49.82
        ],
        [
            41.881,
            35.735,
            27.785,
            39.962,
            16.279,
            39.408,
            0.0,
            33.734,
            7.28,
            13.342,
            18.439,
            22.804,
            18.788,
            33.422,
            22.847,
            10.63
        ],
        [
            16.125,
            18.028,
            36.359,
            14.036,
            27.659,
            30.017,
            33.734,
            0.0,
            34.015,
            41.183,
            38.601,
            48.27,
            21.932,
            15.652,
            27.785,
            40.012
        ],
        [
            44.598,
            32.249,
            20.809,
            42.521,
            10.77,
            34.0,
            7.28,
            34.015,
            0.0,
            7.81,
            25.71,
            29.682,
            15.033,
            36.878,
            28.862,
            17.493
        ],
        [
            52.345,
            37.054,
            20.248,
            50.249,
            15.133,
            36.401,
            13.342,
            41.183,
            7.81,
            0.0,
            31.016,
            32.894,
            20.616,
            44.688,
            36.056,
            21.378
        ],
        [
            39.319,
            47.802,
            45.695,
            38.118,
            33.121,
            54.562,
            18.439,
            38.601,
            25.71,
            31.016,
            0.0,
            10.0,
            33.422,
            30.15,
            13.342,
            10.44
        ],
        [
            49.254,
            56.08,
            50.478,
            48.094,
            38.949,
            61.62,
            22.804,
            48.27,
            29.682,
            32.894,
            10.0,
            0.0,
            40.46,
            40.112,
            23.195,
            12.207
        ],
        [
            35.847,
            17.263,
            16.279,
            33.615,
            5.831,
            21.213,
            18.788,
            21.932,
            15.033,
            20.616,
            33.422,
            40.46,
            0.0,
            30.364,
            30.083,
            28.844
        ],
        [
            9.22,
            32.985,
            46.573,
            8.0,
            34.928,
            44.407,
            33.422,
            15.652,
            36.878,
            44.688,
            30.15,
            40.112,
            30.364,
            0.0,
            17.0,
            35.468
        ],
        [
            26.077,
            40.608,
            45.277,
            25.0,
            32.14,
            49.649,
            22.847,
            27.785,
            28.862,
            36.056,
            13.342,
            23.195,
            30.083,
            17.0,
            0.0,
            20.616
        ],
        [
            44.598,
            45.188,
            38.275,
            43.012,
            26.87,
            49.82,
            10.63,
            40.012,
            17.493,
            21.378,
            10.44,
            12.207,
            28.844,
            35.468,
            20.616,
            0.0
        ]
    ],
    "distances_scv": [
        [
            0.0,
            0.41,
            0.419,
            0.169,
            0.156,
            0.248,
            0.312,
            0.317,
            0.252,
            0.273,
            0.244,
            0.21,
            0.348,
            0.208,
            0.267,
            0.305
        ],
        [
            0.222,
            0.0,
            0.197,
            0.206,
            0.191,
            0.217,
            0.382,
            0.158,
            0.348,
            0.299,
            0.176,
            0.231,
            0.232,
            0.223,
            0.145,
            0.325
        ],
        [
            0.345,
            0.165,
            0.0,
            0.292,
            0.256,
            0.154,
            0.141,
            0.493,
            0.42,
            0.345,
            0.27,
            0.474,
            0.329,
            0.339,
            0.21,
            0.326
        ],
        [
            0.363,
            0.401,
            0.379,
            0.0,
            0.134,
            0.47,
            0.334,
            0.226,
            0.407,
            0.149,
            0.156,
            0.498,
            0.428,
            0.479,
            0.206,
            0.271
        ],
        [
            0.226,
            0.477,
            0.478,
            0.413,
            0.0,
            0.193,
            0.379,
            0.256,
            0.14,
            0.489,
            0.157,
            0.138,
            0.325,
            0.192,
            0.226,
            0.232
        ],
        [
            0.277,
            0.342,
            0.434,
            0.287,
            0.372,
            0.0,
            0.281,
            0.148,
            0.454,
            0.252,
            0.463,
            0.29,
            0.365,
            0.402,
            0.28,
            0.198
        ],
        [
            0.418,
            0.445,
            0.201,
            0.218,
            0.187,
            0.116,
            0.0,
            0.25,
            0.454,
            0.234,
            0.383,
            0.307,
            0.404,
            0.182,
            0.196,
            0.148
        ],
        [
            0.359,
            0.333,
            0.428,
            0.168,
            0.477,
            0.212,
            0.464,
            0.0,
            0.14,
            0.38,
            0.478,
            0.475,
            0.23,
            0.455,
            0.472,
            0.183
        ],
        [
            0.489,
            0.157,
            0.127,
            0.127,
            0.223,
            0.223,
            0.362,
            0.331,
            0.0,
            0.475,
            0.198,
            0.288,
            0.138,
            0.214,
            0.305,
            0.486
        ],
        [
            0.428,
            0.389,
            0.344,
            0.372,
            0.267,
            0.128,
            0.384,
            0.191,
            0.183,
            0.0,
            0.4,
            0.294,
            0.404,
            0.365,
            0.494,
            0.491
        ],
        [
            0.24,
            0.495,
            0.224,
            0.333,
            0.241,
            0.493,
            0.371,
            0.484,
            0.467,
            0.351,
            0.0,
            0.372,
            0.383,
            0.435,
            0.359,
            0.363
        ],
        [
            0.233,
            0.316,
            0.305,
            0.5,
            0.33,
            0.496,
            0.138,
            0.211,
            0.328,
            0.395,
            0.478,
            0.0,
            0.369,
            0.417,
            0.167,
            0.487
        ],
        [
            0.167,
            0.26,
            0.243,
            0.435,
            0.473,
            0.136,
            0.184,
            0.238,
            0.419,
            0.331,
            0.411,
            0.259,
            0.0,
            0.259,
            0.207,
            0.17
        ],
        [
            0.333,
            0.196,
            0.106,
            0.305,
            0.188,
            0.45,
            0.276,
            0.127,
            0.114,
            0.168,
            0.162,
            0.287,
            0.405,
            0.0,
            0.195,
            0.262
        ],
        [
            0.47,
            0.295,
            0.371,
            0.488,
            0.393,
            0.274,
            0.336,
            0.28,
            0.132,
            0.38,
            0.321,
            0.157,
            0.444,
            0.339,
            0.0,
            0.37
        ],
        [
            0.481,
            0.383,
            0.234,
            0.114,
            0.273,
            0.102,
            0.167,
            0.142,
            0.426,
            0.344,
            0.482,
            0.448,
            0.126,
            0.48,
            0.26,
            0.0
        ]
    ],
    "service_scv": [
        0.0,
        0.837,
        0.901,
        1.329,
        0.565,
        0.958,
        0.636,
        1.247,
        0.503,
        1.025,
        1.159,
        0.563,
        1.116,
        1.286,
        1.057,
        0.627
    ],
    "service": [
        0.0,
        58.619,
        41.58,
        46.656,
        29.267,
        29.109,
        10.913,
        6.449,
        27.347,
        34.635,
        28.621,
        15.524,
        13.374,
        30.789,
        36.268,
        22.901
    ]
}
