{
    "coords": [
        [
            0,
            0
        ],
        [
            5,
            43
        ],
        [
            5,
            12
        ],
        [
            0,
            32
        ],
        [
            4,
            24
        ],
        [
            12,
            39
        ],
        [
            5,
            44
        ],
        [
            17,
            44
        ],
        [
            24,
            26
        ],
        [
            32,
            48
        ],
        [
            8,
            45
        ],
        [
            36,
            33
        ],
        [
            18,
            38
        ],
        [
            9,
            8
        ],
        [
            46,
            43
        ],
        [
            6,
            49
        ]
    ],
    "dimension": 16,
    "distances": [
        [
            0.0,
            43.29,
            13.0,
            32.0,
            24.331,
            40.804,
            44.283,
            47.17,
            35.384,
            57.689,
            45.706,
            48.836,
            42.048,
            12.042,
            62.968,
            49.366
        ],
        [
            43.29,
            0.0,
            31.0,
            12.083,
            19.026,
            8.062,
            1.0,
            12.042,
            25.495,
            27.459,
            3.606,
            32.573,
            13.928,
            35.228,
            41.0,
            6.083
        ],
        [
            13.0,
            31.0,
            0.0,
            20.616,
            12.042,
            27.893,
            32.0,
            34.176,
            23.601,
            45.0,
            33.136,
            37.443,
            29.069,
            5.657,
            51.4,
            37.014
        ],
        [
            32.0,
            12.083,
            20.616,
            0.0,
            8.944,
            13.892,
            13.0,
            20.809,
            24.739,
            35.777,
            15.264,
            36.014,
            18.974,
            25.632,
            47.297,
            18.028
        ],
        [
            24.331,
            19.026,
            12.042,
            8.944,
            0.0,
            17.0,
            20.025,
            23.854,
            20.1,
            36.878,
            21.378,
            33.242,
            19.799,
            16.763,
            46.098,
            25.08
        ],
        [
            40.804,
            8.062,
            27.893,
            13.892,
            17.0,
            0.0,
            8.602,
            7.071,
            17.692,
            21.932,
            7.211,
            24.739,
            6.083,
            31.145,
            34.234,
            11.662
        ],
        [
            44.283,
            1.0,
            32.0,
            13.0,
            20.025,
            8.602,
            0.0,
            12.0,
            26.173,
            27.295,
            3.162,
            32.894,
            14.318,
            36.222,
            41.012,
            5.099
        ],
        [
            47.17,
            12.042,
            34.176,
            20.809,
            23.854,
            7.071,
            12.0,
            0.0,
            19.313,
            15.524,
            9.055,
            21.954,
            6.083,
            36.878,
            29.017,
            12.083
        ],
        [
            35.384,
            25.495,
            23.601,
            24.739,
            20.1,
            17.692,
            26.173,
            19.313,
            0.0,
            23.409,
            24.839,
            13.892,
            13.416,
            23.431,
            27.803,
            29.206
        ],
        [
            57.689,
            27.459,
            45.0,
            35.777,
            36.878,
            21.932,
            27.295,
            15.524,
            23.409,
            0.0,
            24.187,
            15.524,
            17.205,
            46.141,
            14.866,
            26.019
        ],
        [
            45.706,
            3.606,
            33.136,
            15.264,
            21.378,
            7.211,
            3.162,
            9.055,
            24.839,
            24.187,
            0.0,
            30.463,
            12.207,
            37.014,
            38.053,
            4.472
        ],
        [
            48.836,
            32.573,
            37.443,
            36.014,
            33.242,
            24.739,
            32.894,
            21.954,
            13.892,
            15.524,
            30.463,
            0.0,
            18.682,
            36.797,
            14.142,
            34.0
        ],
        [
            42.048,
            13.928,
            29.069,
            18.974,
            19.799,
            6.083,
            14.318,
            6.083,
            13.416,
            17.205,
            12.207,
            18.682,
            0.0,
            31.321,
            28.443,
            16.279
        ],
        [
            12.042,
            35.228,
            5.657,
            25.632,
            16.763,
            31.145,
            36.222,
            36.878,
            23.431,
            46.141,
            37.014,
            36.797,
            31.321,
            0.0,
            50.931,
            41.11
        ],
        [
            62.968,
            41.0,
            51.4,
            47.297,
            46.098,
            34.234,
            41.012,
            29.017,
            27.803,
            14.866,
            38.053,
            14.142,
            28.443,
            50.931,
            0.0,
            40.447
        ],
        [
            49.366,
            6.083,
            37.014,
            18.028,
            25.08,
            11.662,
            5.099,
            12.083,
            29.206,
            26.019,
            4.472,
            34.0,
            16.279,
            41.11,
            40.447,
            0.0
        ]
    ],
    "distances_scv": [
        [
            0.0,
            0.112,
            0.139,
            0.193,
            0.109,
            0.131,
            0.167,
            0.163,
            0.129,
            0.172,
            0.101,
            0.186,
            0.158,
            0.102,
            0.165,
            0.14
        ],
        [
            0.16,
            0.0,
            0.129,
            0.139,
            0.154,
            0.116,
            0.149,
            0.194,
            0.102,
            0.16,
            0.194,
            0.14,
            0.133,
            0.156,
            0.117,
            0.104
        ],
        [
            0.18,
            0.153,
            0.0,
            0.134,
            0.165,
            0.117,
            0.155,
            0.12,
            0.133,
            0.137,
            0.129,
            0.199,
            0.145,
            0.103,
            0.167,
            0.131
        ],
        [
            0.157,
            0.126,
            0.112,
            0.0,
            0.152,
            0.194,
            0.193,
            0.184,
            0.124,
            0.198,
            0.157,
            0.164,
            0.115,
            0.143,
            0.127,
            0.197
        ],
        [
            0.12,
            0.136,
            0.141,
            0.147,
            0.0,
            0.154,
            0.192,
            0.188,
            0.173,
            0.169,
            0.12,
            0.154,
            0.199,
            0.118,
            0.129,
            0.169
        ],
        [
            0.147,
            0.17,
            0.153,
            0.101,
            0.111,
            0.0,
            0.184,
            0.148,
            0.13,
            0.176,
            0.133,
            0.155,
            0.17,
            0.154,
            0.155,
            0.196
        ],
        [
            0.197,
            0.193,
            0.162,
            0.103,
            0.135,
            0.193,
            0.0,
            0.104,
            0.148,
            0.11,
            0.19,
            0.101,
            0.176,
            0.122,
            0.123,
            0.165
        ],
        [
            0.164,
            0.193,
            0.196,
            0.153,
            0.12,
            0.195,
            0.177,
            0.0,
            0.159,
            0.102,
            0.1,
            0.128,
            0.13,
            0.185,
            0.15,
            0.121
        ],
        [
            0.14,
            0.149,
            0.164,
            0.158,
            0.139,
            0.172,
            0.191,
            0.186,
            0.0,
            0.158,
            0.172,
            0.112,
            0.125,
            0.187,
            0.126,
            0.179
        ],
        [
            0.164,
            0.159,
            0.127,
            0.158,
            0.145,
            0.162,
            0.124,
            0.137,
            0.196,
            0.0,
            0.136,
            0.106,
            0.189,
            0.131,
            0.16,
            0.124
        ],
        [
            0.124,
            0.141,
            0.195,
            0.11,
            0.192,
            0.165,
            0.114,
            0.128,
            0.183,
            0.167,
            0.0,
            0.12,
            0.126,
            0.122,
            0.166,
            0.135
        ],
        [
            0.154,
            0.151,
            0.183,
            0.109,
            0.166,
            0.18,
            0.134,
            0.131,
            0.1,
            0.186,
            0.114,
            0.0,
            0.186,
            0.162,
            0.176,
            0.147
        ],
        [
            0.141,
            0.166,
            0.157,
            0.107,
            0.125,
            0.166,
            0.106,
            0.142,
            0.136,
            0.123,
            0.196,
            0.138,
            0.0,
            0.117,
            0.181,
            0.105
        ],
        [
            0.102,
            0.149,
            0.195,
            0.189,
            0.16,
            0.155,
            0.134,
            0.117,
            0.2,
            0.138,
            0.147,
            0.161,
            0.132,
            0.0,
            0.194,
            0.133
        ],
        [
            0.188,
            0.2,
            0.123,
            0.185,
            0.109,
            0.123,
            0.173,
            0.11,
            0.132,
            0.194,
            0.134,
            0.182,
            0.163,
            0.169,
            0.0,
            0.17
        ],
        [
            0.126,
            0.137,
            0.126,
            0.161,
            0.126,
            0.118,
            0.156,
            0.143,
            0.156,
            0.152,
            0.128,
            0.137,
            0.102,
            0.166,
            0.177,
            0.0
        ]
    ],
    "service_scv": [
        0.0,
        0.666,
        0.553,
        0.879,
        1.479,
        1.269,
        1.155,
        1.317,
        0.929,
        0.679,
        1.413,
        0.782,
        0.586,
        0.674,
        0.724,
        0.568
    ],
    "service": [
        0,
        18,
        20,
        1,
        30,
        17,
        5,
        2,
        15,
        5,
        3,
        10,
        27,
        18,
        27,
        28
    ]
}
