{
    "coords": [
        [
            0,
            0
        ],
        [
            37,
            47
        ],
        [
            1,
            7
        ],
        [
            41,
            47
        ],
        [
            12,
            15
        ],
        [
            43,
            21
        ],
        [
            13,
            41
        ],
        [
            12,
            20
        ],
        [
            32,
            27
        ],
        [
            4,
            1
        ],
        [
            43,
            37
        ],
        [
            41,
            26
        ],
        [
            40,
            16
        ],
        [
            22,
            39
        ],
        [
            6,
            15
        ],
        [
            6,
            22
        ]
    ],
    "dimension": 16,
    "distances": [
        [
            0.0,
            59.816,
            7.071,
            62.37,
            19.209,
            47.854,
            43.012,
            23.324,
            41.869,
            4.123,
            56.727,
            48.549,
            43.081,
            44.777,
            16.155,
            22.804
        ],
        [
            59.816,
            0.0,
            53.814,
            4.0,
            40.608,
            26.683,
            24.739,
            36.797,
            20.616,
            56.613,
            11.662,
            21.378,
            31.145,
            17.0,
            44.553,
            39.825
        ],
        [
            7.071,
            53.814,
            0.0,
            56.569,
            13.601,
            44.272,
            36.056,
            17.029,
            36.892,
            6.708,
            51.614,
            44.283,
            40.025,
            38.275,
            9.434,
            15.811
        ],
        [
            62.37,
            4.0,
            56.569,
            0.0,
            43.186,
            26.077,
            28.636,
            39.623,
            21.932,
            59.034,
            10.198,
            21.0,
            31.016,
            20.616,
            47.424,
            43.012
        ],
        [
            19.209,
            40.608,
            13.601,
            43.186,
            0.0,
            31.575,
            26.019,
            5.0,
            23.324,
            16.125,
            38.013,
            31.016,
            28.018,
            26.0,
            6.0,
            9.22
        ],
        [
            47.854,
            26.683,
            44.272,
            26.077,
            31.575,
            0.0,
            36.056,
            31.016,
            12.53,
            43.829,
            16.0,
            5.385,
            5.831,
            27.659,
            37.483,
            37.014
        ],
        [
            43.012,
            24.739,
            36.056,
            28.636,
            26.019,
            36.056,
            0.0,
            21.024,
            23.601,
            41.0,
            30.265,
            31.765,
            36.797,
            9.22,
            26.926,
            20.248
        ],
        [
            23.324,
            36.797,
            17.029,
            39.623,
            5.0,
            31.016,
            21.024,
            0.0,
            21.19,
            20.616,
            35.355,
            29.614,
            28.284,
            21.471,
            7.81,
            6.325
        ],
        [
            41.869,
            20.616,
            36.892,
            21.932,
            23.324,
            12.53,
            23.601,
            21.19,
            0.0,
            38.21,
            14.866,
            9.055,
            13.601,
            15.62,
            28.636,
            26.476
        ],
        [
            4.123,
            56.613,
            6.708,
            59.034,
            16.125,
            43.829,
            41.0,
            20.616,
            38.21,
            0.0,
            53.075,
            44.654,
            39.0,
            42.048,
            14.142,
            21.095
        ],
        [
            56.727,
            11.662,
            51.614,
            10.198,
            38.013,
            16.0,
            30.265,
            35.355,
            14.866,
            53.075,
            0.0,
            11.18,
            21.213,
            21.095,
            43.046,
            39.925
        ],
        [
            48.549,
            21.378,
            44.283,
            21.0,
            31.016,
            5.385,
            31.765,
            29.614,
            9.055,
            44.654,
            11.18,
            0.0,
            10.05,
            23.022,
            36.688,
            35.228
        ],
        [
            43.081,
            31.145,
            40.025,
            31.016,
            28.018,
            5.831,
            36.797,
            28.284,
            13.601,
            39.0,
            21.213,
            10.05,
            0.0,
            29.206,
            34.015,
            34.525
        ],
        [
            44.777,
            17.0,
            38.275,
            20.616,
            26.0,
            27.659,
            9.22,
            21.471,
            15.62,
            42.048,
            21.095,
            23.022,
            29.206,
            0.0,
            28.844,
            23.345
        ],
        [
            16.155,
            44.553,
            9.434,
            47.424,
            6.0,
            37.483,
            26.926,
            7.81,
            28.636,
            14.142,
            43.046,
            36.688,
            34.015,
            28.844,
            0.0,
            7.0
        ],
        [
            22.804,
            39.825,
            15.811,
            43.012,
            9.22,
            37.014,
            20.248,
            6.325,
            26.476,
            21.095,
            39.925,
            35.228,
            34.525,
            23.345,
            7.0,
            0.0
        ]
    ],
    "distances_scv": [
        [
            0.0,
            0.14,
            0.12,
            0.126,
            0.175,
            0.128,
            0.149,
            0.198,
            0.196,
            0.172,
            0.154,
            0.128,
            0.116,
            0.197,
            0.152,
            0.112
        ],
        [
            0.162,
            0.0,
            0.161,
            0.192,
            0.104,
            0.153,
            0.146,
            0.106,
            0.164,
            0.185,
            0.159,
            0.126,
            0.184,
            0.151,
            0.151,
            0.175
        ],
        [
            0.115,
            0.182,
            0.0,
            0.179,
            0.119,
            0.18,
            0.119,
            0.108,
            0.186,
            0.186,
            0.188,
            0.147,
            0.127,
            0.101,
            0.165,
            0.172
        ],
        [
            0.184,
            0.128,
            0.122,
            0.0,
            0.181,
            0.196,
            0.115,
            0.148,
            0.189,
            0.142,
            0.159,
            0.102,
            0.167,
            0.192,
            0.183,
            0.189
        ],
        [
            0.166,
            0.125,
            0.177,
            0.121,
            0.0,
            0.106,
            0.183,
            0.116,
            0.138,
            0.132,
            0.169,
            0.118,
            0.14,
            0.101,
            0.126,
            0.142
        ],
        [
            0.111,
            0.163,
            0.138,
            0.173,
            0.165,
            0.0,
            0.187,
            0.163,
            0.181,
            0.134,
            0.154,
            0.12,
            0.2,
            0.124,
            0.126,
            0.107
        ],
        [
            0.126,
            0.176,
            0.17,
            0.113,
            0.138,
            0.142,
            0.0,
            0.146,
            0.159,
            0.184,
            0.173,
            0.137,
            0.145,
            0.137,
            0.111,
            0.12
        ],
        [
            0.128,
            0.131,
            0.131,
            0.158,
            0.197,
            0.177,
            0.179,
            0.0,
            0.16,
            0.192,
            0.169,
            0.15,
            0.108,
            0.149,
            0.121,
            0.113
        ],
        [
            0.151,
            0.179,
            0.13,
            0.177,
            0.153,
            0.115,
            0.196,
            0.14,
            0.0,
            0.185,
            0.112,
            0.173,
            0.119,
            0.139,
            0.123,
            0.184
        ],
        [
            0.139,
            0.197,
            0.163,
            0.169,
            0.152,
            0.131,
            0.14,
            0.194,
            0.12,
            0.0,
            0.176,
            0.136,
            0.164,
            0.138,
            0.138,
            0.15
        ],
        [
            0.102,
            0.149,
            0.197,
            0.129,
            0.175,
            0.144,
            0.121,
            0.191,
            0.102,
            0.13,
            0.0,
            0.126,
            0.185,
            0.161,
            0.181,
            0.163
        ],
        [
            0.136,
            0.176,
            0.103,
            0.145,
            0.137,
            0.148,
            0.113,
            0.122,
            0.156,
            0.139,
            0.179,
            0.0,
            0.186,
            0.173,
            0.16,
            0.129
        ],
        [
            0.178,
            0.125,
            0.108,
            0.196,
            0.154,
            0.177,
            0.153,
            0.161,
            0.103,
            0.119,
            0.167,
            0.157,
            0.0,
            0.195,
            0.115,
            0.151
        ],
        [
            0.114,
            0.172,
            0.128,
            0.113,
            0.105,
            0.117,
            0.119,
            0.154,
            0.145,
            0.196,
            0.195,
            0.18,
            0.167,
            0.0,
            0.194,
            0.102
        ],
        [
            0.112,
            0.136,
            0.109,
            0.16,
            0.126,
            0.126,
            0.129,
            0.11,
            0.174,
            0.165,
            0.161,
            0.103,
            0.143,
            0.169,
            0.0,
            0.139
        ],
        [
            0.102,
            0.108,
            0.122,
            0.141,
            0.146,
            0.188,
            0.132,
            0.102,
            0.183,
            0.106,
            0.109,
            0.196,
            0.175,
            0.134,
            0.113,
            0.0
        ]
    ],
    "service_scv": [
        0.0,
        0.137,
        0.353,
        0.347,
        0.113,
        0.423,
        0.415,
        0.466,
        0.368,
        0.377,
        0.165,
        0.11,
        0.126,
        0.486,
        0.358,
        0.479
    ],
    "service": [
        0,
        10,
        14,
        26,
        13,
        12,
        19,
        2,
        26,
        27,
        0,
        18,
        29,
        3,
        4,
        3
    ]
}
