{
    "coords": [
        [
            0,
            0
        ],
        [
            11,
            44
        ],
        [
            41,
            38
        ],
        [
            38,
            1
        ],
        [
            7,
            2
        ],
        [
            41,
            16
        ],
        [
            17,
            43
        ],
        [
            13,
            47
        ],
        [
            15,
            26
        ],
        [
            41,
            39
        ],
        [
            23,
            16
        ],
        [
            45,
            40
        ],
        [
            34,
            40
        ],
        [
            8,
            3
        ],
        [
            11,
            48
        ],
        [
            34,
            17
        ]
    ],
    "dimension": 16,
    "distances": [
        [
            0.0,
            45.354,
            55.902,
            38.013,
            7.28,
            44.011,
            46.239,
            48.765,
            30.017,
            56.586,
            28.018,
            60.208,
            52.498,
            8.544,
            49.244,
            38.013
        ],
        [
            45.354,
            0.0,
            30.594,
            50.774,
            42.19,
            41.037,
            6.083,
            3.606,
            18.439,
            30.414,
            30.463,
            34.234,
            23.345,
            41.11,
            4.0,
            35.468
        ],
        [
            55.902,
            30.594,
            0.0,
            37.121,
            49.518,
            22.0,
            24.515,
            29.411,
            28.636,
            1.0,
            28.425,
            4.472,
            7.28,
            48.104,
            31.623,
            22.136
        ],
        [
            38.013,
            50.774,
            37.121,
            0.0,
            31.016,
            15.297,
            46.957,
            52.355,
            33.971,
            38.118,
            21.213,
            39.623,
            39.205,
            30.067,
            54.203,
            16.492
        ],
        [
            7.28,
            42.19,
            49.518,
            31.016,
            0.0,
            36.77,
            42.202,
            45.398,
            25.298,
            50.249,
            21.26,
            53.74,
            46.615,
            1.414,
            46.174,
            30.887
        ],
        [
            44.011,
            41.037,
            22.0,
            15.297,
            36.77,
            0.0,
            36.125,
            41.773,
            27.857,
            23.0,
            18.0,
            24.331,
            25.0,
            35.468,
            43.863,
            7.071
        ],
        [
            46.239,
            6.083,
            24.515,
            46.957,
            42.202,
            36.125,
            0.0,
            5.657,
            17.117,
            24.331,
            27.659,
            28.16,
            17.263,
            41.0,
            7.81,
            31.064
        ],
        [
            48.765,
            3.606,
            29.411,
            52.355,
            45.398,
            41.773,
            5.657,
            0.0,
            21.095,
            29.12,
            32.573,
            32.757,
            22.136,
            44.283,
            2.236,
            36.62
        ],
        [
            30.017,
            18.439,
            28.636,
            33.971,
            25.298,
            27.857,
            17.117,
            21.095,
            0.0,
            29.069,
            12.806,
            33.106,
            23.601,
            24.042,
            22.361,
            21.024
        ],
        [
            56.586,
            30.414,
            1.0,
            38.118,
            50.249,
            23.0,
            24.331,
            29.12,
            29.069,
            0.0,
            29.206,
            4.123,
            7.071,
            48.836,
            31.321,
            23.087
        ],
        [
            28.018,
            30.463,
            28.425,
            21.213,
            21.26,
            18.0,
            27.659,
            32.573,
            12.806,
            29.206,
            0.0,
            32.558,
            26.401,
            19.849,
            34.176,
            11.045
        ],
        [
            60.208,
            34.234,
            4.472,
            39.623,
            53.74,
            24.331,
            28.16,
            32.757,
            33.106,
            4.123,
            32.558,
            0.0,
            11.0,
            52.326,
            34.928,
            25.495
        ],
        [
            52.498,
            23.345,
            7.28,
            39.205,
            46.615,
            25.0,
            17.263,
            22.136,
            23.601,
            7.071,
            26.401,
            11.0,
            0.0,
            45.222,
            24.352,
            23.0
        ],
        [
            8.544,
            41.11,
            48.104,
            30.067,
            1.414,
            35.468,
            41.0,
            44.283,
            24.042,
            48.836,
            19.849,
            52.326,
            45.222,
            0.0,
            45.1,
            29.53
        ],
        [
            49.244,
            4.0,
            31.623,
            54.203,
            46.174,
            43.863,
            7.81,
            2.236,
            22.361,
            31.321,
            34.176,
            34.928,
            24.352,
            45.1,
            0.0,
            38.601
        ],
        [
            38.013,
            35.468,
            22.136,
            16.492,
            30.887,
            7.071,
            31.064,
            36.62,
            21.024,
            23.087,
            11.045,
            25.495,
            23.0,
            29.53,
            38.601,
            0.0
        ]
    ],
    "distances_scv": [
        [
            0.0,
            0.308,
            0.349,
            0.107,
            0.159,
            0.238,
            0.189,
            0.341,
            0.134,
            0.394,
            0.291,
            0.218,
            0.488,
            0.494,
            0.46,
            0.484
        ],
        [
            0.134,
            0.0,
            0.158,
            0.29,
            0.474,
            0.31,
            0.478,
            0.369,
            0.153,
            0.486,
            0.361,
            0.324,
            0.177,
            0.446,
            0.444,
            0.426
        ],
        [
            0.127,
            0.375,
            0.0,
            0.342,
            0.313,
            0.498,
            0.475,
            0.446,
            0.493,
            0.267,
            0.222,
            0.178,
            0.311,
            0.487,
            0.368,
            0.428
        ],
        [
            0.382,
            0.458,
            0.18,
            0.0,
            0.407,
            0.252,
            0.453,
            0.12,
            0.191,
            0.402,
            0.476,
            0.36,
            0.375,
            0.324,
            0.259,
            0.431
        ],
        [
            0.163,
            0.463,
            0.141,
            0.142,
            0.0,
            0.34,
            0.305,
            0.254,
            0.335,
            0.404,
            0.33,
            0.405,
            0.254,
            0.457,
            0.334,
            0.165
        ],
        [
            0.283,
            0.382,
            0.412,
            0.147,
            0.402,
            0.0,
            0.353,
            0.455,
            0.219,
            0.228,
            0.382,
            0.429,
            0.306,
            0.145,
            0.198,
            0.233
        ],
        [
            0.293,
            0.405,
            0.223,
            0.447,
            0.283,
            0.386,
            0.0,
            0.172,
            0.145,
            0.459,
            0.127,
            0.319,
            0.231,
            0.114,
            0.333,
            0.122
        ],
        [
            0.5,
            0.392,
            0.415,
            0.372,
            0.257,
            0.387,
            0.426,
            0.0,
            0.196,
            0.442,
            0.478,
            0.223,
            0.313,
            0.123,
            0.46,
            0.358
        ],
        [
            0.172,
            0.137,
            0.19,
            0.296,
            0.24,
            0.245,
            0.324,
            0.438,
            0.0,
            0.387,
            0.128,
            0.415,
            0.234,
            0.387,
            0.184,
            0.263
        ],
        [
            0.497,
            0.444,
            0.38,
            0.316,
            0.427,
            0.331,
            0.492,
            0.447,
            0.499,
            0.0,
            0.343,
            0.3,
            0.249,
            0.156,
            0.453,
            0.143
        ],
        [
            0.392,
            0.247,
            0.159,
            0.311,
            0.47,
            0.405,
            0.431,
            0.385,
            0.226,
            0.238,
            0.0,
            0.106,
            0.205,
            0.256,
            0.131,
            0.417
        ],
        [
            0.114,
            0.292,
            0.333,
            0.387,
            0.36,
            0.25,
            0.155,
            0.408,
            0.386,
            0.452,
            0.459,
            0.0,
            0.452,
            0.104,
            0.342,
            0.469
        ],
        [
            0.267,
            0.488,
            0.475,
            0.327,
            0.274,
            0.482,
            0.237,
            0.276,
            0.327,
            0.101,
            0.438,
            0.28,
            0.0,
            0.381,
            0.2,
            0.287
        ],
        [
            0.422,
            0.34,
            0.282,
            0.191,
            0.487,
            0.421,
            0.176,
            0.402,
            0.239,
            0.353,
            0.147,
            0.477,
            0.214,
            0.0,
            0.468,
            0.322
        ],
        [
            0.136,
            0.285,
            0.468,
            0.488,
            0.415,
            0.27,
            0.47,
            0.411,
            0.27,
            0.182,
            0.488,
            0.388,
            0.141,
            0.113,
            0.0,
            0.491
        ],
        [
            0.232,
            0.304,
            0.475,
            0.438,
            0.471,
            0.301,
            0.252,
            0.262,
            0.204,
            0.245,
            0.319,
            0.117,
            0.437,
            0.398,
            0.325,
            0.0
        ]
    ],
    "service_scv": [
        0.0,
        0.906,
        1.097,
        1.1,
        1.26,
        1.338,
        1.086,
        1.259,
        0.929,
        1.421,
        0.571,
        1.043,
        1.126,
        0.876,
        0.952,
        0.625
    ],
    "service": [
        0,
        2,
        4,
        20,
        26,
        12,
        24,
        5,
        20,
        4,
        3,
        2,
        30,
        28,
        9,
        3
    ]
}
