{
    "coords": [
        [
            0,
            0
        ],
        [
            41,
            21
        ],
        [
            38,
            4
        ],
        [
            26,
            17
        ],
        [
            0,
            31
        ],
        [
            23,
            1
        ],
        [
            14,
            43
        ],
        [
            3,
            42
        ],
        [
            44,
            2
        ],
        [
            6,
            40
        ],
        [
            2,
            9
        ],
        [
            40,
            34
        ],
        [
            25,
            7
        ],
        [
            10,
            34
        ],
        [
            13,
            47
        ],
        [
            21,
            49
        ]
    ],
    "dimension": 16,
    "distances": [
        [
            0.0,
            46.065,
            38.21,
            31.064,
            31.0,
            23.022,
            45.222,
            42.107,
            44.045,
            40.447,
            9.22,
            52.498,
            25.962,
            35.44,
            48.765,
            53.31
        ],
        [
            46.065,
            0.0,
            17.263,
            15.524,
            42.202,
            26.907,
            34.828,
            43.417,
            19.235,
            39.825,
            40.804,
            13.038,
            21.26,
            33.615,
            38.21,
            34.409
        ],
        [
            38.21,
            17.263,
            0.0,
            17.692,
            46.615,
            15.297,
            45.793,
            51.662,
            6.325,
            48.166,
            36.346,
            30.067,
            13.342,
            41.037,
            49.739,
            48.104
        ],
        [
            31.064,
            15.524,
            17.692,
            0.0,
            29.53,
            16.279,
            28.636,
            33.971,
            23.431,
            30.48,
            25.298,
            22.023,
            10.05,
            23.345,
            32.696,
            32.388
        ],
        [
            31.0,
            42.202,
            46.615,
            29.53,
            0.0,
            37.802,
            18.439,
            11.402,
            52.697,
            10.817,
            22.091,
            40.112,
            34.655,
            10.44,
            20.616,
            27.659
        ],
        [
            23.022,
            26.907,
            15.297,
            16.279,
            37.802,
            0.0,
            42.953,
            45.618,
            21.024,
            42.544,
            22.472,
            37.121,
            6.325,
            35.468,
            47.074,
            48.042
        ],
        [
            45.222,
            34.828,
            45.793,
            28.636,
            18.439,
            42.953,
            0.0,
            11.045,
            50.804,
            8.544,
            36.056,
            27.514,
            37.643,
            9.849,
            4.123,
            9.22
        ],
        [
            42.107,
            43.417,
            51.662,
            33.971,
            11.402,
            45.618,
            11.045,
            0.0,
            57.28,
            3.606,
            33.015,
            37.855,
            41.34,
            10.63,
            11.18,
            19.313
        ],
        [
            44.045,
            19.235,
            6.325,
            23.431,
            52.697,
            21.024,
            50.804,
            57.28,
            0.0,
            53.74,
            42.579,
            32.249,
            19.647,
            46.69,
            54.644,
            52.326
        ],
        [
            40.447,
            39.825,
            48.166,
            30.48,
            10.817,
            42.544,
            8.544,
            3.606,
            53.74,
            0.0,
            31.257,
            34.525,
            38.079,
            7.211,
            9.899,
            17.493
        ],
        [
            9.22,
            40.804,
            36.346,
            25.298,
            22.091,
            22.472,
            36.056,
            33.015,
            42.579,
            31.257,
            0.0,
            45.486,
            23.087,
            26.249,
            39.56,
            44.283
        ],
        [
            52.498,
            13.038,
            30.067,
            22.023,
            40.112,
            37.121,
            27.514,
            37.855,
            32.249,
            34.525,
            45.486,
            0.0,
            30.887,
            30.0,
            29.967,
            24.207
        ],
        [
            25.962,
            21.26,
            13.342,
            10.05,
            34.655,
            6.325,
            37.643,
            41.34,
            19.647,
            38.079,
            23.087,
            30.887,
            0.0,
            30.887,
            41.761,
            42.19
        ],
        [
            35.44,
            33.615,
            41.037,
            23.345,
            10.44,
            35.468,
            9.849,
            10.63,
            46.69,
            7.211,
            26.249,
            30.0,
            30.887,
            0.0,
            13.342,
            18.601
        ],
        [
            48.765,
            38.21,
            49.739,
            32.696,
            20.616,
            47.074,
            4.123,
            11.18,
            54.644,
            9.899,
            39.56,
            29.967,
            41.761,
            13.342,
            0.0,
            8.246
        ],
        [
            53.31,
            34.409,
            48.104,
            32.388,
            27.659,
            48.042,
            9.22,
            19.313,
            52.326,
            17.493,
            44.283,
            24.207,
            42.19,
            18.601,
            8.246,
            0.0
        ]
    ],
    "distances_scv": [
        [
            0.0,
            0.165,
            0.258,
            0.211,
            0.482,
            0.22,
            0.324,
            0.263,
            0.155,
            0.254,
            0.408,
            0.265,
            0.372,
            0.333,
            0.131,
            0.392
        ],
        [
            0.37,
            0.0,
            0.16,
            0.49,
            0.447,
            0.461,
            0.485,
            0.348,
            0.248,
            0.123,
            0.379,
            0.353,
            0.36,
            0.103,
            0.478,
            0.255
        ],
        [
            0.128,
            0.496,
            0.0,
            0.309,
            0.406,
            0.421,
            0.367,
            0.241,
            0.228,
            0.368,
            0.158,
            0.181,
            0.179,
            0.284,
            0.346,
            0.301
        ],
        [
            0.408,
            0.482,
            0.135,
            0.0,
            0.403,
            0.241,
            0.361,
            0.13,
            0.156,
            0.451,
            0.273,
            0.149,
            0.47,
            0.192,
            0.132,
            0.315
        ],
        [
            0.33,
            0.133,
            0.371,
            0.221,
            0.0,
            0.238,
            0.387,
            0.351,
            0.335,
            0.123,
            0.423,
            0.228,
            0.315,
            0.441,
            0.367,
            0.189
        ],
        [
            0.495,
            0.419,
            0.306,
            0.399,
            0.222,
            0.0,
            0.275,
            0.221,
            0.23,
            0.366,
            0.29,
            0.211,
            0.349,
            0.261,
            0.29,
            0.379
        ],
        [
            0.351,
            0.494,
            0.231,
            0.341,
            0.428,
            0.23,
            0.0,
            0.308,
            0.474,
            0.123,
            0.353,
            0.281,
            0.385,
            0.476,
            0.11,
            0.438
        ],
        [
            0.496,
            0.242,
            0.391,
            0.481,
            0.306,
            0.231,
            0.499,
            0.0,
            0.241,
            0.382,
            0.298,
            0.125,
            0.122,
            0.325,
            0.274,
            0.361
        ],
        [
            0.213,
            0.355,
            0.466,
            0.129,
            0.207,
            0.452,
            0.373,
            0.158,
            0.0,
            0.39,
            0.305,
            0.28,
            0.103,
            0.168,
            0.418,
            0.29
        ],
        [
            0.26,
            0.477,
            0.162,
            0.109,
            0.248,
            0.132,
            0.172,
            0.394,
            0.139,
            0.0,
            0.251,
            0.162,
            0.211,
            0.169,
            0.279,
            0.21
        ],
        [
            0.427,
            0.428,
            0.301,
            0.214,
            0.36,
            0.136,
            0.45,
            0.204,
            0.102,
            0.195,
            0.0,
            0.134,
            0.175,
            0.359,
            0.236,
            0.282
        ],
        [
            0.124,
            0.321,
            0.156,
            0.262,
            0.143,
            0.34,
            0.137,
            0.115,
            0.227,
            0.301,
            0.188,
            0.0,
            0.135,
            0.346,
            0.191,
            0.177
        ],
        [
            0.14,
            0.155,
            0.424,
            0.126,
            0.13,
            0.271,
            0.283,
            0.119,
            0.299,
            0.103,
            0.197,
            0.15,
            0.0,
            0.458,
            0.113,
            0.303
        ],
        [
            0.343,
            0.199,
            0.204,
            0.175,
            0.308,
            0.417,
            0.245,
            0.291,
            0.464,
            0.284,
            0.445,
            0.48,
            0.271,
            0.0,
            0.317,
            0.125
        ],
        [
            0.134,
            0.47,
            0.223,
            0.364,
            0.223,
            0.149,
            0.487,
            0.429,
            0.315,
            0.48,
            0.312,
            0.256,
            0.305,
            0.44,
            0.0,
            0.231
        ],
        [
            0.234,
            0.293,
            0.46,
            0.266,
            0.328,
            0.373,
            0.472,
            0.356,
            0.262,
            0.309,
            0.235,
            0.424,
            0.344,
            0.491,
            0.355,
            0.0
        ]
    ],
    "service_scv": [
        0.0,
        1.11,
        0.979,
        1.315,
        1.035,
        1.344,
        0.708,
        0.553,
        0.775,
        0.916,
        1.004,
        1.429,
        0.573,
        0.75,
        1.232,
        1.437
    ],
    "service": [
        0.0,
        49.67,
        12.742,
        23.439,
        41.041,
        40.614,
        39.397,
        16.138,
        29.688,
        1.0,
        23.963,
        20.373,
        20.882,
        47.217,
        26.551,
        26.407
    ]
}
