{
    "coords": [
        [
            0,
            0
        ],
        [
            17,
            46
        ],
        [
            18,
            13
        ],
        [
            43,
            3
        ],
        [
            22,
            15
        ],
        [
            1,
            35
        ],
        [
            49,
            39
        ],
        [
            16,
            26
        ],
        [
            42,
            15
        ],
        [
            21,
            45
        ],
        [
            9,
            46
        ],
        [
            33,
            21
        ],
        [
            39,
            20
        ],
        [
            17,
            30
        ],
        [
            46,
            35
        ],
        [
            33,
            31
        ]
    ],
    "dimension": 16,
    "distances": [
        [
            0.0,
            49.041,
            22.204,
            43.105,
            26.627,
            35.014,
            62.626,
            30.529,
            44.598,
            49.659,
            46.872,
            39.115,
            43.829,
            34.482,
            57.801,
            45.277
        ],
        [
            49.041,
            0.0,
            33.015,
            50.249,
            31.401,
            19.416,
            32.757,
            20.025,
            39.825,
            4.123,
            8.0,
            29.682,
            34.059,
            16.0,
            31.016,
            21.932
        ],
        [
            22.204,
            33.015,
            0.0,
            26.926,
            4.472,
            27.803,
            40.46,
            13.153,
            24.083,
            32.14,
            34.205,
            17.0,
            22.136,
            17.029,
            35.609,
            23.431
        ],
        [
            43.105,
            50.249,
            26.926,
            0.0,
            24.187,
            52.802,
            36.497,
            35.468,
            12.042,
            47.413,
            54.818,
            20.591,
            17.464,
            37.483,
            32.14,
            29.732
        ],
        [
            26.627,
            31.401,
            4.472,
            24.187,
            0.0,
            29.0,
            36.125,
            12.53,
            20.0,
            30.017,
            33.615,
            12.53,
            17.72,
            15.811,
            31.241,
            19.416
        ],
        [
            35.014,
            19.416,
            27.803,
            52.802,
            29.0,
            0.0,
            48.166,
            17.493,
            45.618,
            22.361,
            13.601,
            34.928,
            40.853,
            16.763,
            45.0,
            32.249
        ],
        [
            62.626,
            32.757,
            40.46,
            36.497,
            36.125,
            48.166,
            0.0,
            35.468,
            25.0,
            28.636,
            40.608,
            24.083,
            21.471,
            33.242,
            5.0,
            17.889
        ],
        [
            30.529,
            20.025,
            13.153,
            35.468,
            12.53,
            17.493,
            35.468,
            0.0,
            28.231,
            19.647,
            21.19,
            17.72,
            23.77,
            4.123,
            31.321,
            17.72
        ],
        [
            44.598,
            39.825,
            24.083,
            12.042,
            20.0,
            45.618,
            25.0,
            28.231,
            0.0,
            36.62,
            45.277,
            10.817,
            5.831,
            29.155,
            20.396,
            18.358
        ],
        [
            49.659,
            4.123,
            32.14,
            47.413,
            30.017,
            22.361,
            28.636,
            19.647,
            36.62,
            0.0,
            12.042,
            26.833,
            30.806,
            15.524,
            26.926,
            18.439
        ],
        [
            46.872,
            8.0,
            34.205,
            54.818,
            33.615,
            13.601,
            40.608,
            21.19,
            45.277,
            12.042,
            0.0,
            34.655,
            39.699,
            17.889,
            38.601,
            28.302
        ],
        [
            39.115,
            29.682,
            17.0,
            20.591,
            12.53,
            34.928,
            24.083,
            17.72,
            10.817,
            26.833,
            34.655,
            0.0,
            6.083,
            18.358,
            19.105,
            10.0
        ],
        [
            43.829,
            34.059,
            22.136,
            17.464,
            17.72,
            40.853,
            21.471,
            23.77,
            5.831,
            30.806,
            39.699,
            6.083,
            0.0,
            24.166,
            16.553,
            12.53
        ],
        [
            34.482,
            16.0,
            17.029,
            37.483,
            15.811,
            16.763,
            33.242,
            4.123,
            29.155,
            15.524,
            17.889,
            18.358,
            24.166,
            0.0,
            29.428,
            16.031
        ],
        [
            57.801,
            31.016,
            35.609,
            32.14,
            31.241,
            45.0,
            5.0,
            31.321,
            20.396,
            26.926,
            38.601,
            19.105,
            16.553,
            29.428,
            0.0,
            13.601
        ],
        [
            45.277,
            21.932,
            23.431,
            29.732,
            19.416,
            32.249,
            17.889,
            17.72,
            18.358,
            18.439,
            28.302,
            10.0,
            12.53,
            16.031,
            13.601,
            0.0
        ]
    ],
    "distances_scv": [
        [
            0.0,
            0.15,
            0.15,
            0.15,
            0.15,
            0.15,
            0.15,
            0.15,
            0.15,
            0.15,
            0.15,
            0.15,
            0.15,
            0.15,
            0.15,
            0.15
        ],
        [
            0.15,
            0.0,
            0.15,
            0.15,
            0.15,
            0.15,
            0.15,
            0.15,
            0.15,
            0.15,
            0.15,
            0.15,
            0.15,
            0.15,
            0.15,
            0.15
        ],
        [
            0.15,
            0.15,
            0.0,
            0.15,
            0.15,
            0.15,
            0.15,
            0.15,
            0.15,
            0.15,
            0.15,
            0.15,
            0.15,
            0.15,
            0.15,
            0.15
        ],
        [
            0.15,
            0.15,
            0.15,
            0.0,
            0.15,
            0.15,
            0.15,
            0.15,
            0.15,
            0.15,
            0.15,
            0.15,
            0.15,
            0.15,
            0.15,
            0.15
        ],
        [
            0.15,
            0.15,
            0.15,
            0.15,
            0.0,
            0.15,
            0.15,
            0.15,
            0.15,
            0.15,
            0.15,
            0.15,
            0.15,
            0.15,
            0.15,
            0.15
        ],
        [
            0.15,
            0.15,
            0.15,
            0.15,
            0.15,
            0.0,
            0.15,
            0.15,
            0.15,
            0.15,
            0.15,
            0.15,
            0.15,
            0.15,
            0.15,
            0.15
        ],
        [
            0.15,
            0.15,
            0.15,
            0.15,
            0.15,
            0.15,
            0.0,
            0.15,
            0.15,
            0.15,
            0.15,
            0.15,
            0.15,
            0.15,
            0.15,
            0.15
        ],
        [
            0.15,
            0.15,
            0.15,
            0.15,
            0.15,
            0.15,
            0.15,
            0.0,
            0.15,
            0.15,
            0.15,
            0.15,
            0.15,
            0.15,
            0.15,
            0.15
        ],
        [
            0.15,
            0.15,
            0.15,
            0.15,
            0.15,
            0.15,
            0.15,
            0.15,
            0.0,
            0.15,
            0.15,
            0.15,
            0.15,
            0.15,
            0.15,
            0.15
        ],
        [
            0.15,
            0.15,
            0.15,
            0.15,
            0.15,
            0.15,
            0.15,
            0.15,
            0.15,
            0.0,
            0.15,
            0.15,
            0.15,
            0.15,
            0.15,
            0.15
        ],
        [
            0.15,
            0.15,
            0.15,
            0.15,
            0.15,
            0.15,
            0.15,
            0.15,
            0.15,
            0.15,
            0.0,
            0.15,
            0.15,
            0.15,
            0.15,
            0.15
        ],
        [
            0.15,
            0.15,
            0.15,
            0.15,
            0.15,
            0.15,
            0.15,
            0.15,
            0.15,
            0.15,
            0.15,
            0.0,
            0.15,
            0.15,
            0.15,
            0.15
        ],
        [
            0.15,
            0.15,
            0.15,
            0.15,
            0.15,
            0.15,
            0.15,
            0.15,
            0.15,
            0.15,
            0.15,
            0.15,
            0.0,
            0.15,
            0.15,
            0.15
        ],
        [
            0.15,
            0.15,
            0.15,
            0.15,
            0.15,
            0.15,
            0.15,
            0.15,
            0.15,
            0.15,
            0.15,
            0.15,
            0.15,
            0.0,
            0.15,
            0.15
        ],
        [
            0.15,
            0.15,
            0.15,
            0.15,
            0.15,
            0.15,
            0.15,
            0.15,
            0.15,
            0.15,
            0.15,
            0.15,
            0.15,
            0.15,
            0.0,
            0.15
        ],
        [
            0.15,
            0.15,
            0.15,
            0.15,
            0.15,
            0.15,
            0.15,
            0.15,
            0.15,
            0.15,
            0.15,
            0.15,
            0.15,
            0.15,
            0.15,
            0.0
        ]
    ],
    "service_scv": [
        0.0,
        1.039,
        0.66,
        1.014,
        1.123,
        1.481,
        1.005,
        1.362,
        1.349,
        0.678,
        1.339,
        1.428,
        0.892,
        0.536,
        0.994,
        0.876
    ],
    "service": [
        0,
        44,
        55,
        54,
        58,
        36,
        33,
        52,
        35,
        41,
        45,
        57,
        52,
        48,
        56,
        39
    ]
}
