{
    "coords": [
        [
            0,
            0
        ],
        [
            10,
            35
        ],
        [
            43,
            14
        ],
        [
            18,
            4
        ],
        [
            48,
            48
        ],
        [
            34,
            28
        ],
        [
            28,
            32
        ],
        [
            36,
            28
        ],
        [
            39,
            23
        ],
        [
            18,
            6
        ],
        [
            40,
            15
        ],
        [
            33,
            36
        ],
        [
            34,
            45
        ],
        [
            34,
            44
        ],
        [
            37,
            47
        ],
        [
            24,
            1
        ]
    ],
    "dimension": 16,
    "distances": [
        [
            0.0,
            36.401,
            45.222,
            18.439,
            67.882,
            44.045,
            42.521,
            45.607,
            45.277,
            18.974,
            42.72,
            48.836,
            56.4,
            55.606,
            59.816,
            24.021
        ],
        [
            36.401,
            0.0,
            39.115,
            32.016,
            40.162,
            25.0,
            18.248,
            26.926,
            31.385,
            30.083,
            36.056,
            23.022,
            26.0,
            25.632,
            29.547,
            36.77
        ],
        [
            45.222,
            39.115,
            0.0,
            26.926,
            34.366,
            16.643,
            23.431,
            15.652,
            9.849,
            26.249,
            3.162,
            24.166,
            32.28,
            31.321,
            33.541,
            23.022
        ],
        [
            18.439,
            32.016,
            26.926,
            0.0,
            53.254,
            28.844,
            29.732,
            30.0,
            28.32,
            2.0,
            24.597,
            35.341,
            44.011,
            43.081,
            47.011,
            6.708
        ],
        [
            67.882,
            40.162,
            34.366,
            53.254,
            0.0,
            24.413,
            25.612,
            23.324,
            26.571,
            51.614,
            33.956,
            19.209,
            14.318,
            14.56,
            11.045,
            52.773
        ],
        [
            44.045,
            25.0,
            16.643,
            28.844,
            24.413,
            0.0,
            7.211,
            2.0,
            7.071,
            27.203,
            14.318,
            8.062,
            17.0,
            16.0,
            19.235,
            28.792
        ],
        [
            42.521,
            18.248,
            23.431,
            29.732,
            25.612,
            7.211,
            0.0,
            8.944,
            14.213,
            27.857,
            20.809,
            6.403,
            14.318,
            13.416,
            17.493,
            31.257
        ],
        [
            45.607,
            26.926,
            15.652,
            30.0,
            23.324,
            2.0,
            8.944,
            0.0,
            5.831,
            28.425,
            13.601,
            8.544,
            17.117,
            16.125,
            19.026,
            29.547
        ],
        [
            45.277,
            31.385,
            9.849,
            28.32,
            26.571,
            7.071,
            14.213,
            5.831,
            0.0,
            27.019,
            8.062,
            14.318,
            22.561,
            21.587,
            24.083,
            26.627
        ],
        [
            18.974,
            30.083,
            26.249,
            2.0,
            51.614,
            27.203,
            27.857,
            28.425,
            27.019,
            0.0,
            23.77,
            33.541,
            42.154,
            41.231,
            45.188,
            7.81
        ],
        [
            42.72,
            36.056,
            3.162,
            24.597,
            33.956,
            14.318,
            20.809,
            13.601,
            8.062,
            23.77,
            0.0,
            22.136,
            30.594,
            29.614,
            32.14,
            21.26
        ],
        [
            48.836,
            23.022,
            24.166,
            35.341,
            19.209,
            8.062,
            6.403,
            8.544,
            14.318,
            33.541,
            22.136,
            0.0,
            9.055,
            8.062,
            11.705,
            36.139
        ],
        [
            56.4,
            26.0,
            32.28,
            44.011,
            14.318,
            17.0,
            14.318,
            17.117,
            22.561,
            42.154,
            30.594,
            9.055,
            0.0,
            1.0,
            3.606,
            45.122
        ],
        [
            55.606,
            25.632,
            31.321,
            43.081,
            14.56,
            16.0,
            13.416,
            16.125,
            21.587,
            41.231,
            29.614,
            8.062,
            1.0,
            0.0,
            4.243,
            44.147
        ],
        [
            59.816,
            29.547,
            33.541,
            47.011,
            11.045,
            19.235,
            17.493,
            19.026,
            24.083,
            45.188,
            32.14,
            11.705,
            3.606,
            4.243,
            0.0,
            47.802
        ],
        [
            24.021,
            36.77,
            23.022,
            6.708,
            52.773,
            28.792,
            31.257,
            29.547,
            26.627,
            7.81,
            21.26,
            36.139,
            45.122,
            44.147,
            47.802,
            0.0
        ]
    ],
    "distances_scv": [
        [
            0.0,
            0.15,
            0.15,
            0.15,
            0.15,
            0.15,
            0.15,
            0.15,
            0.15,
            0.15,
            0.15,
            0.15,
            0.15,
            0.15,
            0.15,
            0.15
        ],
        [
            0.15,
            0.0,
            0.15,
            0.15,
            0.15,
            0.15,
            0.15,
            0.15,
            0.15,
            0.15,
            0.15,
            0.15,
            0.15,
            0.15,
            0.15,
            0.15
        ],
        [
            0.15,
            0.15,
            0.0,
            0.15,
            0.15,
            0.15,
            0.15,
            0.15,
            0.15,
            0.15,
            0.15,
            0.15,
            0.15,
            0.15,
            0.15,
            0.15
        ],
        [
            0.15,
            0.15,
            0.15,
            0.0,
            0.15,
            0.15,
            0.15,
            0.15,
            0.15,
            0.15,
            0.15,
            0.15,
            0.15,
            0.15,
            0.15,
            0.15
        ],
        [
            0.15,
            0.15,
            0.15,
            0.15,
            0.0,
            0.15,
            0.15,
            0.15,
            0.15,
            0.15,
            0.15,
            0.15,
            0.15,
            0.15,
            0.15,
            0.15
        ],
        [
            0.15,
            0.15,
            0.15,
            0.15,
            0.15,
            0.0,
            0.15,
            0.15,
            0.15,
            0.15,
            0.15,
            0.15,
            0.15,
            0.15,
            0.15,
            0.15
        ],
        [
            0.15,
            0.15,
            0.15,
            0.15,
            0.15,
            0.15,
            0.0,
            0.15,
            0.15,
            0.15,
            0.15,
            0.15,
            0.15,
            0.15,
            0.15,
            0.15
        ],
        [
            0.15,
            0.15,
            0.15,
            0.15,
            0.15,
            0.15,
            0.15,
            0.0,
            0.15,
            0.15,
            0.15,
            0.15,
            0.15,
            0.15,
            0.15,
            0.15
        ],
        [
            0.15,
            0.15,
            0.15,
            0.15,
            0.15,
            0.15,
            0.15,
            0.15,
            0.0,
            0.15,
            0.15,
            0.15,
            0.15,
            0.15,
            0.15,
            0.15
        ],
        [
            0.15,
            0.15,
            0.15,
            0.15,
            0.15,
            0.15,
            0.15,
            0.15,
            0.15,
            0.0,
            0.15,
            0.15,
            0.15,
            0.15,
            0.15,
            0.15
        ],
        [
            0.15,
            0.15,
            0.15,
            0.15,
            0.15,
            0.15,
            0.15,
            0.15,
            0.15,
            0.15,
            0.0,
            0.15,
            0.15,
            0.15,
            0.15,
            0.15
        ],
        [
            0.15,
            0.15,
            0.15,
            0.15,
            0.15,
            0.15,
            0.15,
            0.15,
            0.15,
            0.15,
            0.15,
            0.0,
            0.15,
            0.15,
            0.15,
            0.15
        ],
        [
            0.15,
            0.15,
            0.15,
            0.15,
            0.15,
            0.15,
            0.15,
            0.15,
            0.15,
            0.15,
            0.15,
            0.15,
            0.0,
            0.15,
            0.15,
            0.15
        ],
        [
            0.15,
            0.15,
            0.15,
            0.15,
            0.15,
            0.15,
            0.15,
            0.15,
            0.15,
            0.15,
            0.15,
            0.15,
            0.15,
            0.0,
            0.15,
            0.15
        ],
        [
            0.15,
            0.15,
            0.15,
            0.15,
            0.15,
            0.15,
            0.15,
            0.15,
            0.15,
            0.15,
            0.15,
            0.15,
            0.15,
            0.15,
            0.0,
            0.15
        ],
        [
            0.15,
            0.15,
            0.15,
            0.15,
            0.15,
            0.15,
            0.15,
            0.15,
            0.15,
            0.15,
            0.15,
            0.15,
            0.15,
            0.15,
            0.15,
            0.0
        ]
    ],
    "service_scv": [
        0.0,
        1.25,
        0.691,
        1.241,
        1.258,
        1.055,
        0.914,
        0.614,
        1.248,
        1.289,
        0.852,
        1.131,
        0.655,
        1.091,
        1.143,
        1.025
    ],
    "service": [
        0,
        37,
        41,
        35,
        59,
        31,
        56,
        42,
        42,
        55,
        47,
        35,
        41,
        48,
        55,
        57
    ]
}
