{
    "coords": [
        [
            0,
            0
        ],
        [
            17,
            46
        ],
        [
            18,
            13
        ],
        [
            43,
            3
        ],
        [
            22,
            15
        ],
        [
            1,
            35
        ],
        [
            49,
            39
        ],
        [
            16,
            26
        ],
        [
            42,
            15
        ],
        [
            21,
            45
        ],
        [
            9,
            46
        ],
        [
            33,
            21
        ],
        [
            39,
            20
        ],
        [
            17,
            30
        ],
        [
            46,
            35
        ],
        [
            33,
            31
        ]
    ],
    "dimension": 16,
    "distances": [
        [
            0.0,
            49.041,
            22.204,
            43.105,
            26.627,
            35.014,
            62.626,
            30.529,
            44.598,
            49.659,
            46.872,
            39.115,
            43.829,
            34.482,
            57.801,
            45.277
        ],
        [
            49.041,
            0.0,
            33.015,
            50.249,
            31.401,
            19.416,
            32.757,
            20.025,
            39.825,
            4.123,
            8.0,
            29.682,
            34.059,
            16.0,
            31.016,
            21.932
        ],
        [
            22.204,
            33.015,
            0.0,
            26.926,
            4.472,
            27.803,
            40.46,
            13.153,
            24.083,
            32.14,
            34.205,
            17.0,
            22.136,
            17.029,
            35.609,
            23.431
        ],
        [
            43.105,
            50.249,
            26.926,
            0.0,
            24.187,
            52.802,
            36.497,
            35.468,
            12.042,
            47.413,
            54.818,
            20.591,
            17.464,
            37.483,
            32.14,
            29.732
        ],
        [
            26.627,
            31.401,
            4.472,
            24.187,
            0.0,
            29.0,
            36.125,
            12.53,
            20.0,
            30.017,
            33.615,
            12.53,
            17.72,
            15.811,
            31.241,
            19.416
        ],
        [
            35.014,
            19.416,
            27.803,
            52.802,
            29.0,
            0.0,
            48.166,
            17.493,
            45.618,
            22.361,
            13.601,
            34.928,
            40.853,
            16.763,
            45.0,
            32.249
        ],
        [
            62.626,
            32.757,
            40.46,
            36.497,
            36.125,
            48.166,
            0.0,
            35.468,
            25.0,
            28.636,
            40.608,
            24.083,
            21.471,
            33.242,
            5.0,
            17.889
        ],
        [
            30.529,
            20.025,
            13.153,
            35.468,
            12.53,
            17.493,
            35.468,
            0.0,
            28.231,
            19.647,
            21.19,
            17.72,
            23.77,
            4.123,
            31.321,
            17.72
        ],
        [
            44.598,
            39.825,
            24.083,
            12.042,
            20.0,
            45.618,
            25.0,
            28.231,
            0.0,
            36.62,
            45.277,
            10.817,
            5.831,
            29.155,
            20.396,
            18.358
        ],
        [
            49.659,
            4.123,
            32.14,
            47.413,
            30.017,
            22.361,
            28.636,
            19.647,
            36.62,
            0.0,
            12.042,
            26.833,
            30.806,
            15.524,
            26.926,
            18.439
        ],
        [
            46.872,
            8.0,
            34.205,
            54.818,
            33.615,
            13.601,
            40.608,
            21.19,
            45.277,
            12.042,
            0.0,
            34.655,
            39.699,
            17.889,
            38.601,
            28.302
        ],
        [
            39.115,
            29.682,
            17.0,
            20.591,
            12.53,
            34.928,
            24.083,
            17.72,
            10.817,
            26.833,
            34.655,
            0.0,
            6.083,
            18.358,
            19.105,
            10.0
        ],
        [
            43.829,
            34.059,
            22.136,
            17.464,
            17.72,
            40.853,
            21.471,
            23.77,
            5.831,
            30.806,
            39.699,
            6.083,
            0.0,
            24.166,
            16.553,
            12.53
        ],
        [
            34.482,
            16.0,
            17.029,
            37.483,
            15.811,
            16.763,
            33.242,
            4.123,
            29.155,
            15.524,
            17.889,
            18.358,
            24.166,
            0.0,
            29.428,
            16.031
        ],
        [
            57.801,
            31.016,
            35.609,
            32.14,
            31.241,
            45.0,
            5.0,
            31.321,
            20.396,
            26.926,
            38.601,
            19.105,
            16.553,
            29.428,
            0.0,
            13.601
        ],
        [
            45.277,
            21.932,
            23.431,
            29.732,
            19.416,
            32.249,
            17.889,
            17.72,
            18.358,
            18.439,
            28.302,
            10.0,
            12.53,
            16.031,
            13.601,
            0.0
        ]
    ],
    "distances_scv": [
        [
            0.0,
            0.277,
            0.358,
            0.467,
            0.119,
            0.136,
            0.405,
            0.284,
            0.411,
            0.316,
            0.285,
            0.482,
            0.247,
            0.359,
            0.317,
            0.144
        ],
        [
            0.167,
            0.0,
            0.309,
            0.372,
            0.282,
            0.44,
            0.441,
            0.272,
            0.152,
            0.432,
            0.3,
            0.323,
            0.303,
            0.115,
            0.305,
            0.138
        ],
        [
            0.125,
            0.431,
            0.0,
            0.389,
            0.276,
            0.301,
            0.303,
            0.167,
            0.126,
            0.355,
            0.141,
            0.126,
            0.118,
            0.341,
            0.478,
            0.316
        ],
        [
            0.106,
            0.332,
            0.291,
            0.0,
            0.147,
            0.37,
            0.473,
            0.187,
            0.48,
            0.342,
            0.438,
            0.183,
            0.255,
            0.449,
            0.433,
            0.335
        ],
        [
            0.396,
            0.328,
            0.279,
            0.223,
            0.0,
            0.307,
            0.293,
            0.104,
            0.492,
            0.496,
            0.385,
            0.173,
            0.45,
            0.2,
            0.115,
            0.174
        ],
        [
            0.416,
            0.448,
            0.485,
            0.422,
            0.222,
            0.0,
            0.38,
            0.122,
            0.134,
            0.386,
            0.237,
            0.137,
            0.301,
            0.137,
            0.369,
            0.134
        ],
        [
            0.49,
            0.429,
            0.181,
            0.161,
            0.384,
            0.194,
            0.0,
            0.401,
            0.421,
            0.253,
            0.424,
            0.468,
            0.45,
            0.215,
            0.178,
            0.14
        ],
        [
            0.188,
            0.343,
            0.223,
            0.29,
            0.459,
            0.334,
            0.271,
            0.0,
            0.357,
            0.271,
            0.158,
            0.343,
            0.342,
            0.474,
            0.109,
            0.155
        ],
        [
            0.231,
            0.165,
            0.134,
            0.133,
            0.329,
            0.301,
            0.144,
            0.179,
            0.0,
            0.298,
            0.303,
            0.372,
            0.372,
            0.46,
            0.257,
            0.157
        ],
        [
            0.365,
            0.495,
            0.203,
            0.35,
            0.219,
            0.239,
            0.264,
            0.166,
            0.212,
            0.0,
            0.4,
            0.373,
            0.465,
            0.305,
            0.38,
            0.197
        ],
        [
            0.115,
            0.347,
            0.108,
            0.152,
            0.149,
            0.259,
            0.163,
            0.481,
            0.327,
            0.339,
            0.0,
            0.407,
            0.49,
            0.293,
            0.449,
            0.488
        ],
        [
            0.349,
            0.483,
            0.412,
            0.155,
            0.429,
            0.472,
            0.392,
            0.221,
            0.247,
            0.302,
            0.213,
            0.0,
            0.463,
            0.376,
            0.104,
            0.244
        ],
        [
            0.296,
            0.39,
            0.189,
            0.413,
            0.149,
            0.363,
            0.187,
            0.297,
            0.186,
            0.387,
            0.164,
            0.18,
            0.0,
            0.458,
            0.333,
            0.18
        ],
        [
            0.395,
            0.23,
            0.222,
            0.439,
            0.377,
            0.111,
            0.161,
            0.421,
            0.318,
            0.452,
            0.186,
            0.214,
            0.106,
            0.0,
            0.155,
            0.401
        ],
        [
            0.37,
            0.135,
            0.478,
            0.283,
            0.488,
            0.193,
            0.496,
            0.363,
            0.471,
            0.397,
            0.416,
            0.144,
            0.363,
            0.182,
            0.0,
            0.332
        ],
        [
            0.434,
            0.487,
            0.248,
            0.24,
            0.146,
            0.232,
            0.344,
            0.301,
            0.358,
            0.422,
            0.364,
            0.198,
            0.285,
            0.484,
            0.326,
            0.0
        ]
    ],
    "service_scv": [
        0.0,
        0.315,
        0.164,
        0.306,
        0.349,
        0.493,
        0.302,
        0.445,
        0.44,
        0.171,
        0.436,
        0.471,
        0.257,
        0.115,
        0.297,
        0.25
    ],
    "service": [
        0,
        14,
        25,
        24,
        28,
        6,
        3,
        22,
        5,
        11,
        15,
        27,
        22,
        18,
        26,
        9
    ]
}
