{
    "coords": [
        [
            0,
            0
        ],
        [
            5,
            14
        ],
        [
            20,
            40
        ],
        [
            22,
            4
        ],
        [
            16,
            30
        ],
        [
            40,
            36
        ],
        [
            49,
            9
        ],
        [
            44,
            2
        ],
        [
            27,
            13
        ],
        [
            10,
            32
        ],
        [
            15,
            28
        ],
        [
            13,
            7
        ],
        [
            37,
            21
        ],
        [
            33,
            33
        ],
        [
            47,
            21
        ],
        [
            10,
            31
        ]
    ],
    "dimension": 16,
    "distances": [
        [
            0.0,
            14.866,
            44.721,
            22.361,
            34.0,
            53.814,
            49.82,
            44.045,
            29.967,
            33.526,
            31.765,
            14.765,
            42.544,
            46.669,
            51.478,
            32.573
        ],
        [
            14.866,
            0.0,
            30.017,
            19.723,
            19.416,
            41.34,
            44.283,
            40.804,
            22.023,
            18.682,
            17.205,
            10.63,
            32.757,
            33.838,
            42.579,
            17.72
        ],
        [
            44.721,
            30.017,
            0.0,
            36.056,
            10.77,
            20.396,
            42.45,
            44.944,
            27.893,
            12.806,
            13.0,
            33.734,
            25.495,
            14.765,
            33.015,
            13.454
        ],
        [
            22.361,
            19.723,
            36.056,
            0.0,
            26.683,
            36.715,
            27.459,
            22.091,
            10.296,
            30.463,
            25.0,
            9.487,
            22.672,
            31.016,
            30.232,
            29.547
        ],
        [
            34.0,
            19.416,
            10.77,
            26.683,
            0.0,
            24.739,
            39.115,
            39.598,
            20.248,
            6.325,
            2.236,
            23.195,
            22.847,
            17.263,
            32.28,
            6.083
        ],
        [
            53.814,
            41.34,
            20.396,
            36.715,
            24.739,
            0.0,
            28.46,
            34.234,
            26.42,
            30.265,
            26.249,
            39.623,
            15.297,
            7.616,
            16.553,
            30.414
        ],
        [
            49.82,
            44.283,
            42.45,
            27.459,
            39.115,
            28.46,
            0.0,
            8.602,
            22.361,
            45.277,
            38.949,
            36.056,
            16.971,
            28.844,
            12.166,
            44.777
        ],
        [
            44.045,
            40.804,
            44.944,
            22.091,
            39.598,
            34.234,
            8.602,
            0.0,
            20.248,
            45.343,
            38.949,
            31.401,
            20.248,
            32.894,
            19.235,
            44.688
        ],
        [
            29.967,
            22.023,
            27.893,
            10.296,
            20.248,
            26.42,
            22.361,
            20.248,
            0.0,
            25.495,
            19.209,
            15.232,
            12.806,
            20.881,
            21.541,
            24.759
        ],
        [
            33.526,
            18.682,
            12.806,
            30.463,
            6.325,
            30.265,
            45.277,
            45.343,
            25.495,
            0.0,
            6.403,
            25.179,
            29.155,
            23.022,
            38.601,
            1.0
        ],
        [
            31.765,
            17.205,
            13.0,
            25.0,
            2.236,
            26.249,
            38.949,
            38.949,
            19.209,
            6.403,
            0.0,
            21.095,
            23.087,
            18.682,
            32.757,
            5.831
        ],
        [
            14.765,
            10.63,
            33.734,
            9.487,
            23.195,
            39.623,
            36.056,
            31.401,
            15.232,
            25.179,
            21.095,
            0.0,
            27.785,
            32.802,
            36.77,
            24.187
        ],
        [
            42.544,
            32.757,
            25.495,
            22.672,
            22.847,
            15.297,
            16.971,
            20.248,
            12.806,
            29.155,
            23.087,
            27.785,
            0.0,
            12.649,
            10.0,
            28.792
        ],
        [
            46.669,
            33.838,
            14.765,
            31.016,
            17.263,
            7.616,
            28.844,
            32.894,
            20.881,
            23.022,
            18.682,
            32.802,
            12.649,
            0.0,
            18.439,
            23.087
        ],
        [
            51.478,
            42.579,
            33.015,
            30.232,
            32.28,
            16.553,
            12.166,
            19.235,
            21.541,
            38.601,
            32.757,
            36.77,
            10.0,
            18.439,
            0.0,
            38.328
        ],
        [
            32.573,
            17.72,
            13.454,
            29.547,
            6.083,
            30.414,
            44.777,
            44.688,
            24.759,
            1.0,
            5.831,
            24.187,
            28.792,
            23.087,
            38.328,
            0.0
        ]
    ],
    "distances_scv": [
        [
            0.0,
            0.15,
            0.15,
            0.15,
            0.15,
            0.15,
            0.15,
            0.15,
            0.15,
            0.15,
            0.15,
            0.15,
            0.15,
            0.15,
            0.15,
            0.15
        ],
        [
            0.15,
            0.0,
            0.15,
            0.15,
            0.15,
            0.15,
            0.15,
            0.15,
            0.15,
            0.15,
            0.15,
            0.15,
            0.15,
            0.15,
            0.15,
            0.15
        ],
        [
            0.15,
            0.15,
            0.0,
            0.15,
            0.15,
            0.15,
            0.15,
            0.15,
            0.15,
            0.15,
            0.15,
            0.15,
            0.15,
            0.15,
            0.15,
            0.15
        ],
        [
            0.15,
            0.15,
            0.15,
            0.0,
            0.15,
            0.15,
            0.15,
            0.15,
            0.15,
            0.15,
            0.15,
            0.15,
            0.15,
            0.15,
            0.15,
            0.15
        ],
        [
            0.15,
            0.15,
            0.15,
            0.15,
            0.0,
            0.15,
            0.15,
            0.15,
            0.15,
            0.15,
            0.15,
            0.15,
            0.15,
            0.15,
            0.15,
            0.15
        ],
        [
            0.15,
            0.15,
            0.15,
            0.15,
            0.15,
            0.0,
            0.15,
            0.15,
            0.15,
            0.15,
            0.15,
            0.15,
            0.15,
            0.15,
            0.15,
            0.15
        ],
        [
            0.15,
            0.15,
            0.15,
            0.15,
            0.15,
            0.15,
            0.0,
            0.15,
            0.15,
            0.15,
            0.15,
            0.15,
            0.15,
            0.15,
            0.15,
            0.15
        ],
        [
            0.15,
            0.15,
            0.15,
            0.15,
            0.15,
            0.15,
            0.15,
            0.0,
            0.15,
            0.15,
            0.15,
            0.15,
            0.15,
            0.15,
            0.15,
            0.15
        ],
        [
            0.15,
            0.15,
            0.15,
            0.15,
            0.15,
            0.15,
            0.15,
            0.15,
            0.0,
            0.15,
            0.15,
            0.15,
            0.15,
            0.15,
            0.15,
            0.15
        ],
        [
            0.15,
            0.15,
            0.15,
            0.15,
            0.15,
            0.15,
            0.15,
            0.15,
            0.15,
            0.0,
            0.15,
            0.15,
            0.15,
            0.15,
            0.15,
            0.15
        ],
        [
            0.15,
            0.15,
            0.15,
            0.15,
            0.15,
            0.15,
            0.15,
            0.15,
            0.15,
            0.15,
            0.0,
            0.15,
            0.15,
            0.15,
            0.15,
            0.15
        ],
        [
            0.15,
            0.15,
            0.15,
            0.15,
            0.15,
            0.15,
            0.15,
            0.15,
            0.15,
            0.15,
            0.15,
            0.0,
            0.15,
            0.15,
            0.15,
            0.15
        ],
        [
            0.15,
            0.15,
            0.15,
            0.15,
            0.15,
            0.15,
            0.15,
            0.15,
            0.15,
            0.15,
            0.15,
            0.15,
            0.0,
            0.15,
            0.15,
            0.15
        ],
        [
            0.15,
            0.15,
            0.15,
            0.15,
            0.15,
            0.15,
            0.15,
            0.15,
            0.15,
            0.15,
            0.15,
            0.15,
            0.15,
            0.0,
            0.15,
            0.15
        ],
        [
            0.15,
            0.15,
            0.15,
            0.15,
            0.15,
            0.15,
            0.15,
            0.15,
            0.15,
            0.15,
            0.15,
            0.15,
            0.15,
            0.15,
            0.0,
            0.15
        ],
        [
            0.15,
            0.15,
            0.15,
            0.15,
            0.15,
            0.15,
            0.15,
            0.15,
            0.15,
            0.15,
            0.15,
            0.15,
            0.15,
            0.15,
            0.15,
            0.0
        ]
    ],
    "service_scv": [
        0.0,
        0.463,
        0.256,
        0.481,
        0.188,
        0.3,
        0.305,
        0.398,
        0.271,
        0.322,
        0.175,
        0.259,
        0.404,
        0.187,
        0.312,
        0.233
    ],
    "service": [
        0,
        54,
        39,
        56,
        48,
        41,
        45,
        56,
        31,
        32,
        37,
        46,
        43,
        38,
        42,
        44
    ]
}
