{
    "coords": [
        [
            0,
            0
        ],
        [
            11,
            49
        ],
        [
            8,
            15
        ],
        [
            32,
            39
        ],
        [
            31,
            43
        ],
        [
            2,
            19
        ],
        [
            28,
            21
        ],
        [
            19,
            18
        ],
        [
            2,
            5
        ],
        [
            27,
            23
        ],
        [
            47,
            12
        ],
        [
            42,
            12
        ],
        [
            7,
            9
        ],
        [
            19,
            9
        ],
        [
            44,
            40
        ],
        [
            40,
            21
        ]
    ],
    "dimension": 16,
    "distances": [
        [
            0.0,
            50.22,
            17.0,
            50.448,
            53.009,
            19.105,
            35.0,
            26.173,
            5.385,
            35.468,
            48.508,
            43.681,
            11.402,
            21.024,
            59.464,
            45.177
        ],
        [
            50.22,
            0.0,
            34.132,
            23.259,
            20.881,
            31.321,
            32.757,
            32.016,
            44.911,
            30.529,
            51.624,
            48.27,
            40.2,
            40.792,
            34.205,
            40.311
        ],
        [
            17.0,
            34.132,
            0.0,
            33.941,
            36.235,
            7.211,
            20.881,
            11.402,
            11.662,
            20.616,
            39.115,
            34.132,
            6.083,
            12.53,
            43.829,
            32.558
        ],
        [
            50.448,
            23.259,
            33.941,
            0.0,
            4.123,
            36.056,
            18.439,
            24.698,
            45.343,
            16.763,
            30.887,
            28.792,
            39.051,
            32.696,
            12.042,
            19.698
        ],
        [
            53.009,
            20.881,
            36.235,
            4.123,
            0.0,
            37.643,
            22.204,
            27.731,
            47.802,
            20.396,
            34.886,
            32.894,
            41.617,
            36.056,
            13.342,
            23.77
        ],
        [
            19.105,
            31.321,
            7.211,
            36.056,
            37.643,
            0.0,
            26.077,
            17.029,
            14.0,
            25.318,
            45.541,
            40.608,
            11.18,
            19.723,
            46.957,
            38.053
        ],
        [
            35.0,
            32.757,
            20.881,
            18.439,
            22.204,
            26.077,
            0.0,
            9.487,
            30.529,
            2.236,
            21.024,
            16.643,
            24.187,
            15.0,
            24.839,
            12.0
        ],
        [
            26.173,
            32.016,
            11.402,
            24.698,
            27.731,
            17.029,
            9.487,
            0.0,
            21.401,
            9.434,
            28.636,
            23.77,
            15.0,
            9.0,
            33.302,
            21.213
        ],
        [
            5.385,
            44.911,
            11.662,
            45.343,
            47.802,
            14.0,
            30.529,
            21.401,
            0.0,
            30.806,
            45.541,
            40.608,
            6.403,
            17.464,
            54.672,
            41.231
        ],
        [
            35.468,
            30.529,
            20.616,
            16.763,
            20.396,
            25.318,
            2.236,
            9.434,
            30.806,
            0.0,
            22.825,
            18.601,
            24.413,
            16.125,
            24.042,
            13.153
        ],
        [
            48.508,
            51.624,
            39.115,
            30.887,
            34.886,
            45.541,
            21.024,
            28.636,
            45.541,
            22.825,
            0.0,
            5.0,
            40.112,
            28.16,
            28.16,
            11.402
        ],
        [
            43.681,
            48.27,
            34.132,
            28.792,
            32.894,
            40.608,
            16.643,
            23.77,
            40.608,
            18.601,
            5.0,
            0.0,
            35.128,
            23.195,
            28.071,
            9.22
        ],
        [
            11.402,
            40.2,
            6.083,
            39.051,
            41.617,
            11.18,
            24.187,
            15.0,
            6.403,
            24.413,
            40.112,
            35.128,
            0.0,
            12.0,
            48.27,
            35.114
        ],
        [
            21.024,
            40.792,
            12.53,
            32.696,
            36.056,
            19.723,
            15.0,
            9.0,
            17.464,
            16.125,
            28.16,
            23.195,
            12.0,
            0.0,
            39.825,
            24.187
        ],
        [
            59.464,
            34.205,
            43.829,
            12.042,
            13.342,
            46.957,
            24.839,
            33.302,
            54.672,
            24.042,
            28.16,
            28.071,
            48.27,
            39.825,
            0.0,
            19.416
        ],
        [
            45.177,
            40.311,
            32.558,
            19.698,
            23.77,
            38.053,
            12.0,
            21.213,
            41.231,
            13.153,
            11.402,
            9.22,
            35.114,
            24.187,
            19.416,
            0.0
        ]
    ],
    "distances_scv": [
        [
            0.0,
            0.15,
            0.15,
            0.15,
            0.15,
            0.15,
            0.15,
            0.15,
            0.15,
            0.15,
            0.15,
            0.15,
            0.15,
            0.15,
            0.15,
            0.15
        ],
        [
            0.15,
            0.0,
            0.15,
            0.15,
            0.15,
            0.15,
            0.15,
            0.15,
            0.15,
            0.15,
            0.15,
            0.15,
            0.15,
            0.15,
            0.15,
            0.15
        ],
        [
            0.15,
            0.15,
            0.0,
            0.15,
            0.15,
            0.15,
            0.15,
            0.15,
            0.15,
            0.15,
            0.15,
            0.15,
            0.15,
            0.15,
            0.15,
            0.15
        ],
        [
            0.15,
            0.15,
            0.15,
            0.0,
            0.15,
            0.15,
            0.15,
            0.15,
            0.15,
            0.15,
            0.15,
            0.15,
            0.15,
            0.15,
            0.15,
            0.15
        ],
        [
            0.15,
            0.15,
            0.15,
            0.15,
            0.0,
            0.15,
            0.15,
            0.15,
            0.15,
            0.15,
            0.15,
            0.15,
            0.15,
            0.15,
            0.15,
            0.15
        ],
        [
            0.15,
            0.15,
            0.15,
            0.15,
            0.15,
            0.0,
            0.15,
            0.15,
            0.15,
            0.15,
            0.15,
            0.15,
            0.15,
            0.15,
            0.15,
            0.15
        ],
        [
            0.15,
            0.15,
            0.15,
            0.15,
            0.15,
            0.15,
            0.0,
            0.15,
            0.15,
            0.15,
            0.15,
            0.15,
            0.15,
            0.15,
            0.15,
            0.15
        ],
        [
            0.15,
            0.15,
            0.15,
            0.15,
            0.15,
            0.15,
            0.15,
            0.0,
            0.15,
            0.15,
            0.15,
            0.15,
            0.15,
            0.15,
            0.15,
            0.15
        ],
        [
            0.15,
            0.15,
            0.15,
            0.15,
            0.15,
            0.15,
            0.15,
            0.15,
            0.0,
            0.15,
            0.15,
            0.15,
            0.15,
            0.15,
            0.15,
            0.15
        ],
        [
            0.15,
            0.15,
            0.15,
            0.15,
            0.15,
            0.15,
            0.15,
            0.15,
            0.15,
            0.0,
            0.15,
            0.15,
            0.15,
            0.15,
            0.15,
            0.15
        ],
        [
            0.15,
            0.15,
            0.15,
            0.15,
            0.15,
            0.15,
            0.15,
            0.15,
            0.15,
            0.15,
            0.0,
            0.15,
            0.15,
            0.15,
            0.15,
            0.15
        ],
        [
            0.15,
            0.15,
            0.15,
            0.15,
            0.15,
            0.15,
            0.15,
            0.15,
            0.15,
            0.15,
            0.15,
            0.0,
            0.15,
            0.15,
            0.15,
            0.15
        ],
        [
            0.15,
            0.15,
            0.15,
            0.15,
            0.15,
            0.15,
            0.15,
            0.15,
            0.15,
            0.15,
            0.15,
            0.15,
            0.0,
            0.15,
            0.15,
            0.15
        ],
        [
            0.15,
            0.15,
            0.15,
            0.15,
            0.15,
            0.15,
            0.15,
            0.15,
            0.15,
            0.15,
            0.15,
            0.15,
            0.15,
            0.0,
            0.15,
            0.15
        ],
        [
            0.15,
            0.15,
            0.15,
            0.15,
            0.15,
            0.15,
            0.15,
            0.15,
            0.15,
            0.15,
            0.15,
            0.15,
            0.15,
            0.15,
            0.0,
            0.15
        ],
        [
            0.15,
            0.15,
            0.15,
            0.15,
            0.15,
            0.15,
            0.15,
            0.15,
            0.15,
            0.15,
            0.15,
            0.15,
            0.15,
            0.15,
            0.15,
            0.0
        ]
    ],
    "service_scv": [
        0.0,
        0.286,
        0.331,
        0.364,
        0.189,
        0.437,
        0.247,
        0.277,
        0.174,
        0.309,
        0.411,
        0.292,
        0.336,
        0.365,
        0.474,
        0.447
    ],
    "service": [
        0,
        40,
        31,
        47,
        39,
        39,
        38,
        39,
        39,
        32,
        32,
        43,
        45,
        56,
        50,
        53
    ]
}
