{
    "coords": [
        [
            0,
            0
        ],
        [
            40,
            42
        ],
        [
            3,
            40
        ],
        [
            47,
            13
        ],
        [
            8,
            3
        ],
        [
            39,
            47
        ],
        [
            30,
            30
        ],
        [
            39,
            0
        ],
        [
            41,
            45
        ],
        [
            6,
            49
        ],
        [
            42,
            14
        ],
        [
            23,
            40
        ],
        [
            45,
            4
        ],
        [
            32,
            21
        ],
        [
            17,
            40
        ],
        [
            34,
            20
        ]
    ],
    "dimension": 16,
    "distances": [
        [
            0.0,
            58.0,
            40.112,
            48.765,
            8.544,
            61.074,
            42.426,
            39.0,
            60.877,
            49.366,
            44.272,
            46.141,
            45.177,
            38.275,
            43.463,
            39.446
        ],
        [
            58.0,
            0.0,
            37.054,
            29.833,
            50.448,
            5.099,
            15.62,
            42.012,
            3.162,
            34.713,
            28.071,
            17.117,
            38.328,
            22.472,
            23.087,
            22.804
        ],
        [
            40.112,
            37.054,
            0.0,
            51.624,
            37.336,
            36.674,
            28.792,
            53.814,
            38.328,
            9.487,
            46.872,
            20.0,
            55.317,
            34.67,
            14.0,
            36.892
        ],
        [
            48.765,
            29.833,
            51.624,
            0.0,
            40.262,
            34.928,
            24.042,
            15.264,
            32.558,
            54.562,
            5.099,
            36.125,
            9.22,
            17.0,
            40.361,
            14.765
        ],
        [
            8.544,
            50.448,
            37.336,
            40.262,
            0.0,
            53.824,
            34.828,
            31.145,
            53.413,
            46.043,
            35.735,
            39.925,
            37.014,
            30.0,
            38.079,
            31.064
        ],
        [
            61.074,
            5.099,
            36.674,
            34.928,
            53.824,
            0.0,
            19.235,
            47.0,
            2.828,
            33.061,
            33.136,
            17.464,
            43.417,
            26.926,
            23.087,
            27.459
        ],
        [
            42.426,
            15.62,
            28.792,
            24.042,
            34.828,
            19.235,
            0.0,
            31.321,
            18.601,
            30.61,
            20.0,
            12.207,
            30.017,
            9.22,
            16.401,
            10.77
        ],
        [
            39.0,
            42.012,
            53.814,
            15.264,
            31.145,
            47.0,
            31.321,
            0.0,
            45.044,
            59.076,
            14.318,
            43.081,
            7.211,
            22.136,
            45.651,
            20.616
        ],
        [
            60.877,
            3.162,
            38.328,
            32.558,
            53.413,
            2.828,
            18.601,
            45.044,
            0.0,
            35.228,
            31.016,
            18.682,
            41.195,
            25.632,
            24.515,
            25.962
        ],
        [
            49.366,
            34.713,
            9.487,
            54.562,
            46.043,
            33.061,
            30.61,
            59.076,
            35.228,
            0.0,
            50.21,
            19.235,
            59.548,
            38.21,
            14.213,
            40.311
        ],
        [
            44.272,
            28.071,
            46.872,
            5.099,
            35.735,
            33.136,
            20.0,
            14.318,
            31.016,
            50.21,
            0.0,
            32.202,
            10.44,
            12.207,
            36.069,
            10.0
        ],
        [
            46.141,
            17.117,
            20.0,
            36.125,
            39.925,
            17.464,
            12.207,
            43.081,
            18.682,
            19.235,
            32.202,
            0.0,
            42.19,
            21.024,
            6.0,
            22.825
        ],
        [
            45.177,
            38.328,
            55.317,
            9.22,
            37.014,
            43.417,
            30.017,
            7.211,
            41.195,
            59.548,
            10.44,
            42.19,
            0.0,
            21.401,
            45.607,
            19.416
        ],
        [
            38.275,
            22.472,
            34.67,
            17.0,
            30.0,
            26.926,
            9.22,
            22.136,
            25.632,
            38.21,
            12.207,
            21.024,
            21.401,
            0.0,
            24.207,
            2.236
        ],
        [
            43.463,
            23.087,
            14.0,
            40.361,
            38.079,
            23.087,
            16.401,
            45.651,
            24.515,
            14.213,
            36.069,
            6.0,
            45.607,
            24.207,
            0.0,
            26.249
        ],
        [
            39.446,
            22.804,
            36.892,
            14.765,
            31.064,
            27.459,
            10.77,
            20.616,
            25.962,
            40.311,
            10.0,
            22.825,
            19.416,
            2.236,
            26.249,
            0.0
        ]
    ],
    "distances_scv": [
        [
            0.0,
            0.15,
            0.15,
            0.15,
            0.15,
            0.15,
            0.15,
            0.15,
            0.15,
            0.15,
            0.15,
            0.15,
            0.15,
            0.15,
            0.15,
            0.15
        ],
        [
            0.15,
            0.0,
            0.15,
            0.15,
            0.15,
            0.15,
            0.15,
            0.15,
            0.15,
            0.15,
            0.15,
            0.15,
            0.15,
            0.15,
            0.15,
            0.15
        ],
        [
            0.15,
            0.15,
            0.0,
            0.15,
            0.15,
            0.15,
            0.15,
            0.15,
            0.15,
            0.15,
            0.15,
            0.15,
            0.15,
            0.15,
            0.15,
            0.15
        ],
        [
            0.15,
            0.15,
            0.15,
            0.0,
            0.15,
            0.15,
            0.15,
            0.15,
            0.15,
            0.15,
            0.15,
            0.15,
            0.15,
            0.15,
            0.15,
            0.15
        ],
        [
            0.15,
            0.15,
            0.15,
            0.15,
            0.0,
            0.15,
            0.15,
            0.15,
            0.15,
            0.15,
            0.15,
            0.15,
            0.15,
            0.15,
            0.15,
            0.15
        ],
        [
            0.15,
            0.15,
            0.15,
            0.15,
            0.15,
            0.0,
            0.15,
            0.15,
            0.15,
            0.15,
            0.15,
            0.15,
            0.15,
            0.15,
            0.15,
            0.15
        ],
        [
            0.15,
            0.15,
            0.15,
            0.15,
            0.15,
            0.15,
            0.0,
            0.15,
            0.15,
            0.15,
            0.15,
            0.15,
            0.15,
            0.15,
            0.15,
            0.15
        ],
        [
            0.15,
            0.15,
            0.15,
            0.15,
            0.15,
            0.15,
            0.15,
            0.0,
            0.15,
            0.15,
            0.15,
            0.15,
            0.15,
            0.15,
            0.15,
            0.15
        ],
        [
            0.15,
            0.15,
            0.15,
            0.15,
            0.15,
            0.15,
            0.15,
            0.15,
            0.0,
            0.15,
            0.15,
            0.15,
            0.15,
            0.15,
            0.15,
            0.15
        ],
        [
            0.15,
            0.15,
            0.15,
            0.15,
            0.15,
            0.15,
            0.15,
            0.15,
            0.15,
            0.0,
            0.15,
            0.15,
            0.15,
            0.15,
            0.15,
            0.15
        ],
        [
            0.15,
            0.15,
            0.15,
            0.15,
            0.15,
            0.15,
            0.15,
            0.15,
            0.15,
            0.15,
            0.0,
            0.15,
            0.15,
            0.15,
            0.15,
            0.15
        ],
        [
            0.15,
            0.15,
            0.15,
            0.15,
            0.15,
            0.15,
            0.15,
            0.15,
            0.15,
            0.15,
            0.15,
            0.0,
            0.15,
            0.15,
            0.15,
            0.15
        ],
        [
            0.15,
            0.15,
            0.15,
            0.15,
            0.15,
            0.15,
            0.15,
            0.15,
            0.15,
            0.15,
            0.15,
            0.15,
            0.0,
            0.15,
            0.15,
            0.15
        ],
        [
            0.15,
            0.15,
            0.15,
            0.15,
            0.15,
            0.15,
            0.15,
            0.15,
            0.15,
            0.15,
            0.15,
            0.15,
            0.15,
            0.0,
            0.15,
            0.15
        ],
        [
            0.15,
            0.15,
            0.15,
            0.15,
            0.15,
            0.15,
            0.15,
            0.15,
            0.15,
            0.15,
            0.15,
            0.15,
            0.15,
            0.15,
            0.0,
            0.15
        ],
        [
            0.15,
            0.15,
            0.15,
            0.15,
            0.15,
            0.15,
            0.15,
            0.15,
            0.15,
            0.15,
            0.15,
            0.15,
            0.15,
            0.15,
            0.15,
            0.0
        ]
    ],
    "service_scv": [
        0.0,
        0.276,
        0.323,
        0.335,
        0.287,
        0.198,
        0.436,
        0.453,
        0.348,
        0.251,
        0.5,
        0.192,
        0.459,
        0.37,
        0.241,
        0.357
    ],
    "service": [
        0,
        55,
        47,
        44,
        31,
        44,
        58,
        56,
        39,
        34,
        39,
        34,
        46,
        33,
        48,
        46
    ]
}
