{
    "coords": [
        [
            0,
            0
        ],
        [
            41,
            21
        ],
        [
            38,
            4
        ],
        [
            26,
            17
        ],
        [
            0,
            31
        ],
        [
            23,
            1
        ],
        [
            14,
            43
        ],
        [
            3,
            42
        ],
        [
            44,
            2
        ],
        [
            6,
            40
        ],
        [
            2,
            9
        ],
        [
            40,
            34
        ],
        [
            25,
            7
        ],
        [
            10,
            34
        ],
        [
            13,
            47
        ],
        [
            21,
            49
        ]
    ],
    "dimension": 16,
    "distances": [
        [
            0.0,
            46.065,
            38.21,
            31.064,
            31.0,
            23.022,
            45.222,
            42.107,
            44.045,
            40.447,
            9.22,
            52.498,
            25.962,
            35.44,
            48.765,
            53.31
        ],
        [
            46.065,
            0.0,
            17.263,
            15.524,
            42.202,
            26.907,
            34.828,
            43.417,
            19.235,
            39.825,
            40.804,
            13.038,
            21.26,
            33.615,
            38.21,
            34.409
        ],
        [
            38.21,
            17.263,
            0.0,
            17.692,
            46.615,
            15.297,
            45.793,
            51.662,
            6.325,
            48.166,
            36.346,
            30.067,
            13.342,
            41.037,
            49.739,
            48.104
        ],
        [
            31.064,
            15.524,
            17.692,
            0.0,
            29.53,
            16.279,
            28.636,
            33.971,
            23.431,
            30.48,
            25.298,
            22.023,
            10.05,
            23.345,
            32.696,
            32.388
        ],
        [
            31.0,
            42.202,
            46.615,
            29.53,
            0.0,
            37.802,
            18.439,
            11.402,
            52.697,
            10.817,
            22.091,
            40.112,
            34.655,
            10.44,
            20.616,
            27.659
        ],
        [
            23.022,
            26.907,
            15.297,
            16.279,
            37.802,
            0.0,
            42.953,
            45.618,
            21.024,
            42.544,
            22.472,
            37.121,
            6.325,
            35.468,
            47.074,
            48.042
        ],
        [
            45.222,
            34.828,
            45.793,
            28.636,
            18.439,
            42.953,
            0.0,
            11.045,
            50.804,
            8.544,
            36.056,
            27.514,
            37.643,
            9.849,
            4.123,
            9.22
        ],
        [
            42.107,
            43.417,
            51.662,
            33.971,
            11.402,
            45.618,
            11.045,
            0.0,
            57.28,
            3.606,
            33.015,
            37.855,
            41.34,
            10.63,
            11.18,
            19.313
        ],
        [
            44.045,
            19.235,
            6.325,
            23.431,
            52.697,
            21.024,
            50.804,
            57.28,
            0.0,
            53.74,
            42.579,
            32.249,
            19.647,
            46.69,
            54.644,
            52.326
        ],
        [
            40.447,
            39.825,
            48.166,
            30.48,
            10.817,
            42.544,
            8.544,
            3.606,
            53.74,
            0.0,
            31.257,
            34.525,
            38.079,
            7.211,
            9.899,
            17.493
        ],
        [
            9.22,
            40.804,
            36.346,
            25.298,
            22.091,
            22.472,
            36.056,
            33.015,
            42.579,
            31.257,
            0.0,
            45.486,
            23.087,
            26.249,
            39.56,
            44.283
        ],
        [
            52.498,
            13.038,
            30.067,
            22.023,
            40.112,
            37.121,
            27.514,
            37.855,
            32.249,
            34.525,
            45.486,
            0.0,
            30.887,
            30.0,
            29.967,
            24.207
        ],
        [
            25.962,
            21.26,
            13.342,
            10.05,
            34.655,
            6.325,
            37.643,
            41.34,
            19.647,
            38.079,
            23.087,
            30.887,
            0.0,
            30.887,
            41.761,
            42.19
        ],
        [
            35.44,
            33.615,
            41.037,
            23.345,
            10.44,
            35.468,
            9.849,
            10.63,
            46.69,
            7.211,
            26.249,
            30.0,
            30.887,
            0.0,
            13.342,
            18.601
        ],
        [
            48.765,
            38.21,
            49.739,
            32.696,
            20.616,
            47.074,
            4.123,
            11.18,
            54.644,
            9.899,
            39.56,
            29.967,
            41.761,
            13.342,
            0.0,
            8.246
        ],
        [
            53.31,
            34.409,
            48.104,
            32.388,
            27.659,
            48.042,
            9.22,
            19.313,
            52.326,
            17.493,
            44.283,
            24.207,
            42.19,
            18.601,
            8.246,
            0.0
        ]
    ],
    "distances_scv": [
        [
            0.0,
            0.15,
            0.15,
            0.15,
            0.15,
            0.15,
            0.15,
            0.15,
            0.15,
            0.15,
            0.15,
            0.15,
            0.15,
            0.15,
            0.15,
            0.15
        ],
        [
            0.15,
            0.0,
            0.15,
            0.15,
            0.15,
            0.15,
            0.15,
            0.15,
            0.15,
            0.15,
            0.15,
            0.15,
            0.15,
            0.15,
            0.15,
            0.15
        ],
        [
            0.15,
            0.15,
            0.0,
            0.15,
            0.15,
            0.15,
            0.15,
            0.15,
            0.15,
            0.15,
            0.15,
            0.15,
            0.15,
            0.15,
            0.15,
            0.15
        ],
        [
            0.15,
            0.15,
            0.15,
            0.0,
            0.15,
            0.15,
            0.15,
            0.15,
            0.15,
            0.15,
            0.15,
            0.15,
            0.15,
            0.15,
            0.15,
            0.15
        ],
        [
            0.15,
            0.15,
            0.15,
            0.15,
            0.0,
            0.15,
            0.15,
            0.15,
            0.15,
            0.15,
            0.15,
            0.15,
            0.15,
            0.15,
            0.15,
            0.15
        ],
        [
            0.15,
            0.15,
            0.15,
            0.15,
            0.15,
            0.0,
            0.15,
            0.15,
            0.15,
            0.15,
            0.15,
            0.15,
            0.15,
            0.15,
            0.15,
            0.15
        ],
        [
            0.15,
            0.15,
            0.15,
            0.15,
            0.15,
            0.15,
            0.0,
            0.15,
            0.15,
            0.15,
            0.15,
            0.15,
            0.15,
            0.15,
            0.15,
            0.15
        ],
        [
            0.15,
            0.15,
            0.15,
            0.15,
            0.15,
            0.15,
            0.15,
            0.0,
            0.15,
            0.15,
            0.15,
            0.15,
            0.15,
            0.15,
            0.15,
            0.15
        ],
        [
            0.15,
            0.15,
            0.15,
            0.15,
            0.15,
            0.15,
            0.15,
            0.15,
            0.0,
            0.15,
            0.15,
            0.15,
            0.15,
            0.15,
            0.15,
            0.15
        ],
        [
            0.15,
            0.15,
            0.15,
            0.15,
            0.15,
            0.15,
            0.15,
            0.15,
            0.15,
            0.0,
            0.15,
            0.15,
            0.15,
            0.15,
            0.15,
            0.15
        ],
        [
            0.15,
            0.15,
            0.15,
            0.15,
            0.15,
            0.15,
            0.15,
            0.15,
            0.15,
            0.15,
            0.0,
            0.15,
            0.15,
            0.15,
            0.15,
            0.15
        ],
        [
            0.15,
            0.15,
            0.15,
            0.15,
            0.15,
            0.15,
            0.15,
            0.15,
            0.15,
            0.15,
            0.15,
            0.0,
            0.15,
            0.15,
            0.15,
            0.15
        ],
        [
            0.15,
            0.15,
            0.15,
            0.15,
            0.15,
            0.15,
            0.15,
            0.15,
            0.15,
            0.15,
            0.15,
            0.15,
            0.0,
            0.15,
            0.15,
            0.15
        ],
        [
            0.15,
            0.15,
            0.15,
            0.15,
            0.15,
            0.15,
            0.15,
            0.15,
            0.15,
            0.15,
            0.15,
            0.15,
            0.15,
            0.0,
            0.15,
            0.15
        ],
        [
            0.15,
            0.15,
            0.15,
            0.15,
            0.15,
            0.15,
            0.15,
            0.15,
            0.15,
            0.15,
            0.15,
            0.15,
            0.15,
            0.15,
            0.0,
            0.15
        ],
        [
            0.15,
            0.15,
            0.15,
            0.15,
            0.15,
            0.15,
            0.15,
            0.15,
            0.15,
            0.15,
            0.15,
            0.15,
            0.15,
            0.15,
            0.15,
            0.0
        ]
    ],
    "service_scv": [
        0.0,
        0.449,
        0.462,
        0.346,
        0.306,
        0.452,
        0.417,
        0.343,
        0.438,
        0.363,
        0.318,
        0.435,
        0.337,
        0.445,
        0.223,
        0.169
    ],
    "service": [
        0,
        39,
        46,
        51,
        38,
        60,
        51,
        43,
        31,
        32,
        53,
        55,
        60,
        43,
        60,
        51
    ]
}
