{
    "coords": [
        [
            0,
            0
        ],
        [
            27,
            11
        ],
        [
            19,
            3
        ],
        [
            17,
            35
        ],
        [
            38,
            40
        ],
        [
            24,
            27
        ],
        [
            47,
            31
        ],
        [
            33,
            8
        ],
        [
            46,
            27
        ],
        [
            3,
            8
        ],
        [
            44,
            25
        ],
        [
            39,
            17
        ],
        [
            4,
            48
        ],
        [
            47,
            25
        ],
        [
            14,
            10
        ],
        [
            35,
            12
        ]
    ],
    "dimension": 16,
    "distances": [
        [
            0.0,
            29.155,
            19.235,
            38.91,
            55.172,
            36.125,
            56.303,
            33.956,
            53.339,
            8.544,
            50.606,
            42.544,
            48.166,
            53.235,
            17.205,
            37.0
        ],
        [
            29.155,
            0.0,
            11.314,
            26.0,
            31.016,
            16.279,
            28.284,
            6.708,
            24.839,
            24.187,
            22.023,
            13.416,
            43.566,
            24.413,
            13.038,
            8.062
        ],
        [
            19.235,
            11.314,
            0.0,
            32.062,
            41.593,
            24.515,
            39.598,
            14.866,
            36.125,
            16.763,
            33.302,
            24.413,
            47.434,
            35.609,
            8.602,
            18.358
        ],
        [
            38.91,
            26.0,
            32.062,
            0.0,
            21.587,
            10.63,
            30.265,
            31.385,
            30.083,
            30.414,
            28.792,
            28.425,
            18.385,
            31.623,
            25.179,
            29.206
        ],
        [
            55.172,
            31.016,
            41.593,
            21.587,
            0.0,
            19.105,
            12.728,
            32.388,
            15.264,
            47.424,
            16.155,
            23.022,
            34.928,
            17.493,
            38.419,
            28.16
        ],
        [
            36.125,
            16.279,
            24.515,
            10.63,
            19.105,
            0.0,
            23.345,
            21.024,
            22.0,
            28.32,
            20.1,
            18.028,
            29.0,
            23.087,
            19.723,
            18.601
        ],
        [
            56.303,
            28.284,
            39.598,
            30.265,
            12.728,
            23.345,
            0.0,
            26.926,
            4.123,
            49.649,
            6.708,
            16.125,
            46.239,
            6.0,
            39.115,
            22.472
        ],
        [
            33.956,
            6.708,
            14.866,
            31.385,
            32.388,
            21.024,
            26.926,
            0.0,
            23.022,
            30.0,
            20.248,
            10.817,
            49.406,
            22.023,
            19.105,
            4.472
        ],
        [
            53.339,
            24.839,
            36.125,
            30.083,
            15.264,
            22.0,
            4.123,
            23.022,
            0.0,
            47.011,
            2.828,
            12.207,
            46.957,
            2.236,
            36.235,
            18.601
        ],
        [
            8.544,
            24.187,
            16.763,
            30.414,
            47.424,
            28.32,
            49.649,
            30.0,
            47.011,
            0.0,
            44.385,
            37.108,
            40.012,
            47.17,
            11.18,
            32.249
        ],
        [
            50.606,
            22.023,
            33.302,
            28.792,
            16.155,
            20.1,
            6.708,
            20.248,
            2.828,
            44.385,
            0.0,
            9.434,
            46.141,
            3.0,
            33.541,
            15.811
        ],
        [
            42.544,
            13.416,
            24.413,
            28.425,
            23.022,
            18.028,
            16.125,
            10.817,
            12.207,
            37.108,
            9.434,
            0.0,
            46.755,
            11.314,
            25.962,
            6.403
        ],
        [
            48.166,
            43.566,
            47.434,
            18.385,
            34.928,
            29.0,
            46.239,
            49.406,
            46.957,
            40.012,
            46.141,
            46.755,
            0.0,
            48.765,
            39.294,
            47.508
        ],
        [
            53.235,
            24.413,
            35.609,
            31.623,
            17.493,
            23.087,
            6.0,
            22.023,
            2.236,
            47.17,
            3.0,
            11.314,
            48.765,
            0.0,
            36.249,
            17.692
        ],
        [
            17.205,
            13.038,
            8.602,
            25.179,
            38.419,
            19.723,
            39.115,
            19.105,
            36.235,
            11.18,
            33.541,
            25.962,
            39.294,
            36.249,
            0.0,
            21.095
        ],
        [
            37.0,
            8.062,
            18.358,
            29.206,
            28.16,
            18.601,
            22.472,
            4.472,
            18.601,
            32.249,
            15.811,
            6.403,
            47.508,
            17.692,
            21.095,
            0.0
        ]
    ],
    "distances_scv": [
        [
            0.0,
            0.185,
            0.134,
            0.19,
            0.124,
            0.192,
            0.173,
            0.193,
            0.195,
            0.116,
            0.17,
            0.124,
            0.161,
            0.126,
            0.146,
            0.139
        ],
        [
            0.106,
            0.0,
            0.168,
            0.188,
            0.171,
            0.119,
            0.162,
            0.147,
            0.128,
            0.111,
            0.106,
            0.179,
            0.131,
            0.128,
            0.177,
            0.17
        ],
        [
            0.124,
            0.174,
            0.0,
            0.149,
            0.156,
            0.193,
            0.16,
            0.2,
            0.162,
            0.151,
            0.125,
            0.151,
            0.184,
            0.1,
            0.122,
            0.197
        ],
        [
            0.144,
            0.187,
            0.136,
            0.0,
            0.17,
            0.12,
            0.108,
            0.124,
            0.149,
            0.183,
            0.12,
            0.132,
            0.178,
            0.103,
            0.164,
            0.193
        ],
        [
            0.168,
            0.163,
            0.106,
            0.146,
            0.0,
            0.189,
            0.122,
            0.127,
            0.134,
            0.178,
            0.14,
            0.163,
            0.131,
            0.129,
            0.183,
            0.197
        ],
        [
            0.192,
            0.133,
            0.113,
            0.123,
            0.117,
            0.0,
            0.191,
            0.121,
            0.172,
            0.135,
            0.151,
            0.128,
            0.107,
            0.122,
            0.101,
            0.107
        ],
        [
            0.128,
            0.137,
            0.162,
            0.135,
            0.189,
            0.166,
            0.0,
            0.147,
            0.162,
            0.137,
            0.178,
            0.195,
            0.133,
            0.127,
            0.19,
            0.157
        ],
        [
            0.145,
            0.134,
            0.183,
            0.118,
            0.197,
            0.129,
            0.161,
            0.0,
            0.194,
            0.2,
            0.19,
            0.134,
            0.125,
            0.102,
            0.117,
            0.165
        ],
        [
            0.129,
            0.145,
            0.173,
            0.186,
            0.148,
            0.195,
            0.106,
            0.147,
            0.0,
            0.117,
            0.194,
            0.138,
            0.12,
            0.102,
            0.194,
            0.152
        ],
        [
            0.114,
            0.191,
            0.12,
            0.15,
            0.198,
            0.191,
            0.196,
            0.128,
            0.141,
            0.0,
            0.153,
            0.183,
            0.2,
            0.106,
            0.138,
            0.158
        ],
        [
            0.171,
            0.18,
            0.196,
            0.193,
            0.177,
            0.124,
            0.164,
            0.178,
            0.116,
            0.126,
            0.0,
            0.148,
            0.119,
            0.111,
            0.131,
            0.192
        ],
        [
            0.192,
            0.163,
            0.184,
            0.105,
            0.136,
            0.115,
            0.13,
            0.185,
            0.15,
            0.143,
            0.159,
            0.0,
            0.12,
            0.119,
            0.102,
            0.142
        ],
        [
            0.148,
            0.148,
            0.141,
            0.18,
            0.112,
            0.153,
            0.129,
            0.118,
            0.117,
            0.168,
            0.154,
            0.157,
            0.0,
            0.17,
            0.16,
            0.169
        ],
        [
            0.122,
            0.18,
            0.146,
            0.105,
            0.122,
            0.102,
            0.11,
            0.132,
            0.125,
            0.2,
            0.128,
            0.168,
            0.133,
            0.0,
            0.192,
            0.147
        ],
        [
            0.199,
            0.119,
            0.186,
            0.179,
            0.181,
            0.149,
            0.173,
            0.184,
            0.121,
            0.148,
            0.187,
            0.104,
            0.104,
            0.142,
            0.0,
            0.115
        ],
        [
            0.144,
            0.171,
            0.141,
            0.115,
            0.176,
            0.11,
            0.171,
            0.188,
            0.176,
            0.159,
            0.174,
            0.113,
            0.144,
            0.137,
            0.198,
            0.0
        ]
    ],
    "service_scv": [
        0.0,
        0.622,
        0.597,
        0.66,
        0.916,
        1.241,
        1.463,
        1.005,
        1.488,
        1.002,
        1.464,
        1.032,
        1.293,
        1.26,
        1.221,
        1.07
    ],
    "service": [
        0,
        29,
        15,
        4,
        25,
        29,
        1,
        15,
        2,
        25,
        14,
        29,
        28,
        15,
        18,
        2
    ]
}
