{
    "coords": [
        [
            0,
            0
        ],
        [
            19,
            30
        ],
        [
            23,
            35
        ],
        [
            17,
            4
        ],
        [
            14,
            31
        ],
        [
            31,
            49
        ],
        [
            12,
            21
        ],
        [
            47,
            5
        ],
        [
            35,
            47
        ],
        [
            45,
            33
        ],
        [
            44,
            9
        ],
        [
            37,
            33
        ],
        [
            25,
            49
        ],
        [
            42,
            10
        ],
        [
            49,
            42
        ],
        [
            18,
            34
        ]
    ],
    "dimension": 16,
    "distances": [
        [
            0.0,
            35.511,
            41.881,
            17.464,
            34.015,
            57.983,
            24.187,
            47.265,
            58.6,
            55.803,
            44.911,
            49.578,
            55.009,
            43.174,
            64.537,
            38.471
        ],
        [
            35.511,
            0.0,
            6.403,
            26.077,
            5.099,
            22.472,
            11.402,
            37.537,
            23.345,
            26.173,
            32.65,
            18.248,
            19.925,
            30.48,
            32.311,
            4.123
        ],
        [
            41.881,
            6.403,
            0.0,
            31.575,
            9.849,
            16.125,
            17.804,
            38.419,
            16.971,
            22.091,
            33.422,
            14.142,
            14.142,
            31.401,
            26.926,
            5.099
        ],
        [
            17.464,
            26.077,
            31.575,
            0.0,
            27.166,
            47.127,
            17.72,
            30.017,
            46.615,
            40.311,
            27.459,
            35.228,
            45.706,
            25.71,
            49.679,
            30.017
        ],
        [
            34.015,
            5.099,
            9.849,
            27.166,
            0.0,
            24.759,
            10.198,
            42.012,
            26.401,
            31.064,
            37.202,
            23.087,
            21.095,
            35.0,
            36.688,
            5.0
        ],
        [
            57.983,
            22.472,
            16.125,
            47.127,
            24.759,
            0.0,
            33.838,
            46.819,
            4.472,
            21.26,
            42.059,
            17.088,
            6.0,
            40.522,
            19.313,
            19.849
        ],
        [
            24.187,
            11.402,
            17.804,
            17.72,
            10.198,
            33.838,
            0.0,
            38.484,
            34.713,
            35.114,
            34.176,
            27.731,
            30.871,
            31.953,
            42.544,
            14.318
        ],
        [
            47.265,
            37.537,
            38.419,
            30.017,
            42.012,
            46.819,
            38.484,
            0.0,
            43.681,
            28.071,
            5.0,
            29.732,
            49.193,
            7.071,
            37.054,
            41.012
        ],
        [
            58.6,
            23.345,
            16.971,
            46.615,
            26.401,
            4.472,
            34.713,
            43.681,
            0.0,
            17.205,
            39.051,
            14.142,
            10.198,
            37.656,
            14.866,
            21.401
        ],
        [
            55.803,
            26.173,
            22.091,
            40.311,
            31.064,
            21.26,
            35.114,
            28.071,
            17.205,
            0.0,
            24.021,
            8.0,
            25.612,
            23.195,
            9.849,
            27.019
        ],
        [
            44.911,
            32.65,
            33.422,
            27.459,
            37.202,
            42.059,
            34.176,
            5.0,
            39.051,
            24.021,
            0.0,
            25.0,
            44.283,
            2.236,
            33.377,
            36.069
        ],
        [
            49.578,
            18.248,
            14.142,
            35.228,
            23.087,
            17.088,
            27.731,
            29.732,
            14.142,
            8.0,
            25.0,
            0.0,
            20.0,
            23.537,
            15.0,
            19.026
        ],
        [
            55.009,
            19.925,
            14.142,
            45.706,
            21.095,
            6.0,
            30.871,
            49.193,
            10.198,
            25.612,
            44.283,
            20.0,
            0.0,
            42.544,
            25.0,
            16.553
        ],
        [
            43.174,
            30.48,
            31.401,
            25.71,
            35.0,
            40.522,
            31.953,
            7.071,
            37.656,
            23.195,
            2.236,
            23.537,
            42.544,
            0.0,
            32.757,
            33.941
        ],
        [
            64.537,
            32.311,
            26.926,
            49.679,
            36.688,
            19.313,
            42.544,
            37.054,
            14.866,
            9.849,
            33.377,
            15.0,
            25.0,
            32.757,
            0.0,
            32.016
        ],
        [
            38.471,
            4.123,
            5.099,
            30.017,
            5.0,
            19.849,
            14.318,
            41.012,
            21.401,
            27.019,
            36.069,
            19.026,
            16.553,
            33.941,
            32.016,
            0.0
        ]
    ],
    "distances_scv": [
        [
            0.0,
            0.118,
            0.195,
            0.134,
            0.144,
            0.166,
            0.144,
            0.1,
            0.126,
            0.147,
            0.176,
            0.161,
            0.143,
            0.119,
            0.178,
            0.119
        ],
        [
            0.172,
            0.0,
            0.155,
            0.138,
            0.12,
            0.117,
            0.164,
            0.128,
            0.101,
            0.119,
            0.192,
            0.171,
            0.158,
            0.14,
            0.182,
            0.126
        ],
        [
            0.163,
            0.101,
            0.0,
            0.197,
            0.171,
            0.108,
            0.159,
            0.132,
            0.192,
            0.102,
            0.101,
            0.11,
            0.134,
            0.188,
            0.156,
            0.166
        ],
        [
            0.104,
            0.117,
            0.138,
            0.0,
            0.175,
            0.157,
            0.128,
            0.118,
            0.142,
            0.126,
            0.176,
            0.189,
            0.18,
            0.112,
            0.179,
            0.102
        ],
        [
            0.114,
            0.17,
            0.132,
            0.183,
            0.0,
            0.164,
            0.16,
            0.191,
            0.183,
            0.103,
            0.198,
            0.143,
            0.13,
            0.187,
            0.192,
            0.177
        ],
        [
            0.172,
            0.101,
            0.128,
            0.181,
            0.2,
            0.0,
            0.176,
            0.111,
            0.175,
            0.136,
            0.108,
            0.118,
            0.157,
            0.147,
            0.169,
            0.135
        ],
        [
            0.16,
            0.138,
            0.177,
            0.101,
            0.159,
            0.159,
            0.0,
            0.176,
            0.163,
            0.195,
            0.119,
            0.142,
            0.186,
            0.194,
            0.169,
            0.135
        ],
        [
            0.174,
            0.145,
            0.153,
            0.168,
            0.193,
            0.101,
            0.17,
            0.0,
            0.137,
            0.124,
            0.157,
            0.103,
            0.18,
            0.149,
            0.166,
            0.178
        ],
        [
            0.102,
            0.119,
            0.142,
            0.161,
            0.137,
            0.128,
            0.103,
            0.143,
            0.0,
            0.103,
            0.16,
            0.12,
            0.197,
            0.181,
            0.122,
            0.197
        ],
        [
            0.131,
            0.169,
            0.126,
            0.129,
            0.106,
            0.129,
            0.141,
            0.103,
            0.101,
            0.0,
            0.188,
            0.141,
            0.192,
            0.148,
            0.156,
            0.137
        ],
        [
            0.178,
            0.134,
            0.181,
            0.139,
            0.113,
            0.142,
            0.103,
            0.139,
            0.139,
            0.171,
            0.0,
            0.116,
            0.161,
            0.184,
            0.168,
            0.123
        ],
        [
            0.142,
            0.193,
            0.152,
            0.168,
            0.131,
            0.179,
            0.156,
            0.179,
            0.128,
            0.123,
            0.118,
            0.0,
            0.108,
            0.135,
            0.166,
            0.128
        ],
        [
            0.126,
            0.123,
            0.147,
            0.176,
            0.126,
            0.153,
            0.199,
            0.15,
            0.127,
            0.184,
            0.191,
            0.175,
            0.0,
            0.15,
            0.132,
            0.192
        ],
        [
            0.101,
            0.187,
            0.126,
            0.115,
            0.184,
            0.179,
            0.104,
            0.129,
            0.109,
            0.175,
            0.19,
            0.129,
            0.136,
            0.0,
            0.11,
            0.106
        ],
        [
            0.172,
            0.121,
            0.147,
            0.127,
            0.152,
            0.155,
            0.135,
            0.126,
            0.191,
            0.194,
            0.147,
            0.14,
            0.152,
            0.154,
            0.0,
            0.143
        ],
        [
            0.134,
            0.195,
            0.165,
            0.113,
            0.155,
            0.182,
            0.156,
            0.126,
            0.136,
            0.173,
            0.156,
            0.102,
            0.132,
            0.174,
            0.106,
            0.0
        ]
    ],
    "service_scv": [
        0.0,
        0.492,
        0.273,
        0.448,
        0.387,
        0.415,
        0.336,
        0.303,
        0.352,
        0.419,
        0.48,
        0.456,
        0.393,
        0.472,
        0.111,
        0.104
    ],
    "service": [
        0.0,
        34.424,
        44.704,
        18.488,
        25.145,
        31.695,
        30.27,
        35.068,
        15.006,
        21.076,
        -1.502,
        30.836,
        46.052,
        -0.858,
        20.523,
        43.478
    ]
}
