{
    "coords": [
        [
            0,
            0
        ],
        [
            31,
            33
        ],
        [
            13,
            3
        ],
        [
            45,
            35
        ],
        [
            14,
            15
        ],
        [
            40,
            22
        ],
        [
            47,
            49
        ],
        [
            10,
            3
        ],
        [
            0,
            9
        ],
        [
            28,
            5
        ],
        [
            42,
            42
        ],
        [
            35,
            34
        ],
        [
            43,
            12
        ],
        [
            23,
            6
        ],
        [
            34,
            35
        ],
        [
            41,
            9
        ]
    ],
    "dimension": 16,
    "distances": [
        [
            0.0,
            45.277,
            13.342,
            57.009,
            20.518,
            45.651,
            67.897,
            10.44,
            9.0,
            28.443,
            59.397,
            48.795,
            44.643,
            23.77,
            48.795,
            41.976
        ],
        [
            45.277,
            0.0,
            34.986,
            14.142,
            24.759,
            14.213,
            22.627,
            36.62,
            39.205,
            28.16,
            14.213,
            4.123,
            24.187,
            28.16,
            3.606,
            26.0
        ],
        [
            13.342,
            34.986,
            0.0,
            45.255,
            12.042,
            33.015,
            57.201,
            3.0,
            14.318,
            15.133,
            48.6,
            38.013,
            31.321,
            10.44,
            38.275,
            28.636
        ],
        [
            57.009,
            14.142,
            45.255,
            0.0,
            36.892,
            13.928,
            14.142,
            47.424,
            51.971,
            34.482,
            7.616,
            10.05,
            23.087,
            36.401,
            11.0,
            26.306
        ],
        [
            20.518,
            24.759,
            12.042,
            36.892,
            0.0,
            26.926,
            47.381,
            12.649,
            15.232,
            17.205,
            38.897,
            28.32,
            29.155,
            12.728,
            28.284,
            27.659
        ],
        [
            45.651,
            14.213,
            33.015,
            13.928,
            26.926,
            0.0,
            27.893,
            35.511,
            42.059,
            20.809,
            20.1,
            13.0,
            10.44,
            23.345,
            14.318,
            13.038
        ],
        [
            67.897,
            22.627,
            57.201,
            14.142,
            47.381,
            27.893,
            0.0,
            59.034,
            61.717,
            47.927,
            8.602,
            19.209,
            37.216,
            49.244,
            19.105,
            40.447
        ],
        [
            10.44,
            36.62,
            3.0,
            47.424,
            12.649,
            35.511,
            59.034,
            0.0,
            11.662,
            18.111,
            50.448,
            39.825,
            34.205,
            13.342,
            40.0,
            31.575
        ],
        [
            9.0,
            39.205,
            14.318,
            51.971,
            15.232,
            42.059,
            61.717,
            11.662,
            0.0,
            28.284,
            53.413,
            43.012,
            43.105,
            23.195,
            42.802,
            41.0
        ],
        [
            28.443,
            28.16,
            15.133,
            34.482,
            17.205,
            20.809,
            47.927,
            18.111,
            28.284,
            0.0,
            39.56,
            29.833,
            16.553,
            5.099,
            30.594,
            13.601
        ],
        [
            59.397,
            14.213,
            48.6,
            7.616,
            38.897,
            20.1,
            8.602,
            50.448,
            53.413,
            39.56,
            0.0,
            10.63,
            30.017,
            40.706,
            10.63,
            33.015
        ],
        [
            48.795,
            4.123,
            38.013,
            10.05,
            28.32,
            13.0,
            19.209,
            39.825,
            43.012,
            29.833,
            10.63,
            0.0,
            23.409,
            30.463,
            1.414,
            25.71
        ],
        [
            44.643,
            24.187,
            31.321,
            23.087,
            29.155,
            10.44,
            37.216,
            34.205,
            43.105,
            16.553,
            30.017,
            23.409,
            0.0,
            20.881,
            24.698,
            3.606
        ],
        [
            23.77,
            28.16,
            10.44,
            36.401,
            12.728,
            23.345,
            49.244,
            13.342,
            23.195,
            5.099,
            40.706,
            30.463,
            20.881,
            0.0,
            31.016,
            18.248
        ],
        [
            48.795,
            3.606,
            38.275,
            11.0,
            28.284,
            14.318,
            19.105,
            40.0,
            42.802,
            30.594,
            10.63,
            1.414,
            24.698,
            31.016,
            0.0,
            26.926
        ],
        [
            41.976,
            26.0,
            28.636,
            26.306,
            27.659,
            13.038,
            40.447,
            31.575,
            41.0,
            13.601,
            33.015,
            25.71,
            3.606,
            18.248,
            26.926,
            0.0
        ]
    ],
    "distances_scv": [
        [
            0.0,
            0.171,
            0.107,
            0.131,
            0.151,
            0.163,
            0.14,
            0.199,
            0.177,
            0.101,
            0.133,
            0.102,
            0.184,
            0.111,
            0.136,
            0.179
        ],
        [
            0.138,
            0.0,
            0.126,
            0.133,
            0.157,
            0.177,
            0.155,
            0.102,
            0.185,
            0.141,
            0.176,
            0.123,
            0.104,
            0.136,
            0.181,
            0.197
        ],
        [
            0.155,
            0.179,
            0.0,
            0.103,
            0.126,
            0.112,
            0.172,
            0.111,
            0.136,
            0.121,
            0.189,
            0.18,
            0.16,
            0.122,
            0.163,
            0.149
        ],
        [
            0.154,
            0.187,
            0.161,
            0.0,
            0.105,
            0.133,
            0.118,
            0.123,
            0.123,
            0.125,
            0.144,
            0.128,
            0.181,
            0.157,
            0.128,
            0.161
        ],
        [
            0.111,
            0.198,
            0.179,
            0.159,
            0.0,
            0.102,
            0.136,
            0.114,
            0.168,
            0.163,
            0.191,
            0.189,
            0.196,
            0.126,
            0.127,
            0.167
        ],
        [
            0.17,
            0.168,
            0.164,
            0.125,
            0.181,
            0.0,
            0.146,
            0.138,
            0.161,
            0.115,
            0.169,
            0.104,
            0.19,
            0.17,
            0.188,
            0.18
        ],
        [
            0.186,
            0.189,
            0.121,
            0.11,
            0.121,
            0.135,
            0.0,
            0.115,
            0.118,
            0.117,
            0.116,
            0.162,
            0.188,
            0.178,
            0.109,
            0.113
        ],
        [
            0.147,
            0.116,
            0.134,
            0.196,
            0.144,
            0.145,
            0.171,
            0.0,
            0.117,
            0.19,
            0.125,
            0.199,
            0.112,
            0.186,
            0.153,
            0.19
        ],
        [
            0.124,
            0.159,
            0.112,
            0.113,
            0.187,
            0.191,
            0.144,
            0.191,
            0.0,
            0.165,
            0.157,
            0.174,
            0.146,
            0.16,
            0.125,
            0.134
        ],
        [
            0.125,
            0.115,
            0.176,
            0.127,
            0.153,
            0.19,
            0.139,
            0.182,
            0.117,
            0.0,
            0.176,
            0.139,
            0.115,
            0.104,
            0.112,
            0.192
        ],
        [
            0.13,
            0.131,
            0.104,
            0.151,
            0.144,
            0.179,
            0.164,
            0.17,
            0.13,
            0.169,
            0.0,
            0.165,
            0.102,
            0.123,
            0.119,
            0.153
        ],
        [
            0.124,
            0.173,
            0.163,
            0.136,
            0.129,
            0.138,
            0.176,
            0.133,
            0.139,
            0.103,
            0.15,
            0.0,
            0.143,
            0.181,
            0.138,
            0.165
        ],
        [
            0.107,
            0.131,
            0.13,
            0.176,
            0.157,
            0.138,
            0.13,
            0.108,
            0.137,
            0.126,
            0.132,
            0.171,
            0.0,
            0.197,
            0.161,
            0.139
        ],
        [
            0.18,
            0.188,
            0.119,
            0.144,
            0.173,
            0.161,
            0.11,
            0.188,
            0.137,
            0.165,
            0.137,
            0.183,
            0.136,
            0.0,
            0.154,
            0.179
        ],
        [
            0.119,
            0.102,
            0.145,
            0.126,
            0.175,
            0.137,
            0.116,
            0.192,
            0.16,
            0.145,
            0.17,
            0.11,
            0.104,
            0.186,
            0.0,
            0.199
        ],
        [
            0.124,
            0.131,
            0.135,
            0.179,
            0.144,
            0.199,
            0.14,
            0.156,
            0.14,
            0.141,
            0.126,
            0.153,
            0.181,
            0.136,
            0.168,
            0.0
        ]
    ],
    "service_scv": [
        0.0,
        0.263,
        0.465,
        0.415,
        0.145,
        0.439,
        0.313,
        0.327,
        0.123,
        0.144,
        0.241,
        0.168,
        0.366,
        0.346,
        0.162,
        0.359
    ],
    "service": [
        0.0,
        12.206,
        37.665,
        15.408,
        32.0,
        43.475,
        22.623,
        61.768,
        47.324,
        18.376,
        61.985,
        37.689,
        46.264,
        22.933,
        35.386,
        26.464
    ]
}
