{
    "coords": [
        [
            0,
            0
        ],
        [
            37,
            20
        ],
        [
            39,
            28
        ],
        [
            6,
            25
        ],
        [
            20,
            28
        ],
        [
            28,
            28
        ],
        [
            28,
            43
        ],
        [
            16,
            4
        ],
        [
            34,
            37
        ],
        [
            22,
            41
        ],
        [
            14,
            35
        ],
        [
            32,
            20
        ],
        [
            39,
            47
        ],
        [
            13,
            1
        ],
        [
            30,
            40
        ],
        [
            5,
            30
        ]
    ],
    "dimension": 16,
    "distances": [
        [
            0.0,
            42.059,
            48.01,
            25.71,
            34.409,
            39.598,
            51.313,
            16.492,
            50.249,
            46.53,
            37.696,
            37.736,
            61.074,
            13.038,
            50.0,
            30.414
        ],
        [
            42.059,
            0.0,
            8.246,
            31.401,
            18.788,
            12.042,
            24.698,
            26.401,
            17.263,
            25.807,
            27.459,
            5.0,
            27.074,
            30.61,
            21.19,
            33.526
        ],
        [
            48.01,
            8.246,
            0.0,
            33.136,
            19.0,
            11.0,
            18.601,
            33.242,
            10.296,
            21.401,
            25.962,
            10.63,
            19.0,
            37.483,
            15.0,
            34.059
        ],
        [
            25.71,
            31.401,
            33.136,
            0.0,
            14.318,
            22.204,
            28.425,
            23.259,
            30.463,
            22.627,
            12.806,
            26.476,
            39.661,
            25.0,
            28.302,
            5.099
        ],
        [
            34.409,
            18.788,
            19.0,
            14.318,
            0.0,
            8.0,
            17.0,
            24.331,
            16.643,
            13.153,
            9.22,
            14.422,
            26.87,
            27.893,
            15.62,
            15.133
        ],
        [
            39.598,
            12.042,
            11.0,
            22.204,
            8.0,
            0.0,
            15.0,
            26.833,
            10.817,
            14.318,
            15.652,
            8.944,
            21.954,
            30.887,
            12.166,
            23.087
        ],
        [
            51.313,
            24.698,
            18.601,
            28.425,
            17.0,
            15.0,
            0.0,
            40.804,
            8.485,
            6.325,
            16.125,
            23.345,
            11.705,
            44.598,
            3.606,
            26.42
        ],
        [
            16.492,
            26.401,
            33.242,
            23.259,
            24.331,
            26.833,
            40.804,
            0.0,
            37.59,
            37.483,
            31.064,
            22.627,
            48.765,
            4.243,
            38.626,
            28.231
        ],
        [
            50.249,
            17.263,
            10.296,
            30.463,
            16.643,
            10.817,
            8.485,
            37.59,
            0.0,
            12.649,
            20.1,
            17.117,
            11.18,
            41.677,
            5.0,
            29.833
        ],
        [
            46.53,
            25.807,
            21.401,
            22.627,
            13.153,
            14.318,
            6.325,
            37.483,
            12.649,
            0.0,
            10.0,
            23.259,
            18.028,
            41.0,
            8.062,
            20.248
        ],
        [
            37.696,
            27.459,
            25.962,
            12.806,
            9.22,
            15.652,
            16.125,
            31.064,
            20.1,
            10.0,
            0.0,
            23.431,
            27.731,
            34.015,
            16.763,
            10.296
        ],
        [
            37.736,
            5.0,
            10.63,
            26.476,
            14.422,
            8.944,
            23.345,
            22.627,
            17.117,
            23.259,
            23.431,
            0.0,
            27.893,
            26.87,
            20.1,
            28.792
        ],
        [
            61.074,
            27.074,
            19.0,
            39.661,
            26.87,
            21.954,
            11.705,
            48.765,
            11.18,
            18.028,
            27.731,
            27.893,
            0.0,
            52.839,
            11.402,
            38.013
        ],
        [
            13.038,
            30.61,
            37.483,
            25.0,
            27.893,
            30.887,
            44.598,
            4.243,
            41.677,
            41.0,
            34.015,
            26.87,
            52.839,
            0.0,
            42.544,
            30.083
        ],
        [
            50.0,
            21.19,
            15.0,
            28.302,
            15.62,
            12.166,
            3.606,
            38.626,
            5.0,
            8.062,
            16.763,
            20.1,
            11.402,
            42.544,
            0.0,
            26.926
        ],
        [
            30.414,
            33.526,
            34.059,
            5.099,
            15.133,
            23.087,
            26.42,
            28.231,
            29.833,
            20.248,
            10.296,
            28.792,
            38.013,
            30.083,
            26.926,
            0.0
        ]
    ],
    "distances_scv": [
        [
            0.0,
            0.233,
            0.251,
            0.17,
            0.357,
            0.276,
            0.386,
            0.249,
            0.122,
            0.386,
            0.393,
            0.133,
            0.286,
            0.282,
            0.466,
            0.339
        ],
        [
            0.223,
            0.0,
            0.229,
            0.391,
            0.175,
            0.186,
            0.158,
            0.428,
            0.177,
            0.206,
            0.181,
            0.421,
            0.301,
            0.183,
            0.462,
            0.426
        ],
        [
            0.224,
            0.233,
            0.0,
            0.138,
            0.387,
            0.431,
            0.375,
            0.201,
            0.44,
            0.197,
            0.202,
            0.365,
            0.199,
            0.416,
            0.23,
            0.44
        ],
        [
            0.441,
            0.336,
            0.451,
            0.0,
            0.237,
            0.213,
            0.412,
            0.157,
            0.392,
            0.319,
            0.115,
            0.185,
            0.299,
            0.193,
            0.374,
            0.394
        ],
        [
            0.489,
            0.458,
            0.349,
            0.365,
            0.0,
            0.145,
            0.134,
            0.455,
            0.432,
            0.279,
            0.19,
            0.136,
            0.406,
            0.225,
            0.345,
            0.261
        ],
        [
            0.276,
            0.272,
            0.218,
            0.346,
            0.31,
            0.0,
            0.401,
            0.428,
            0.314,
            0.382,
            0.376,
            0.34,
            0.214,
            0.259,
            0.241,
            0.248
        ],
        [
            0.273,
            0.233,
            0.13,
            0.211,
            0.363,
            0.248,
            0.0,
            0.455,
            0.252,
            0.262,
            0.194,
            0.149,
            0.318,
            0.447,
            0.412,
            0.27
        ],
        [
            0.289,
            0.283,
            0.317,
            0.109,
            0.332,
            0.195,
            0.163,
            0.0,
            0.493,
            0.444,
            0.352,
            0.11,
            0.251,
            0.357,
            0.146,
            0.34
        ],
        [
            0.188,
            0.475,
            0.234,
            0.148,
            0.113,
            0.172,
            0.383,
            0.162,
            0.0,
            0.236,
            0.471,
            0.46,
            0.252,
            0.242,
            0.312,
            0.468
        ],
        [
            0.454,
            0.16,
            0.437,
            0.407,
            0.352,
            0.385,
            0.303,
            0.371,
            0.335,
            0.0,
            0.397,
            0.361,
            0.182,
            0.267,
            0.411,
            0.231
        ],
        [
            0.252,
            0.256,
            0.124,
            0.288,
            0.446,
            0.211,
            0.473,
            0.243,
            0.233,
            0.142,
            0.0,
            0.155,
            0.243,
            0.38,
            0.203,
            0.215
        ],
        [
            0.109,
            0.281,
            0.106,
            0.107,
            0.406,
            0.429,
            0.221,
            0.327,
            0.158,
            0.447,
            0.439,
            0.0,
            0.223,
            0.331,
            0.358,
            0.483
        ],
        [
            0.145,
            0.474,
            0.253,
            0.375,
            0.141,
            0.262,
            0.25,
            0.499,
            0.118,
            0.195,
            0.481,
            0.45,
            0.0,
            0.482,
            0.332,
            0.448
        ],
        [
            0.464,
            0.435,
            0.304,
            0.138,
            0.128,
            0.369,
            0.304,
            0.196,
            0.119,
            0.182,
            0.301,
            0.186,
            0.338,
            0.0,
            0.148,
            0.443
        ],
        [
            0.444,
            0.464,
            0.483,
            0.345,
            0.181,
            0.432,
            0.481,
            0.213,
            0.406,
            0.202,
            0.483,
            0.397,
            0.14,
            0.351,
            0.0,
            0.47
        ],
        [
            0.465,
            0.36,
            0.224,
            0.345,
            0.151,
            0.29,
            0.208,
            0.173,
            0.309,
            0.483,
            0.327,
            0.151,
            0.331,
            0.327,
            0.305,
            0.0
        ]
    ],
    "service_scv": [
        0.0,
        0.545,
        0.947,
        1.434,
        1.172,
        0.67,
        0.861,
        0.529,
        1.151,
        0.704,
        0.563,
        0.767,
        0.62,
        1.319,
        0.725,
        1.181
    ],
    "service": [
        0.0,
        54.389,
        -3.364,
        42.873,
        33.747,
        45.989,
        38.802,
        18.53,
        20.053,
        13.389,
        46.954,
        18.994,
        33.12,
        24.734,
        -2.648,
        23.128
    ]
}
