{
    "coords": [
        [
            0,
            0
        ],
        [
            21,
            32
        ],
        [
            13,
            6
        ],
        [
            30,
            5
        ],
        [
            6,
            32
        ],
        [
            32,
            42
        ],
        [
            21,
            10
        ],
        [
            10,
            10
        ],
        [
            5,
            35
        ],
        [
            38,
            23
        ],
        [
            34,
            20
        ],
        [
            36,
            17
        ],
        [
            23,
            3
        ],
        [
            9,
            22
        ],
        [
            7,
            15
        ],
        [
            0,
            19
        ]
    ],
    "dimension": 16,
    "distances": [
        [
            0.0,
            38.275,
            14.318,
            30.414,
            32.558,
            52.802,
            23.259,
            14.142,
            35.355,
            44.418,
            39.446,
            39.812,
            23.195,
            23.77,
            16.553,
            19.0
        ],
        [
            38.275,
            0.0,
            27.203,
            28.46,
            15.0,
            14.866,
            22.0,
            24.597,
            16.279,
            19.235,
            17.692,
            21.213,
            29.069,
            15.62,
            22.023,
            24.698
        ],
        [
            14.318,
            27.203,
            0.0,
            17.029,
            26.926,
            40.706,
            8.944,
            5.0,
            30.083,
            30.232,
            25.239,
            25.495,
            10.44,
            16.492,
            10.817,
            18.385
        ],
        [
            30.414,
            28.46,
            17.029,
            0.0,
            36.125,
            37.054,
            10.296,
            20.616,
            39.051,
            19.698,
            15.524,
            13.416,
            7.28,
            27.019,
            25.08,
            33.106
        ],
        [
            32.558,
            15.0,
            26.926,
            36.125,
            0.0,
            27.857,
            26.627,
            22.361,
            3.162,
            33.242,
            30.463,
            33.541,
            33.615,
            10.44,
            17.029,
            14.318
        ],
        [
            52.802,
            14.866,
            40.706,
            37.054,
            27.857,
            0.0,
            33.838,
            38.833,
            27.893,
            19.925,
            22.091,
            25.318,
            40.025,
            30.48,
            36.797,
            39.408
        ],
        [
            23.259,
            22.0,
            8.944,
            10.296,
            26.627,
            33.838,
            0.0,
            11.0,
            29.682,
            21.401,
            16.401,
            16.553,
            7.28,
            16.971,
            14.866,
            22.847
        ],
        [
            14.142,
            24.597,
            5.0,
            20.616,
            22.361,
            38.833,
            11.0,
            0.0,
            25.495,
            30.871,
            26.0,
            26.926,
            14.765,
            12.042,
            5.831,
            13.454
        ],
        [
            35.355,
            16.279,
            30.083,
            39.051,
            3.162,
            27.893,
            29.682,
            25.495,
            0.0,
            35.114,
            32.65,
            35.847,
            36.715,
            13.601,
            20.1,
            16.763
        ],
        [
            44.418,
            19.235,
            30.232,
            19.698,
            33.242,
            19.925,
            21.401,
            30.871,
            35.114,
            0.0,
            5.0,
            6.325,
            25.0,
            29.017,
            32.016,
            38.21
        ],
        [
            39.446,
            17.692,
            25.239,
            15.524,
            30.463,
            22.091,
            16.401,
            26.0,
            32.65,
            5.0,
            0.0,
            3.606,
            20.248,
            25.08,
            27.459,
            34.015
        ],
        [
            39.812,
            21.213,
            25.495,
            13.416,
            33.541,
            25.318,
            16.553,
            26.926,
            35.847,
            6.325,
            3.606,
            0.0,
            19.105,
            27.459,
            29.069,
            36.056
        ],
        [
            23.195,
            29.069,
            10.44,
            7.28,
            33.615,
            40.025,
            7.28,
            14.765,
            36.715,
            25.0,
            20.248,
            19.105,
            0.0,
            23.601,
            20.0,
            28.018
        ],
        [
            23.77,
            15.62,
            16.492,
            27.019,
            10.44,
            30.48,
            16.971,
            12.042,
            13.601,
            29.017,
            25.08,
            27.459,
            23.601,
            0.0,
            7.28,
            9.487
        ],
        [
            16.553,
            22.023,
            10.817,
            25.08,
            17.029,
            36.797,
            14.866,
            5.831,
            20.1,
            32.016,
            27.459,
            29.069,
            20.0,
            7.28,
            0.0,
            8.062
        ],
        [
            19.0,
            24.698,
            18.385,
            33.106,
            14.318,
            39.408,
            22.847,
            13.454,
            16.763,
            38.21,
            34.015,
            36.056,
            28.018,
            9.487,
            8.062,
            0.0
        ]
    ],
    "distances_scv": [
        [
            0.0,
            0.373,
            0.35,
            0.397,
            0.107,
            0.362,
            0.317,
            0.441,
            0.476,
            0.105,
            0.431,
            0.201,
            0.35,
            0.406,
            0.439,
            0.476
        ],
        [
            0.354,
            0.0,
            0.299,
            0.193,
            0.164,
            0.299,
            0.398,
            0.28,
            0.373,
            0.15,
            0.489,
            0.29,
            0.431,
            0.392,
            0.412,
            0.253
        ],
        [
            0.144,
            0.282,
            0.0,
            0.259,
            0.497,
            0.224,
            0.413,
            0.167,
            0.337,
            0.239,
            0.197,
            0.257,
            0.474,
            0.331,
            0.307,
            0.421
        ],
        [
            0.301,
            0.145,
            0.152,
            0.0,
            0.287,
            0.184,
            0.487,
            0.208,
            0.413,
            0.227,
            0.398,
            0.311,
            0.115,
            0.385,
            0.217,
            0.274
        ],
        [
            0.386,
            0.498,
            0.279,
            0.369,
            0.0,
            0.366,
            0.164,
            0.498,
            0.158,
            0.367,
            0.126,
            0.135,
            0.449,
            0.4,
            0.139,
            0.212
        ],
        [
            0.128,
            0.474,
            0.439,
            0.411,
            0.379,
            0.0,
            0.113,
            0.123,
            0.22,
            0.331,
            0.432,
            0.277,
            0.2,
            0.354,
            0.481,
            0.294
        ],
        [
            0.325,
            0.216,
            0.401,
            0.159,
            0.368,
            0.187,
            0.0,
            0.301,
            0.43,
            0.327,
            0.463,
            0.28,
            0.106,
            0.49,
            0.407,
            0.429
        ],
        [
            0.431,
            0.151,
            0.45,
            0.134,
            0.224,
            0.164,
            0.293,
            0.0,
            0.184,
            0.332,
            0.165,
            0.293,
            0.378,
            0.106,
            0.454,
            0.402
        ],
        [
            0.401,
            0.39,
            0.484,
            0.158,
            0.133,
            0.396,
            0.107,
            0.352,
            0.0,
            0.47,
            0.139,
            0.241,
            0.404,
            0.239,
            0.217,
            0.172
        ],
        [
            0.108,
            0.312,
            0.126,
            0.288,
            0.393,
            0.267,
            0.343,
            0.481,
            0.172,
            0.0,
            0.368,
            0.303,
            0.236,
            0.165,
            0.251,
            0.322
        ],
        [
            0.489,
            0.209,
            0.444,
            0.414,
            0.247,
            0.33,
            0.111,
            0.492,
            0.297,
            0.161,
            0.0,
            0.449,
            0.395,
            0.493,
            0.211,
            0.321
        ],
        [
            0.276,
            0.355,
            0.212,
            0.373,
            0.287,
            0.253,
            0.38,
            0.209,
            0.232,
            0.499,
            0.256,
            0.0,
            0.486,
            0.475,
            0.468,
            0.139
        ],
        [
            0.422,
            0.184,
            0.36,
            0.442,
            0.399,
            0.124,
            0.338,
            0.168,
            0.431,
            0.191,
            0.182,
            0.242,
            0.0,
            0.461,
            0.171,
            0.436
        ],
        [
            0.268,
            0.498,
            0.354,
            0.188,
            0.303,
            0.397,
            0.432,
            0.287,
            0.251,
            0.394,
            0.141,
            0.382,
            0.258,
            0.0,
            0.135,
            0.201
        ],
        [
            0.215,
            0.222,
            0.487,
            0.442,
            0.135,
            0.331,
            0.48,
            0.424,
            0.12,
            0.396,
            0.412,
            0.461,
            0.333,
            0.275,
            0.0,
            0.338
        ],
        [
            0.212,
            0.215,
            0.312,
            0.129,
            0.295,
            0.201,
            0.285,
            0.175,
            0.398,
            0.446,
            0.377,
            0.458,
            0.454,
            0.336,
            0.401,
            0.0
        ]
    ],
    "service_scv": [
        0.0,
        0.368,
        0.324,
        0.193,
        0.423,
        0.322,
        0.329,
        0.255,
        0.491,
        0.123,
        0.201,
        0.386,
        0.222,
        0.402,
        0.399,
        0.265
    ],
    "service": [
        0.0,
        11.497,
        0.161,
        14.951,
        12.828,
        28.98,
        17.111,
        27.259,
        -0.264,
        52.349,
        36.16,
        17.169,
        34.943,
        48.729,
        42.863,
        28.825
    ]
}
