{
    "coords": [
        [
            0,
            0
        ],
        [
            35,
            40
        ],
        [
            12,
            17
        ],
        [
            10,
            2
        ],
        [
            22,
            28
        ],
        [
            48,
            7
        ],
        [
            49,
            35
        ],
        [
            23,
            17
        ],
        [
            34,
            22
        ],
        [
            13,
            48
        ],
        [
            10,
            39
        ],
        [
            4,
            42
        ],
        [
            7,
            27
        ],
        [
            26,
            47
        ],
        [
            44,
            0
        ],
        [
            46,
            44
        ]
    ],
    "dimension": 16,
    "distances": [
        [
            0.0,
            53.151,
            20.809,
            10.198,
            35.609,
            48.508,
            60.216,
            28.601,
            40.497,
            49.729,
            40.262,
            42.19,
            27.893,
            53.712,
            44.0,
            63.655
        ],
        [
            53.151,
            0.0,
            32.527,
            45.486,
            17.692,
            35.468,
            14.866,
            25.942,
            18.028,
            23.409,
            25.02,
            31.064,
            30.871,
            11.402,
            41.0,
            11.705
        ],
        [
            20.809,
            32.527,
            0.0,
            15.133,
            14.866,
            37.363,
            41.146,
            11.0,
            22.561,
            31.016,
            22.091,
            26.249,
            11.18,
            33.106,
            36.235,
            43.417
        ],
        [
            10.198,
            45.486,
            15.133,
            0.0,
            28.636,
            38.328,
            51.088,
            19.849,
            31.241,
            46.098,
            37.0,
            40.447,
            25.179,
            47.76,
            34.059,
            55.317
        ],
        [
            35.609,
            17.692,
            14.866,
            28.636,
            0.0,
            33.422,
            27.893,
            11.045,
            13.416,
            21.932,
            16.279,
            22.804,
            15.033,
            19.416,
            35.609,
            28.844
        ],
        [
            48.508,
            35.468,
            37.363,
            38.328,
            33.422,
            0.0,
            28.018,
            26.926,
            20.518,
            53.907,
            49.679,
            56.223,
            45.618,
            45.651,
            8.062,
            37.054
        ],
        [
            60.216,
            14.866,
            41.146,
            51.088,
            27.893,
            28.018,
            0.0,
            31.623,
            19.849,
            38.275,
            39.205,
            45.541,
            42.755,
            25.942,
            35.355,
            9.487
        ],
        [
            28.601,
            25.942,
            11.0,
            19.849,
            11.045,
            26.926,
            31.623,
            0.0,
            12.083,
            32.573,
            25.554,
            31.401,
            18.868,
            30.15,
            27.019,
            35.468
        ],
        [
            40.497,
            18.028,
            22.561,
            31.241,
            13.416,
            20.518,
            19.849,
            12.083,
            0.0,
            33.422,
            29.411,
            36.056,
            27.459,
            26.249,
            24.166,
            25.06
        ],
        [
            49.729,
            23.409,
            31.016,
            46.098,
            21.932,
            53.907,
            38.275,
            32.573,
            33.422,
            0.0,
            9.487,
            10.817,
            21.84,
            13.038,
            57.14,
            33.242
        ],
        [
            40.262,
            25.02,
            22.091,
            37.0,
            16.279,
            49.679,
            39.205,
            25.554,
            29.411,
            9.487,
            0.0,
            6.708,
            12.369,
            17.889,
            51.74,
            36.346
        ],
        [
            42.19,
            31.064,
            26.249,
            40.447,
            22.804,
            56.223,
            45.541,
            31.401,
            36.056,
            10.817,
            6.708,
            0.0,
            15.297,
            22.561,
            58.0,
            42.048
        ],
        [
            27.893,
            30.871,
            11.18,
            25.179,
            15.033,
            45.618,
            42.755,
            18.868,
            27.459,
            21.84,
            12.369,
            15.297,
            0.0,
            27.586,
            45.804,
            42.544
        ],
        [
            53.712,
            11.402,
            33.106,
            47.76,
            19.416,
            45.651,
            25.942,
            30.15,
            26.249,
            13.038,
            17.889,
            22.561,
            27.586,
            0.0,
            50.329,
            20.224
        ],
        [
            44.0,
            41.0,
            36.235,
            34.059,
            35.609,
            8.062,
            35.355,
            27.019,
            24.166,
            57.14,
            51.74,
            58.0,
            45.804,
            50.329,
            0.0,
            44.045
        ],
        [
            63.655,
            11.705,
            43.417,
            55.317,
            28.844,
            37.054,
            9.487,
            35.468,
            25.06,
            33.242,
            36.346,
            42.048,
            42.544,
            20.224,
            44.045,
            0.0
        ]
    ],
    "distances_scv": [
        [
            0.0,
            0.193,
            0.314,
            0.478,
            0.232,
            0.463,
            0.287,
            0.487,
            0.406,
            0.413,
            0.245,
            0.335,
            0.199,
            0.42,
            0.203,
            0.369
        ],
        [
            0.13,
            0.0,
            0.243,
            0.169,
            0.204,
            0.181,
            0.116,
            0.237,
            0.287,
            0.267,
            0.46,
            0.136,
            0.35,
            0.239,
            0.11,
            0.409
        ],
        [
            0.269,
            0.49,
            0.0,
            0.448,
            0.326,
            0.236,
            0.442,
            0.265,
            0.449,
            0.465,
            0.242,
            0.39,
            0.425,
            0.499,
            0.283,
            0.18
        ],
        [
            0.203,
            0.253,
            0.129,
            0.0,
            0.123,
            0.286,
            0.499,
            0.261,
            0.184,
            0.263,
            0.205,
            0.181,
            0.204,
            0.223,
            0.283,
            0.213
        ],
        [
            0.356,
            0.443,
            0.11,
            0.286,
            0.0,
            0.29,
            0.364,
            0.182,
            0.474,
            0.498,
            0.432,
            0.334,
            0.433,
            0.369,
            0.446,
            0.3
        ],
        [
            0.213,
            0.323,
            0.298,
            0.184,
            0.369,
            0.0,
            0.206,
            0.165,
            0.333,
            0.284,
            0.39,
            0.398,
            0.108,
            0.184,
            0.447,
            0.369
        ],
        [
            0.416,
            0.398,
            0.338,
            0.229,
            0.214,
            0.348,
            0.0,
            0.467,
            0.35,
            0.327,
            0.107,
            0.364,
            0.452,
            0.356,
            0.308,
            0.235
        ],
        [
            0.497,
            0.217,
            0.412,
            0.298,
            0.327,
            0.11,
            0.422,
            0.0,
            0.475,
            0.483,
            0.461,
            0.374,
            0.171,
            0.18,
            0.251,
            0.17
        ],
        [
            0.479,
            0.277,
            0.383,
            0.165,
            0.329,
            0.138,
            0.201,
            0.426,
            0.0,
            0.424,
            0.307,
            0.299,
            0.282,
            0.25,
            0.316,
            0.215
        ],
        [
            0.436,
            0.196,
            0.392,
            0.249,
            0.318,
            0.159,
            0.471,
            0.233,
            0.484,
            0.0,
            0.23,
            0.351,
            0.323,
            0.443,
            0.127,
            0.276
        ],
        [
            0.318,
            0.312,
            0.323,
            0.259,
            0.495,
            0.177,
            0.226,
            0.28,
            0.484,
            0.2,
            0.0,
            0.314,
            0.312,
            0.292,
            0.31,
            0.415
        ],
        [
            0.416,
            0.451,
            0.248,
            0.369,
            0.347,
            0.187,
            0.301,
            0.272,
            0.49,
            0.336,
            0.426,
            0.0,
            0.435,
            0.463,
            0.162,
            0.342
        ],
        [
            0.353,
            0.313,
            0.441,
            0.27,
            0.448,
            0.423,
            0.37,
            0.179,
            0.232,
            0.242,
            0.48,
            0.451,
            0.0,
            0.479,
            0.35,
            0.472
        ],
        [
            0.239,
            0.178,
            0.307,
            0.455,
            0.295,
            0.314,
            0.125,
            0.246,
            0.349,
            0.286,
            0.323,
            0.419,
            0.429,
            0.0,
            0.222,
            0.153
        ],
        [
            0.382,
            0.337,
            0.272,
            0.445,
            0.49,
            0.294,
            0.373,
            0.4,
            0.386,
            0.229,
            0.496,
            0.174,
            0.253,
            0.477,
            0.0,
            0.419
        ],
        [
            0.274,
            0.284,
            0.429,
            0.222,
            0.265,
            0.399,
            0.105,
            0.235,
            0.338,
            0.195,
            0.348,
            0.351,
            0.395,
            0.378,
            0.346,
            0.0
        ]
    ],
    "service_scv": [
        0.0,
        0.399,
        0.349,
        0.144,
        0.104,
        0.405,
        0.297,
        0.17,
        0.477,
        0.201,
        0.473,
        0.339,
        0.282,
        0.337,
        0.472,
        0.239
    ],
    "service": [
        0.0,
        25.38,
        40.2,
        47.45,
        25.652,
        29.46,
        23.178,
        14.514,
        27.128,
        35.114,
        30.15,
        26.186,
        1.657,
        34.88,
        32.337,
        52.858
    ]
}
