{
    "coords": [
        [
            0,
            0
        ],
        [
            44,
            25
        ],
        [
            47,
            48
        ],
        [
            48,
            4
        ],
        [
            22,
            30
        ],
        [
            14,
            18
        ],
        [
            31,
            40
        ],
        [
            29,
            8
        ],
        [
            33,
            43
        ],
        [
            10,
            27
        ],
        [
            16,
            45
        ],
        [
            3,
            23
        ],
        [
            44,
            21
        ],
        [
            6,
            39
        ],
        [
            48,
            49
        ],
        [
            46,
            18
        ]
    ],
    "dimension": 16,
    "distances": [
        [
            0.0,
            50.606,
            67.179,
            48.166,
            37.202,
            22.804,
            50.606,
            30.083,
            54.203,
            28.792,
            47.76,
            23.195,
            48.754,
            39.459,
            68.593,
            49.396
        ],
        [
            50.606,
            0.0,
            23.195,
            21.378,
            22.561,
            30.806,
            19.849,
            22.672,
            21.095,
            34.059,
            34.409,
            41.049,
            4.0,
            40.497,
            24.331,
            7.28
        ],
        [
            67.179,
            23.195,
            0.0,
            44.011,
            30.806,
            44.598,
            17.889,
            43.863,
            14.866,
            42.544,
            31.145,
            50.606,
            27.166,
            41.976,
            1.414,
            30.017
        ],
        [
            48.166,
            21.378,
            44.011,
            0.0,
            36.77,
            36.77,
            39.812,
            19.416,
            41.785,
            44.418,
            52.01,
            48.847,
            17.464,
            54.672,
            45.0,
            14.142
        ],
        [
            37.202,
            22.561,
            30.806,
            36.77,
            0.0,
            14.422,
            13.454,
            23.087,
            17.029,
            12.369,
            16.155,
            20.248,
            23.77,
            18.358,
            32.202,
            26.833
        ],
        [
            22.804,
            30.806,
            44.598,
            36.77,
            14.422,
            0.0,
            27.803,
            18.028,
            31.401,
            9.849,
            27.074,
            12.083,
            30.15,
            22.472,
            46.011,
            32.0
        ],
        [
            50.606,
            19.849,
            17.889,
            39.812,
            13.454,
            27.803,
            0.0,
            32.062,
            3.606,
            24.698,
            15.811,
            32.757,
            23.022,
            25.02,
            19.235,
            26.627
        ],
        [
            30.083,
            22.672,
            43.863,
            19.416,
            23.087,
            18.028,
            32.062,
            0.0,
            35.228,
            26.87,
            39.217,
            30.017,
            19.849,
            38.601,
            45.188,
            19.723
        ],
        [
            54.203,
            21.095,
            14.866,
            41.785,
            17.029,
            31.401,
            3.606,
            35.228,
            0.0,
            28.018,
            17.117,
            36.056,
            24.597,
            27.295,
            16.155,
            28.178
        ],
        [
            28.792,
            34.059,
            42.544,
            44.418,
            12.369,
            9.849,
            24.698,
            26.87,
            28.018,
            0.0,
            18.974,
            8.062,
            34.525,
            12.649,
            43.909,
            37.108
        ],
        [
            47.76,
            34.409,
            31.145,
            52.01,
            16.155,
            27.074,
            15.811,
            39.217,
            17.117,
            18.974,
            0.0,
            25.554,
            36.878,
            11.662,
            32.249,
            40.361
        ],
        [
            23.195,
            41.049,
            50.606,
            48.847,
            20.248,
            12.083,
            32.757,
            30.017,
            36.056,
            8.062,
            25.554,
            0.0,
            41.049,
            16.279,
            51.971,
            43.29
        ],
        [
            48.754,
            4.0,
            27.166,
            17.464,
            23.77,
            30.15,
            23.022,
            19.849,
            24.597,
            34.525,
            36.878,
            41.049,
            0.0,
            42.048,
            28.284,
            3.606
        ],
        [
            39.459,
            40.497,
            41.976,
            54.672,
            18.358,
            22.472,
            25.02,
            38.601,
            27.295,
            12.649,
            11.662,
            16.279,
            42.048,
            0.0,
            43.174,
            45.177
        ],
        [
            68.593,
            24.331,
            1.414,
            45.0,
            32.202,
            46.011,
            19.235,
            45.188,
            16.155,
            43.909,
            32.249,
            51.971,
            28.284,
            43.174,
            0.0,
            31.064
        ],
        [
            49.396,
            7.28,
            30.017,
            14.142,
            26.833,
            32.0,
            26.627,
            19.723,
            28.178,
            37.108,
            40.361,
            43.29,
            3.606,
            45.177,
            31.064,
            0.0
        ]
    ],
    "distances_scv": [
        [
            0.0,
            0.472,
            0.171,
            0.344,
            0.382,
            0.477,
            0.366,
            0.153,
            0.299,
            0.297,
            0.3,
            0.483,
            0.24,
            0.19,
            0.309,
            0.356
        ],
        [
            0.476,
            0.0,
            0.207,
            0.472,
            0.297,
            0.37,
            0.29,
            0.187,
            0.377,
            0.408,
            0.176,
            0.284,
            0.245,
            0.168,
            0.189,
            0.485
        ],
        [
            0.454,
            0.253,
            0.0,
            0.117,
            0.466,
            0.315,
            0.428,
            0.21,
            0.25,
            0.239,
            0.489,
            0.272,
            0.3,
            0.482,
            0.461,
            0.258
        ],
        [
            0.223,
            0.423,
            0.143,
            0.0,
            0.451,
            0.467,
            0.193,
            0.131,
            0.415,
            0.349,
            0.195,
            0.302,
            0.129,
            0.38,
            0.311,
            0.382
        ],
        [
            0.135,
            0.358,
            0.248,
            0.3,
            0.0,
            0.354,
            0.327,
            0.347,
            0.125,
            0.19,
            0.129,
            0.253,
            0.292,
            0.145,
            0.367,
            0.295
        ],
        [
            0.3,
            0.339,
            0.474,
            0.336,
            0.137,
            0.0,
            0.378,
            0.229,
            0.402,
            0.304,
            0.252,
            0.396,
            0.173,
            0.214,
            0.217,
            0.266
        ],
        [
            0.463,
            0.425,
            0.429,
            0.352,
            0.103,
            0.214,
            0.0,
            0.459,
            0.246,
            0.32,
            0.439,
            0.237,
            0.399,
            0.338,
            0.31,
            0.352
        ],
        [
            0.294,
            0.145,
            0.459,
            0.488,
            0.433,
            0.242,
            0.354,
            0.0,
            0.125,
            0.416,
            0.134,
            0.476,
            0.197,
            0.485,
            0.193,
            0.314
        ],
        [
            0.433,
            0.495,
            0.382,
            0.434,
            0.257,
            0.4,
            0.254,
            0.472,
            0.0,
            0.252,
            0.414,
            0.127,
            0.47,
            0.377,
            0.231,
            0.359
        ],
        [
            0.414,
            0.351,
            0.455,
            0.266,
            0.228,
            0.248,
            0.213,
            0.292,
            0.403,
            0.0,
            0.353,
            0.414,
            0.488,
            0.364,
            0.134,
            0.35
        ],
        [
            0.108,
            0.371,
            0.499,
            0.295,
            0.473,
            0.108,
            0.486,
            0.167,
            0.436,
            0.219,
            0.0,
            0.153,
            0.115,
            0.401,
            0.398,
            0.149
        ],
        [
            0.349,
            0.203,
            0.459,
            0.154,
            0.335,
            0.456,
            0.315,
            0.368,
            0.424,
            0.383,
            0.43,
            0.0,
            0.464,
            0.302,
            0.466,
            0.379
        ],
        [
            0.394,
            0.48,
            0.142,
            0.448,
            0.217,
            0.429,
            0.19,
            0.287,
            0.156,
            0.422,
            0.217,
            0.289,
            0.0,
            0.249,
            0.454,
            0.304
        ],
        [
            0.477,
            0.409,
            0.497,
            0.385,
            0.225,
            0.312,
            0.476,
            0.47,
            0.2,
            0.202,
            0.201,
            0.35,
            0.178,
            0.0,
            0.228,
            0.435
        ],
        [
            0.199,
            0.471,
            0.233,
            0.114,
            0.165,
            0.426,
            0.168,
            0.2,
            0.498,
            0.267,
            0.357,
            0.318,
            0.287,
            0.459,
            0.0,
            0.252
        ],
        [
            0.281,
            0.374,
            0.391,
            0.101,
            0.139,
            0.195,
            0.234,
            0.407,
            0.397,
            0.471,
            0.261,
            0.268,
            0.157,
            0.458,
            0.459,
            0.0
        ]
    ],
    "service_scv": [
        0.0,
        1.176,
        0.749,
        0.552,
        0.826,
        0.695,
        1.405,
        1.033,
        1.23,
        1.425,
        1.291,
        1.366,
        1.061,
        1.259,
        1.456,
        0.94
    ],
    "service": [
        0,
        23,
        21,
        27,
        14,
        18,
        7,
        26,
        17,
        10,
        23,
        23,
        10,
        23,
        9,
        19
    ]
}
