{
    "coords": [
        [
            0,
            0
        ],
        [
            13,
            23
        ],
        [
            44,
            6
        ],
        [
            12,
            26
        ],
        [
            12,
            20
        ],
        [
            17,
            3
        ],
        [
            1,
            4
        ],
        [
            33,
            49
        ],
        [
            46,
            34
        ],
        [
            46,
            22
        ],
        [
            27,
            32
        ],
        [
            20,
            13
        ],
        [
            35,
            15
        ],
        [
            27,
            3
        ],
        [
            10,
            2
        ],
        [
            30,
            40
        ]
    ],
    "dimension": 16,
    "distances": [
        [
            0.0,
            26.42,
            44.407,
            28.636,
            23.324,
            17.263,
            4.123,
            59.076,
            57.201,
            50.99,
            41.869,
            23.854,
            38.079,
            27.166,
            10.198,
            50.0
        ],
        [
            26.42,
            0.0,
            35.355,
            3.162,
            3.162,
            20.396,
            22.472,
            32.802,
            34.785,
            33.015,
            16.643,
            12.207,
            23.409,
            24.413,
            21.213,
            24.042
        ],
        [
            44.407,
            35.355,
            0.0,
            37.736,
            34.928,
            27.166,
            43.046,
            44.385,
            28.071,
            16.125,
            31.064,
            25.0,
            12.728,
            17.263,
            34.234,
            36.77
        ],
        [
            28.636,
            3.162,
            37.736,
            0.0,
            6.0,
            23.537,
            24.597,
            31.145,
            34.928,
            34.234,
            16.155,
            15.264,
            25.495,
            27.459,
            24.083,
            22.804
        ],
        [
            23.324,
            3.162,
            34.928,
            6.0,
            0.0,
            17.72,
            19.416,
            35.805,
            36.77,
            34.059,
            19.209,
            10.63,
            23.537,
            22.672,
            18.111,
            26.907
        ],
        [
            17.263,
            20.396,
            27.166,
            23.537,
            17.72,
            0.0,
            16.031,
            48.703,
            42.45,
            34.67,
            30.676,
            10.44,
            21.633,
            10.0,
            7.071,
            39.217
        ],
        [
            4.123,
            22.472,
            43.046,
            24.597,
            19.416,
            16.031,
            0.0,
            55.218,
            54.083,
            48.466,
            38.21,
            21.024,
            35.735,
            26.019,
            9.22,
            46.228
        ],
        [
            59.076,
            32.802,
            44.385,
            31.145,
            35.805,
            48.703,
            55.218,
            0.0,
            19.849,
            29.967,
            18.028,
            38.275,
            34.059,
            46.39,
            52.326,
            9.487
        ],
        [
            57.201,
            34.785,
            28.071,
            34.928,
            36.77,
            42.45,
            54.083,
            19.849,
            0.0,
            12.0,
            19.105,
            33.422,
            21.954,
            36.359,
            48.166,
            17.088
        ],
        [
            50.99,
            33.015,
            16.125,
            34.234,
            34.059,
            34.67,
            48.466,
            29.967,
            12.0,
            0.0,
            21.471,
            27.514,
            13.038,
            26.87,
            41.183,
            24.083
        ],
        [
            41.869,
            16.643,
            31.064,
            16.155,
            19.209,
            30.676,
            38.21,
            18.028,
            19.105,
            21.471,
            0.0,
            20.248,
            18.788,
            29.0,
            34.482,
            8.544
        ],
        [
            23.854,
            12.207,
            25.0,
            15.264,
            10.63,
            10.44,
            21.024,
            38.275,
            33.422,
            27.514,
            20.248,
            0.0,
            15.133,
            12.207,
            14.866,
            28.792
        ],
        [
            38.079,
            23.409,
            12.728,
            25.495,
            23.537,
            21.633,
            35.735,
            34.059,
            21.954,
            13.038,
            18.788,
            15.133,
            0.0,
            14.422,
            28.178,
            25.495
        ],
        [
            27.166,
            24.413,
            17.263,
            27.459,
            22.672,
            10.0,
            26.019,
            46.39,
            36.359,
            26.87,
            29.0,
            12.207,
            14.422,
            0.0,
            17.029,
            37.121
        ],
        [
            10.198,
            21.213,
            34.234,
            24.083,
            18.111,
            7.071,
            9.22,
            52.326,
            48.166,
            41.183,
            34.482,
            14.866,
            28.178,
            17.029,
            0.0,
            42.942
        ],
        [
            50.0,
            24.042,
            36.77,
            22.804,
            26.907,
            39.217,
            46.228,
            9.487,
            17.088,
            24.083,
            8.544,
            28.792,
            25.495,
            37.121,
            42.942,
            0.0
        ]
    ],
    "distances_scv": [
        [
            0.0,
            0.102,
            0.232,
            0.136,
            0.287,
            0.347,
            0.32,
            0.154,
            0.381,
            0.345,
            0.287,
            0.219,
            0.467,
            0.133,
            0.158,
            0.251
        ],
        [
            0.204,
            0.0,
            0.378,
            0.382,
            0.41,
            0.17,
            0.399,
            0.198,
            0.314,
            0.188,
            0.425,
            0.143,
            0.272,
            0.353,
            0.379,
            0.138
        ],
        [
            0.494,
            0.216,
            0.0,
            0.222,
            0.116,
            0.198,
            0.231,
            0.33,
            0.128,
            0.472,
            0.18,
            0.312,
            0.242,
            0.244,
            0.464,
            0.456
        ],
        [
            0.344,
            0.212,
            0.162,
            0.0,
            0.168,
            0.299,
            0.128,
            0.107,
            0.313,
            0.257,
            0.499,
            0.25,
            0.313,
            0.256,
            0.409,
            0.251
        ],
        [
            0.203,
            0.283,
            0.421,
            0.309,
            0.0,
            0.341,
            0.194,
            0.293,
            0.256,
            0.419,
            0.208,
            0.425,
            0.243,
            0.233,
            0.468,
            0.448
        ],
        [
            0.316,
            0.43,
            0.447,
            0.408,
            0.334,
            0.0,
            0.122,
            0.231,
            0.309,
            0.149,
            0.183,
            0.172,
            0.196,
            0.249,
            0.216,
            0.47
        ],
        [
            0.11,
            0.326,
            0.353,
            0.376,
            0.227,
            0.495,
            0.0,
            0.381,
            0.126,
            0.253,
            0.197,
            0.452,
            0.244,
            0.194,
            0.438,
            0.173
        ],
        [
            0.258,
            0.465,
            0.11,
            0.162,
            0.299,
            0.281,
            0.489,
            0.0,
            0.359,
            0.112,
            0.174,
            0.322,
            0.272,
            0.486,
            0.285,
            0.48
        ],
        [
            0.175,
            0.441,
            0.358,
            0.445,
            0.383,
            0.349,
            0.173,
            0.136,
            0.0,
            0.159,
            0.192,
            0.196,
            0.186,
            0.279,
            0.36,
            0.447
        ],
        [
            0.461,
            0.171,
            0.485,
            0.359,
            0.223,
            0.407,
            0.203,
            0.37,
            0.218,
            0.0,
            0.135,
            0.464,
            0.133,
            0.402,
            0.203,
            0.191
        ],
        [
            0.49,
            0.165,
            0.413,
            0.316,
            0.22,
            0.156,
            0.478,
            0.335,
            0.452,
            0.284,
            0.0,
            0.381,
            0.386,
            0.261,
            0.29,
            0.294
        ],
        [
            0.479,
            0.142,
            0.354,
            0.29,
            0.429,
            0.187,
            0.477,
            0.413,
            0.409,
            0.448,
            0.181,
            0.0,
            0.138,
            0.351,
            0.485,
            0.174
        ],
        [
            0.182,
            0.299,
            0.488,
            0.351,
            0.396,
            0.319,
            0.403,
            0.345,
            0.412,
            0.214,
            0.45,
            0.4,
            0.0,
            0.208,
            0.435,
            0.271
        ],
        [
            0.3,
            0.452,
            0.264,
            0.322,
            0.38,
            0.249,
            0.217,
            0.389,
            0.376,
            0.298,
            0.376,
            0.37,
            0.33,
            0.0,
            0.404,
            0.389
        ],
        [
            0.457,
            0.1,
            0.424,
            0.167,
            0.13,
            0.15,
            0.102,
            0.138,
            0.44,
            0.342,
            0.41,
            0.268,
            0.366,
            0.379,
            0.0,
            0.115
        ],
        [
            0.141,
            0.244,
            0.201,
            0.42,
            0.449,
            0.158,
            0.477,
            0.478,
            0.472,
            0.273,
            0.271,
            0.248,
            0.46,
            0.12,
            0.269,
            0.0
        ]
    ],
    "service_scv": [
        0.0,
        1.424,
        0.511,
        0.799,
        1.435,
        1.497,
        1.172,
        0.919,
        0.882,
        0.884,
        1.039,
        1.171,
        0.686,
        1.019,
        1.04,
        0.658
    ],
    "service": [
        0,
        22,
        20,
        24,
        9,
        25,
        27,
        8,
        2,
        17,
        4,
        7,
        6,
        13,
        1,
        11
    ]
}
