{
    "coords": [
        [
            0,
            0
        ],
        [
            11,
            49
        ],
        [
            8,
            15
        ],
        [
            32,
            39
        ],
        [
            31,
            43
        ],
        [
            2,
            19
        ],
        [
            28,
            21
        ],
        [
            19,
            18
        ],
        [
            2,
            5
        ],
        [
            27,
            23
        ],
        [
            47,
            12
        ],
        [
            42,
            12
        ],
        [
            7,
            9
        ],
        [
            19,
            9
        ],
        [
            44,
            40
        ],
        [
            40,
            21
        ]
    ],
    "dimension": 16,
    "distances": [
        [
            0.0,
            50.22,
            17.0,
            50.448,
            53.009,
            19.105,
            35.0,
            26.173,
            5.385,
            35.468,
            48.508,
            43.681,
            11.402,
            21.024,
            59.464,
            45.177
        ],
        [
            50.22,
            0.0,
            34.132,
            23.259,
            20.881,
            31.321,
            32.757,
            32.016,
            44.911,
            30.529,
            51.624,
            48.27,
            40.2,
            40.792,
            34.205,
            40.311
        ],
        [
            17.0,
            34.132,
            0.0,
            33.941,
            36.235,
            7.211,
            20.881,
            11.402,
            11.662,
            20.616,
            39.115,
            34.132,
            6.083,
            12.53,
            43.829,
            32.558
        ],
        [
            50.448,
            23.259,
            33.941,
            0.0,
            4.123,
            36.056,
            18.439,
            24.698,
            45.343,
            16.763,
            30.887,
            28.792,
            39.051,
            32.696,
            12.042,
            19.698
        ],
        [
            53.009,
            20.881,
            36.235,
            4.123,
            0.0,
            37.643,
            22.204,
            27.731,
            47.802,
            20.396,
            34.886,
            32.894,
            41.617,
            36.056,
            13.342,
            23.77
        ],
        [
            19.105,
            31.321,
            7.211,
            36.056,
            37.643,
            0.0,
            26.077,
            17.029,
            14.0,
            25.318,
            45.541,
            40.608,
            11.18,
            19.723,
            46.957,
            38.053
        ],
        [
            35.0,
            32.757,
            20.881,
            18.439,
            22.204,
            26.077,
            0.0,
            9.487,
            30.529,
            2.236,
            21.024,
            16.643,
            24.187,
            15.0,
            24.839,
            12.0
        ],
        [
            26.173,
            32.016,
            11.402,
            24.698,
            27.731,
            17.029,
            9.487,
            0.0,
            21.401,
            9.434,
            28.636,
            23.77,
            15.0,
            9.0,
            33.302,
            21.213
        ],
        [
            5.385,
            44.911,
            11.662,
            45.343,
            47.802,
            14.0,
            30.529,
            21.401,
            0.0,
            30.806,
            45.541,
            40.608,
            6.403,
            17.464,
            54.672,
            41.231
        ],
        [
            35.468,
            30.529,
            20.616,
            16.763,
            20.396,
            25.318,
            2.236,
            9.434,
            30.806,
            0.0,
            22.825,
            18.601,
            24.413,
            16.125,
            24.042,
            13.153
        ],
        [
            48.508,
            51.624,
            39.115,
            30.887,
            34.886,
            45.541,
            21.024,
            28.636,
            45.541,
            22.825,
            0.0,
            5.0,
            40.112,
            28.16,
            28.16,
            11.402
        ],
        [
            43.681,
            48.27,
            34.132,
            28.792,
            32.894,
            40.608,
            16.643,
            23.77,
            40.608,
            18.601,
            5.0,
            0.0,
            35.128,
            23.195,
            28.071,
            9.22
        ],
        [
            11.402,
            40.2,
            6.083,
            39.051,
            41.617,
            11.18,
            24.187,
            15.0,
            6.403,
            24.413,
            40.112,
            35.128,
            0.0,
            12.0,
            48.27,
            35.114
        ],
        [
            21.024,
            40.792,
            12.53,
            32.696,
            36.056,
            19.723,
            15.0,
            9.0,
            17.464,
            16.125,
            28.16,
            23.195,
            12.0,
            0.0,
            39.825,
            24.187
        ],
        [
            59.464,
            34.205,
            43.829,
            12.042,
            13.342,
            46.957,
            24.839,
            33.302,
            54.672,
            24.042,
            28.16,
            28.071,
            48.27,
            39.825,
            0.0,
            19.416
        ],
        [
            45.177,
            40.311,
            32.558,
            19.698,
            23.77,
            38.053,
            12.0,
            21.213,
            41.231,
            13.153,
            11.402,
            9.22,
            35.114,
            24.187,
            19.416,
            0.0
        ]
    ],
    "distances_scv": [
        [
            0.0,
            0.336,
            0.342,
            0.359,
            0.465,
            0.16,
            0.249,
            0.214,
            0.107,
            0.173,
            0.258,
            0.257,
            0.347,
            0.281,
            0.343,
            0.189
        ],
        [
            0.154,
            0.0,
            0.138,
            0.246,
            0.284,
            0.388,
            0.447,
            0.121,
            0.482,
            0.388,
            0.496,
            0.148,
            0.25,
            0.301,
            0.399,
            0.224
        ],
        [
            0.28,
            0.21,
            0.0,
            0.304,
            0.326,
            0.382,
            0.197,
            0.352,
            0.136,
            0.344,
            0.284,
            0.154,
            0.203,
            0.126,
            0.249,
            0.262
        ],
        [
            0.296,
            0.128,
            0.386,
            0.0,
            0.213,
            0.457,
            0.34,
            0.363,
            0.313,
            0.186,
            0.16,
            0.174,
            0.236,
            0.168,
            0.291,
            0.487
        ],
        [
            0.396,
            0.224,
            0.223,
            0.413,
            0.0,
            0.346,
            0.203,
            0.28,
            0.163,
            0.274,
            0.456,
            0.181,
            0.277,
            0.353,
            0.479,
            0.352
        ],
        [
            0.277,
            0.361,
            0.218,
            0.14,
            0.433,
            0.0,
            0.471,
            0.175,
            0.105,
            0.306,
            0.385,
            0.496,
            0.355,
            0.137,
            0.323,
            0.254
        ],
        [
            0.174,
            0.428,
            0.386,
            0.423,
            0.344,
            0.379,
            0.0,
            0.202,
            0.324,
            0.449,
            0.248,
            0.167,
            0.109,
            0.132,
            0.274,
            0.108
        ],
        [
            0.371,
            0.39,
            0.474,
            0.397,
            0.271,
            0.411,
            0.403,
            0.0,
            0.111,
            0.178,
            0.48,
            0.252,
            0.427,
            0.246,
            0.36,
            0.249
        ],
        [
            0.428,
            0.306,
            0.478,
            0.425,
            0.492,
            0.233,
            0.211,
            0.359,
            0.0,
            0.27,
            0.161,
            0.2,
            0.5,
            0.223,
            0.233,
            0.306
        ],
        [
            0.147,
            0.16,
            0.417,
            0.297,
            0.187,
            0.463,
            0.207,
            0.374,
            0.378,
            0.0,
            0.131,
            0.409,
            0.154,
            0.178,
            0.449,
            0.32
        ],
        [
            0.458,
            0.455,
            0.392,
            0.135,
            0.308,
            0.202,
            0.168,
            0.273,
            0.421,
            0.478,
            0.0,
            0.303,
            0.452,
            0.332,
            0.433,
            0.299
        ],
        [
            0.488,
            0.382,
            0.282,
            0.165,
            0.466,
            0.124,
            0.123,
            0.107,
            0.435,
            0.388,
            0.124,
            0.0,
            0.167,
            0.377,
            0.241,
            0.424
        ],
        [
            0.484,
            0.361,
            0.289,
            0.448,
            0.209,
            0.388,
            0.115,
            0.205,
            0.358,
            0.399,
            0.275,
            0.287,
            0.0,
            0.394,
            0.395,
            0.461
        ],
        [
            0.132,
            0.217,
            0.397,
            0.458,
            0.439,
            0.279,
            0.419,
            0.335,
            0.143,
            0.438,
            0.264,
            0.106,
            0.183,
            0.0,
            0.125,
            0.484
        ],
        [
            0.271,
            0.323,
            0.338,
            0.477,
            0.318,
            0.237,
            0.275,
            0.224,
            0.402,
            0.448,
            0.171,
            0.112,
            0.447,
            0.359,
            0.0,
            0.234
        ],
        [
            0.18,
            0.46,
            0.125,
            0.413,
            0.418,
            0.437,
            0.284,
            0.19,
            0.112,
            0.288,
            0.499,
            0.238,
            0.314,
            0.158,
            0.375,
            0.0
        ]
    ],
    "service_scv": [
        0.0,
        0.955,
        1.246,
        0.905,
        1.03,
        1.113,
        1.427,
        1.348,
        0.985,
        0.83,
        1.329,
        1.032,
        1.323,
        0.662,
        0.758,
        1.178
    ],
    "service": [
        0.0,
        15.616,
        34.905,
        21.587,
        25.316,
        23.967,
        46.306,
        33.592,
        45.84,
        24.249,
        26.126,
        53.886,
        4.943,
        16.478,
        26.978,
        56.966
    ]
}
