{
    "coords": [
        [
            0,
            0
        ],
        [
            8,
            11
        ],
        [
            9,
            40
        ],
        [
            43,
            29
        ],
        [
            1,
            4
        ],
        [
            16,
            21
        ],
        [
            31,
            23
        ],
        [
            13,
            7
        ],
        [
            34,
            36
        ],
        [
            1,
            5
        ],
        [
            22,
            19
        ],
        [
            44,
            25
        ],
        [
            21,
            21
        ],
        [
            33,
            29
        ],
        [
            8,
            36
        ],
        [
            37,
            47
        ]
    ],
    "dimension": 16,
    "distances": [
        [
            0.0,
            13.601,
            41.0,
            51.865,
            4.123,
            26.401,
            38.601,
            14.765,
            49.518,
            5.099,
            29.069,
            50.606,
            29.698,
            43.932,
            36.878,
            59.816
        ],
        [
            13.601,
            0.0,
            29.017,
            39.357,
            9.899,
            12.806,
            25.942,
            6.403,
            36.069,
            9.22,
            16.125,
            38.626,
            16.401,
            30.806,
            25.0,
            46.228
        ],
        [
            41.0,
            29.017,
            0.0,
            35.735,
            36.878,
            20.248,
            27.803,
            33.242,
            25.318,
            35.903,
            24.698,
            38.079,
            22.472,
            26.401,
            4.123,
            28.862
        ],
        [
            51.865,
            39.357,
            35.735,
            0.0,
            48.877,
            28.16,
            13.416,
            37.202,
            11.402,
            48.374,
            23.259,
            4.123,
            23.409,
            10.0,
            35.693,
            18.974
        ],
        [
            4.123,
            9.899,
            36.878,
            48.877,
            0.0,
            22.672,
            35.511,
            12.369,
            45.967,
            1.0,
            25.807,
            47.854,
            26.249,
            40.608,
            32.757,
            56.08
        ],
        [
            26.401,
            12.806,
            20.248,
            28.16,
            22.672,
            0.0,
            15.133,
            14.318,
            23.431,
            21.932,
            6.325,
            28.284,
            5.0,
            18.788,
            17.0,
            33.422
        ],
        [
            38.601,
            25.942,
            27.803,
            13.416,
            35.511,
            15.133,
            0.0,
            24.083,
            13.342,
            34.986,
            9.849,
            13.153,
            10.198,
            6.325,
            26.42,
            24.739
        ],
        [
            14.765,
            6.403,
            33.242,
            37.202,
            12.369,
            14.318,
            24.083,
            0.0,
            35.805,
            12.166,
            15.0,
            35.847,
            16.125,
            29.732,
            29.428,
            46.648
        ],
        [
            49.518,
            36.069,
            25.318,
            11.402,
            45.967,
            23.431,
            13.342,
            35.805,
            0.0,
            45.277,
            20.809,
            14.866,
            19.849,
            7.071,
            26.0,
            11.402
        ],
        [
            5.099,
            9.22,
            35.903,
            48.374,
            1.0,
            21.932,
            34.986,
            12.166,
            45.277,
            0.0,
            25.239,
            47.424,
            25.612,
            40.0,
            31.78,
            55.317
        ],
        [
            29.069,
            16.125,
            24.698,
            23.259,
            25.807,
            6.325,
            9.849,
            15.0,
            20.809,
            25.239,
            0.0,
            22.804,
            2.236,
            14.866,
            22.023,
            31.765
        ],
        [
            50.606,
            38.626,
            38.079,
            4.123,
            47.854,
            28.284,
            13.153,
            35.847,
            14.866,
            47.424,
            22.804,
            0.0,
            23.345,
            11.705,
            37.643,
            23.087
        ],
        [
            29.698,
            16.401,
            22.472,
            23.409,
            26.249,
            5.0,
            10.198,
            16.125,
            19.849,
            25.612,
            2.236,
            23.345,
            0.0,
            14.422,
            19.849,
            30.529
        ],
        [
            43.932,
            30.806,
            26.401,
            10.0,
            40.608,
            18.788,
            6.325,
            29.732,
            7.071,
            40.0,
            14.866,
            11.705,
            14.422,
            0.0,
            25.962,
            18.439
        ],
        [
            36.878,
            25.0,
            4.123,
            35.693,
            32.757,
            17.0,
            26.42,
            29.428,
            26.0,
            31.78,
            22.023,
            37.643,
            19.849,
            25.962,
            0.0,
            31.016
        ],
        [
            59.816,
            46.228,
            28.862,
            18.974,
            56.08,
            33.422,
            24.739,
            46.648,
            11.402,
            55.317,
            31.765,
            23.087,
            30.529,
            18.439,
            31.016,
            0.0
        ]
    ],
    "distances_scv": [
        [
            0.0,
            0.15,
            0.15,
            0.15,
            0.15,
            0.15,
            0.15,
            0.15,
            0.15,
            0.15,
            0.15,
            0.15,
            0.15,
            0.15,
            0.15,
            0.15
        ],
        [
            0.15,
            0.0,
            0.15,
            0.15,
            0.15,
            0.15,
            0.15,
            0.15,
            0.15,
            0.15,
            0.15,
            0.15,
            0.15,
            0.15,
            0.15,
            0.15
        ],
        [
            0.15,
            0.15,
            0.0,
            0.15,
            0.15,
            0.15,
            0.15,
            0.15,
            0.15,
            0.15,
            0.15,
            0.15,
            0.15,
            0.15,
            0.15,
            0.15
        ],
        [
            0.15,
            0.15,
            0.15,
            0.0,
            0.15,
            0.15,
            0.15,
            0.15,
            0.15,
            0.15,
            0.15,
            0.15,
            0.15,
            0.15,
            0.15,
            0.15
        ],
        [
            0.15,
            0.15,
            0.15,
            0.15,
            0.0,
            0.15,
            0.15,
            0.15,
            0.15,
            0.15,
            0.15,
            0.15,
            0.15,
            0.15,
            0.15,
            0.15
        ],
        [
            0.15,
            0.15,
            0.15,
            0.15,
            0.15,
            0.0,
            0.15,
            0.15,
            0.15,
            0.15,
            0.15,
            0.15,
            0.15,
            0.15,
            0.15,
            0.15
        ],
        [
            0.15,
            0.15,
            0.15,
            0.15,
            0.15,
            0.15,
            0.0,
            0.15,
            0.15,
            0.15,
            0.15,
            0.15,
            0.15,
            0.15,
            0.15,
            0.15
        ],
        [
            0.15,
            0.15,
            0.15,
            0.15,
            0.15,
            0.15,
            0.15,
            0.0,
            0.15,
            0.15,
            0.15,
            0.15,
            0.15,
            0.15,
            0.15,
            0.15
        ],
        [
            0.15,
            0.15,
            0.15,
            0.15,
            0.15,
            0.15,
            0.15,
            0.15,
            0.0,
            0.15,
            0.15,
            0.15,
            0.15,
            0.15,
            0.15,
            0.15
        ],
        [
            0.15,
            0.15,
            0.15,
            0.15,
            0.15,
            0.15,
            0.15,
            0.15,
            0.15,
            0.0,
            0.15,
            0.15,
            0.15,
            0.15,
            0.15,
            0.15
        ],
        [
            0.15,
            0.15,
            0.15,
            0.15,
            0.15,
            0.15,
            0.15,
            0.15,
            0.15,
            0.15,
            0.0,
            0.15,
            0.15,
            0.15,
            0.15,
            0.15
        ],
        [
            0.15,
            0.15,
            0.15,
            0.15,
            0.15,
            0.15,
            0.15,
            0.15,
            0.15,
            0.15,
            0.15,
            0.0,
            0.15,
            0.15,
            0.15,
            0.15
        ],
        [
            0.15,
            0.15,
            0.15,
            0.15,
            0.15,
            0.15,
            0.15,
            0.15,
            0.15,
            0.15,
            0.15,
            0.15,
            0.0,
            0.15,
            0.15,
            0.15
        ],
        [
            0.15,
            0.15,
            0.15,
            0.15,
            0.15,
            0.15,
            0.15,
            0.15,
            0.15,
            0.15,
            0.15,
            0.15,
            0.15,
            0.0,
            0.15,
            0.15
        ],
        [
            0.15,
            0.15,
            0.15,
            0.15,
            0.15,
            0.15,
            0.15,
            0.15,
            0.15,
            0.15,
            0.15,
            0.15,
            0.15,
            0.15,
            0.0,
            0.15
        ],
        [
            0.15,
            0.15,
            0.15,
            0.15,
            0.15,
            0.15,
            0.15,
            0.15,
            0.15,
            0.15,
            0.15,
            0.15,
            0.15,
            0.15,
            0.15,
            0.0
        ]
    ],
    "service_scv": [
        0.0,
        0.382,
        0.264,
        0.198,
        0.199,
        0.428,
        0.486,
        0.332,
        0.284,
        0.328,
        0.44,
        0.411,
        0.172,
        0.224,
        0.454,
        0.323
    ],
    "service": [
        0,
        58,
        31,
        45,
        43,
        49,
        50,
        47,
        32,
        36,
        46,
        46,
        37,
        58,
        35,
        58
    ]
}
