{
    "coords": [
        [
            0,
            0
        ],
        [
            16,
            12
        ],
        [
            19,
            36
        ],
        [
            23,
            31
        ],
        [
            5,
            46
        ],
        [
            8,
            1
        ],
        [
            27,
            41
        ],
        [
            35,
            24
        ],
        [
            42,
            21
        ],
        [
            35,
            24
        ],
        [
            34,
            6
        ],
        [
            6,
            3
        ],
        [
            42,
            36
        ],
        [
            27,
            33
        ],
        [
            17,
            19
        ],
        [
            5,
            26
        ]
    ],
    "dimension": 16,
    "distances": [
        [
            0.0,
            20.0,
            40.706,
            38.601,
            46.271,
            8.062,
            49.092,
            42.438,
            46.957,
            42.438,
            34.525,
            6.708,
            55.317,
            42.638,
            25.495,
            26.476
        ],
        [
            20.0,
            0.0,
            24.187,
            20.248,
            35.735,
            13.601,
            31.016,
            22.472,
            27.514,
            22.472,
            18.974,
            13.454,
            35.384,
            23.707,
            7.071,
            17.804
        ],
        [
            40.706,
            24.187,
            0.0,
            6.403,
            17.205,
            36.688,
            9.434,
            20.0,
            27.459,
            20.0,
            33.541,
            35.468,
            23.0,
            8.544,
            17.117,
            17.205
        ],
        [
            38.601,
            20.248,
            6.403,
            0.0,
            23.431,
            33.541,
            10.77,
            13.892,
            21.471,
            13.892,
            27.313,
            32.757,
            19.647,
            4.472,
            13.416,
            18.682
        ],
        [
            46.271,
            35.735,
            17.205,
            23.431,
            0.0,
            45.1,
            22.561,
            37.202,
            44.654,
            37.202,
            49.406,
            43.012,
            38.328,
            25.554,
            29.547,
            20.0
        ],
        [
            8.062,
            13.601,
            36.688,
            33.541,
            45.1,
            0.0,
            44.283,
            35.468,
            39.446,
            35.468,
            26.476,
            2.828,
            48.795,
            37.216,
            20.125,
            25.179
        ],
        [
            49.092,
            31.016,
            9.434,
            10.77,
            22.561,
            44.283,
            0.0,
            18.788,
            25.0,
            18.788,
            35.693,
            43.417,
            15.811,
            8.0,
            24.166,
            26.627
        ],
        [
            42.438,
            22.472,
            20.0,
            13.892,
            37.202,
            35.468,
            18.788,
            0.0,
            7.616,
            0.0,
            18.028,
            35.805,
            13.892,
            12.042,
            18.682,
            30.067
        ],
        [
            46.957,
            27.514,
            27.459,
            21.471,
            44.654,
            39.446,
            25.0,
            7.616,
            0.0,
            7.616,
            17.0,
            40.249,
            15.0,
            19.209,
            25.08,
            37.336
        ],
        [
            42.438,
            22.472,
            20.0,
            13.892,
            37.202,
            35.468,
            18.788,
            0.0,
            7.616,
            0.0,
            18.028,
            35.805,
            13.892,
            12.042,
            18.682,
            30.067
        ],
        [
            34.525,
            18.974,
            33.541,
            27.313,
            49.406,
            26.476,
            35.693,
            18.028,
            17.0,
            18.028,
            0.0,
            28.16,
            31.048,
            27.893,
            21.401,
            35.228
        ],
        [
            6.708,
            13.454,
            35.468,
            32.757,
            43.012,
            2.828,
            43.417,
            35.805,
            40.249,
            35.805,
            28.16,
            0.0,
            48.836,
            36.62,
            19.416,
            23.022
        ],
        [
            55.317,
            35.384,
            23.0,
            19.647,
            38.328,
            48.795,
            15.811,
            13.892,
            15.0,
            13.892,
            31.048,
            48.836,
            0.0,
            15.297,
            30.232,
            38.328
        ],
        [
            42.638,
            23.707,
            8.544,
            4.472,
            25.554,
            37.216,
            8.0,
            12.042,
            19.209,
            12.042,
            27.893,
            36.62,
            15.297,
            0.0,
            17.205,
            23.087
        ],
        [
            25.495,
            7.071,
            17.117,
            13.416,
            29.547,
            20.125,
            24.166,
            18.682,
            25.08,
            18.682,
            21.401,
            19.416,
            30.232,
            17.205,
            0.0,
            13.892
        ],
        [
            26.476,
            17.804,
            17.205,
            18.682,
            20.0,
            25.179,
            26.627,
            30.067,
            37.336,
            30.067,
            35.228,
            23.022,
            38.328,
            23.087,
            13.892,
            0.0
        ]
    ],
    "distances_scv": [
        [
            0.0,
            0.141,
            0.122,
            0.183,
            0.152,
            0.162,
            0.164,
            0.119,
            0.113,
            0.158,
            0.154,
            0.169,
            0.134,
            0.128,
            0.178,
            0.127
        ],
        [
            0.113,
            0.0,
            0.11,
            0.155,
            0.192,
            0.182,
            0.146,
            0.197,
            0.154,
            0.136,
            0.151,
            0.189,
            0.123,
            0.137,
            0.12,
            0.173
        ],
        [
            0.106,
            0.119,
            0.0,
            0.123,
            0.119,
            0.122,
            0.179,
            0.161,
            0.128,
            0.107,
            0.146,
            0.103,
            0.182,
            0.197,
            0.136,
            0.158
        ],
        [
            0.128,
            0.176,
            0.1,
            0.0,
            0.161,
            0.15,
            0.112,
            0.123,
            0.114,
            0.132,
            0.139,
            0.132,
            0.145,
            0.17,
            0.13,
            0.146
        ],
        [
            0.137,
            0.113,
            0.111,
            0.103,
            0.0,
            0.187,
            0.102,
            0.173,
            0.187,
            0.152,
            0.106,
            0.175,
            0.142,
            0.149,
            0.189,
            0.103
        ],
        [
            0.129,
            0.174,
            0.183,
            0.199,
            0.118,
            0.0,
            0.123,
            0.195,
            0.196,
            0.181,
            0.129,
            0.111,
            0.173,
            0.152,
            0.131,
            0.193
        ],
        [
            0.184,
            0.161,
            0.15,
            0.17,
            0.194,
            0.115,
            0.0,
            0.11,
            0.102,
            0.128,
            0.199,
            0.151,
            0.181,
            0.169,
            0.162,
            0.173
        ],
        [
            0.188,
            0.127,
            0.181,
            0.101,
            0.125,
            0.125,
            0.16,
            0.0,
            0.104,
            0.126,
            0.151,
            0.12,
            0.162,
            0.186,
            0.109,
            0.166
        ],
        [
            0.134,
            0.177,
            0.18,
            0.155,
            0.174,
            0.157,
            0.105,
            0.176,
            0.0,
            0.133,
            0.121,
            0.115,
            0.101,
            0.194,
            0.136,
            0.184
        ],
        [
            0.139,
            0.115,
            0.129,
            0.195,
            0.135,
            0.11,
            0.137,
            0.104,
            0.171,
            0.0,
            0.17,
            0.159,
            0.114,
            0.141,
            0.191,
            0.193
        ],
        [
            0.123,
            0.167,
            0.11,
            0.199,
            0.125,
            0.14,
            0.161,
            0.184,
            0.199,
            0.171,
            0.0,
            0.178,
            0.105,
            0.176,
            0.125,
            0.162
        ],
        [
            0.193,
            0.116,
            0.175,
            0.151,
            0.149,
            0.138,
            0.154,
            0.144,
            0.134,
            0.119,
            0.104,
            0.0,
            0.139,
            0.135,
            0.156,
            0.176
        ],
        [
            0.169,
            0.172,
            0.187,
            0.159,
            0.158,
            0.183,
            0.124,
            0.13,
            0.101,
            0.173,
            0.156,
            0.132,
            0.0,
            0.163,
            0.125,
            0.104
        ],
        [
            0.198,
            0.133,
            0.101,
            0.116,
            0.114,
            0.184,
            0.192,
            0.136,
            0.187,
            0.118,
            0.15,
            0.172,
            0.167,
            0.0,
            0.195,
            0.11
        ],
        [
            0.193,
            0.181,
            0.139,
            0.139,
            0.164,
            0.107,
            0.104,
            0.104,
            0.136,
            0.18,
            0.176,
            0.163,
            0.193,
            0.176,
            0.0,
            0.172
        ],
        [
            0.172,
            0.141,
            0.193,
            0.13,
            0.152,
            0.129,
            0.138,
            0.161,
            0.191,
            0.142,
            0.109,
            0.142,
            0.177,
            0.113,
            0.156,
            0.0
        ]
    ],
    "service_scv": [
        0.0,
        0.827,
        0.584,
        1.47,
        1.276,
        1.076,
        0.678,
        1.491,
        0.829,
        1.062,
        1.144,
        0.899,
        1.21,
        1.246,
        0.626,
        1.471
    ],
    "service": [
        0.0,
        28.054,
        19.373,
        23.562,
        17.013,
        45.248,
        33.544,
        40.315,
        -7.903,
        33.815,
        24.686,
        35.18,
        15.452,
        47.258,
        42.469,
        36.352
    ]
}
