{
    "coords": [
        [
            0,
            0
        ],
        [
            5,
            8
        ],
        [
            22,
            27
        ],
        [
            38,
            18
        ],
        [
            1,
            10
        ],
        [
            22,
            19
        ],
        [
            45,
            21
        ],
        [
            31,
            30
        ],
        [
            4,
            36
        ],
        [
            2,
            0
        ],
        [
            29,
            12
        ],
        [
            18,
            30
        ],
        [
            7,
            4
        ],
        [
            35,
            49
        ],
        [
            34,
            41
        ],
        [
            20,
            1
        ]
    ],
    "dimension": 16,
    "distances": [
        [
            0.0,
            9.434,
            34.828,
            42.048,
            10.05,
            29.069,
            49.659,
            43.139,
            36.222,
            2.0,
            31.385,
            34.986,
            8.062,
            60.216,
            53.263,
            20.025
        ],
        [
            9.434,
            0.0,
            25.495,
            34.482,
            4.472,
            20.248,
            42.059,
            34.059,
            28.018,
            8.544,
            24.331,
            25.554,
            4.472,
            50.804,
            43.932,
            16.553
        ],
        [
            34.828,
            25.495,
            0.0,
            18.358,
            27.019,
            8.0,
            23.77,
            9.487,
            20.125,
            33.601,
            16.553,
            5.0,
            27.459,
            25.554,
            18.439,
            26.077
        ],
        [
            42.048,
            34.482,
            18.358,
            0.0,
            37.855,
            16.031,
            7.616,
            13.892,
            38.471,
            40.249,
            10.817,
            23.324,
            34.015,
            31.145,
            23.345,
            24.759
        ],
        [
            10.05,
            4.472,
            27.019,
            37.855,
            0.0,
            22.847,
            45.354,
            36.056,
            26.173,
            10.05,
            28.071,
            26.249,
            8.485,
            51.74,
            45.277,
            21.024
        ],
        [
            29.069,
            20.248,
            8.0,
            16.031,
            22.847,
            0.0,
            23.087,
            14.213,
            24.759,
            27.586,
            9.899,
            11.705,
            21.213,
            32.696,
            25.06,
            18.111
        ],
        [
            49.659,
            42.059,
            23.77,
            7.616,
            45.354,
            23.087,
            0.0,
            16.643,
            43.658,
            47.854,
            18.358,
            28.46,
            41.629,
            29.732,
            22.825,
            32.016
        ],
        [
            43.139,
            34.059,
            9.487,
            13.892,
            36.056,
            14.213,
            16.643,
            0.0,
            27.659,
            41.725,
            18.111,
            13.0,
            35.384,
            19.416,
            11.402,
            31.016
        ],
        [
            36.222,
            28.018,
            20.125,
            38.471,
            26.173,
            24.759,
            43.658,
            27.659,
            0.0,
            36.056,
            34.655,
            15.232,
            32.14,
            33.615,
            30.414,
            38.484
        ],
        [
            2.0,
            8.544,
            33.601,
            40.249,
            10.05,
            27.586,
            47.854,
            41.725,
            36.056,
            0.0,
            29.547,
            34.0,
            6.403,
            59.076,
            52.01,
            18.028
        ],
        [
            31.385,
            24.331,
            16.553,
            10.817,
            28.071,
            9.899,
            18.358,
            18.111,
            34.655,
            29.547,
            0.0,
            21.095,
            23.409,
            37.483,
            29.428,
            14.213
        ],
        [
            34.986,
            25.554,
            5.0,
            23.324,
            26.249,
            11.705,
            28.46,
            13.0,
            15.232,
            34.0,
            21.095,
            0.0,
            28.231,
            25.495,
            19.416,
            29.069
        ],
        [
            8.062,
            4.472,
            27.459,
            34.015,
            8.485,
            21.213,
            41.629,
            35.384,
            32.14,
            6.403,
            23.409,
            28.231,
            0.0,
            53.0,
            45.804,
            13.342
        ],
        [
            60.216,
            50.804,
            25.554,
            31.145,
            51.74,
            32.696,
            29.732,
            19.416,
            33.615,
            59.076,
            37.483,
            25.495,
            53.0,
            0.0,
            8.062,
            50.289
        ],
        [
            53.263,
            43.932,
            18.439,
            23.345,
            45.277,
            25.06,
            22.825,
            11.402,
            30.414,
            52.01,
            29.428,
            19.416,
            45.804,
            8.062,
            0.0,
            42.379
        ],
        [
            20.025,
            16.553,
            26.077,
            24.759,
            21.024,
            18.111,
            32.016,
            31.016,
            38.484,
            18.028,
            14.213,
            29.069,
            13.342,
            50.289,
            42.379,
            0.0
        ]
    ],
    "distances_scv": [
        [
            0.0,
            0.161,
            0.101,
            0.118,
            0.116,
            0.146,
            0.157,
            0.145,
            0.192,
            0.181,
            0.14,
            0.12,
            0.136,
            0.186,
            0.135,
            0.199
        ],
        [
            0.157,
            0.0,
            0.166,
            0.166,
            0.151,
            0.128,
            0.163,
            0.148,
            0.165,
            0.154,
            0.112,
            0.191,
            0.102,
            0.131,
            0.117,
            0.134
        ],
        [
            0.162,
            0.155,
            0.0,
            0.149,
            0.184,
            0.135,
            0.155,
            0.15,
            0.102,
            0.123,
            0.108,
            0.125,
            0.101,
            0.129,
            0.137,
            0.165
        ],
        [
            0.184,
            0.142,
            0.163,
            0.0,
            0.123,
            0.12,
            0.145,
            0.179,
            0.159,
            0.17,
            0.173,
            0.162,
            0.124,
            0.144,
            0.151,
            0.101
        ],
        [
            0.13,
            0.136,
            0.101,
            0.156,
            0.0,
            0.109,
            0.125,
            0.19,
            0.144,
            0.126,
            0.186,
            0.146,
            0.163,
            0.19,
            0.154,
            0.116
        ],
        [
            0.171,
            0.194,
            0.142,
            0.166,
            0.187,
            0.0,
            0.178,
            0.147,
            0.155,
            0.192,
            0.181,
            0.113,
            0.141,
            0.168,
            0.181,
            0.116
        ],
        [
            0.17,
            0.152,
            0.108,
            0.152,
            0.145,
            0.144,
            0.0,
            0.137,
            0.176,
            0.134,
            0.186,
            0.17,
            0.175,
            0.14,
            0.117,
            0.101
        ],
        [
            0.141,
            0.147,
            0.139,
            0.11,
            0.104,
            0.188,
            0.139,
            0.0,
            0.183,
            0.157,
            0.186,
            0.195,
            0.164,
            0.1,
            0.164,
            0.149
        ],
        [
            0.179,
            0.136,
            0.169,
            0.137,
            0.158,
            0.145,
            0.121,
            0.132,
            0.0,
            0.162,
            0.189,
            0.16,
            0.117,
            0.154,
            0.126,
            0.138
        ],
        [
            0.1,
            0.196,
            0.152,
            0.157,
            0.109,
            0.113,
            0.188,
            0.185,
            0.167,
            0.0,
            0.193,
            0.168,
            0.16,
            0.115,
            0.123,
            0.122
        ],
        [
            0.104,
            0.141,
            0.105,
            0.191,
            0.162,
            0.133,
            0.126,
            0.174,
            0.19,
            0.199,
            0.0,
            0.145,
            0.197,
            0.159,
            0.18,
            0.139
        ],
        [
            0.187,
            0.196,
            0.127,
            0.133,
            0.142,
            0.196,
            0.107,
            0.161,
            0.158,
            0.177,
            0.108,
            0.0,
            0.179,
            0.195,
            0.154,
            0.152
        ],
        [
            0.171,
            0.12,
            0.183,
            0.102,
            0.163,
            0.184,
            0.113,
            0.136,
            0.127,
            0.178,
            0.118,
            0.14,
            0.0,
            0.104,
            0.138,
            0.118
        ],
        [
            0.127,
            0.117,
            0.139,
            0.104,
            0.124,
            0.122,
            0.168,
            0.169,
            0.141,
            0.111,
            0.153,
            0.152,
            0.152,
            0.0,
            0.127,
            0.102
        ],
        [
            0.113,
            0.114,
            0.131,
            0.127,
            0.143,
            0.186,
            0.192,
            0.139,
            0.157,
            0.194,
            0.167,
            0.105,
            0.142,
            0.177,
            0.0,
            0.194
        ],
        [
            0.122,
            0.178,
            0.167,
            0.167,
            0.133,
            0.131,
            0.143,
            0.169,
            0.137,
            0.196,
            0.159,
            0.144,
            0.163,
            0.113,
            0.17,
            0.0
        ]
    ],
    "service_scv": [
        0.0,
        0.233,
        0.165,
        0.48,
        0.225,
        0.29,
        0.246,
        0.429,
        0.424,
        0.447,
        0.216,
        0.351,
        0.104,
        0.211,
        0.308,
        0.233
    ],
    "service": [
        0,
        25,
        3,
        2,
        1,
        21,
        2,
        23,
        3,
        7,
        17,
        4,
        30,
        23,
        19,
        9
    ]
}
