{
    "coords": [
        [
            0,
            0
        ],
        [
            37,
            21
        ],
        [
            19,
            4
        ],
        [
            31,
            29
        ],
        [
            12,
            39
        ],
        [
            9,
            43
        ],
        [
            0,
            16
        ],
        [
            38,
            5
        ],
        [
            7,
            19
        ],
        [
            35,
            29
        ],
        [
            8,
            12
        ],
        [
            14,
            32
        ],
        [
            36,
            45
        ],
        [
            31,
            19
        ],
        [
            13,
            23
        ],
        [
            21,
            38
        ]
    ],
    "dimension": 16,
    "distances": [
        [
            0.0,
            42.544,
            19.416,
            42.45,
            40.804,
            43.932,
            16.0,
            38.328,
            20.248,
            45.453,
            14.422,
            34.928,
            57.628,
            36.359,
            26.42,
            43.417
        ],
        [
            42.544,
            0.0,
            24.759,
            10.0,
            30.806,
            35.609,
            37.336,
            16.031,
            30.067,
            8.246,
            30.364,
            25.495,
            24.021,
            6.325,
            24.083,
            23.345
        ],
        [
            19.416,
            24.759,
            0.0,
            27.731,
            35.693,
            40.262,
            22.472,
            19.026,
            19.209,
            29.682,
            13.601,
            28.443,
            44.385,
            19.209,
            19.925,
            34.059
        ],
        [
            42.45,
            10.0,
            27.731,
            0.0,
            21.471,
            26.077,
            33.615,
            25.0,
            26.0,
            4.0,
            28.601,
            17.263,
            16.763,
            10.0,
            18.974,
            13.454
        ],
        [
            40.804,
            30.806,
            35.693,
            21.471,
            0.0,
            5.0,
            25.942,
            42.802,
            20.616,
            25.08,
            27.295,
            7.28,
            24.739,
            27.586,
            16.031,
            9.055
        ],
        [
            43.932,
            35.609,
            40.262,
            26.077,
            5.0,
            0.0,
            28.46,
            47.802,
            24.083,
            29.53,
            31.016,
            12.083,
            27.074,
            32.558,
            20.396,
            13.0
        ],
        [
            16.0,
            37.336,
            22.472,
            33.615,
            25.942,
            28.46,
            0.0,
            39.56,
            7.616,
            37.336,
            8.944,
            21.26,
            46.228,
            31.145,
            14.765,
            30.414
        ],
        [
            38.328,
            16.031,
            19.026,
            25.0,
            42.802,
            47.802,
            39.56,
            0.0,
            34.015,
            24.187,
            30.806,
            36.125,
            40.05,
            15.652,
            30.806,
            37.121
        ],
        [
            20.248,
            30.067,
            19.209,
            26.0,
            20.616,
            24.083,
            7.616,
            34.015,
            0.0,
            29.732,
            7.071,
            14.765,
            38.949,
            24.0,
            7.211,
            23.601
        ],
        [
            45.453,
            8.246,
            29.682,
            4.0,
            25.08,
            29.53,
            37.336,
            24.187,
            29.732,
            0.0,
            31.906,
            21.213,
            16.031,
            10.77,
            22.804,
            16.643
        ],
        [
            14.422,
            30.364,
            13.601,
            28.601,
            27.295,
            31.016,
            8.944,
            30.806,
            7.071,
            31.906,
            0.0,
            20.881,
            43.278,
            24.042,
            12.083,
            29.069
        ],
        [
            34.928,
            25.495,
            28.443,
            17.263,
            7.28,
            12.083,
            21.26,
            36.125,
            14.765,
            21.213,
            20.881,
            0.0,
            25.554,
            21.401,
            9.055,
            9.22
        ],
        [
            57.628,
            24.021,
            44.385,
            16.763,
            24.739,
            27.074,
            46.228,
            40.05,
            38.949,
            16.031,
            43.278,
            25.554,
            0.0,
            26.476,
            31.828,
            16.553
        ],
        [
            36.359,
            6.325,
            19.209,
            10.0,
            27.586,
            32.558,
            31.145,
            15.652,
            24.0,
            10.77,
            24.042,
            21.401,
            26.476,
            0.0,
            18.439,
            21.471
        ],
        [
            26.42,
            24.083,
            19.925,
            18.974,
            16.031,
            20.396,
            14.765,
            30.806,
            7.211,
            22.804,
            12.083,
            9.055,
            31.828,
            18.439,
            0.0,
            17.0
        ],
        [
            43.417,
            23.345,
            34.059,
            13.454,
            9.055,
            13.0,
            30.414,
            37.121,
            23.601,
            16.643,
            29.069,
            9.22,
            16.553,
            21.471,
            17.0,
            0.0
        ]
    ],
    "distances_scv": [
        [
            0.0,
            0.174,
            0.151,
            0.188,
            0.116,
            0.16,
            0.109,
            0.197,
            0.143,
            0.112,
            0.19,
            0.193,
            0.123,
            0.132,
            0.118,
            0.139
        ],
        [
            0.148,
            0.0,
            0.133,
            0.126,
            0.111,
            0.115,
            0.198,
            0.118,
            0.183,
            0.19,
            0.163,
            0.168,
            0.13,
            0.116,
            0.195,
            0.126
        ],
        [
            0.194,
            0.18,
            0.0,
            0.139,
            0.141,
            0.144,
            0.117,
            0.144,
            0.112,
            0.164,
            0.124,
            0.146,
            0.156,
            0.133,
            0.179,
            0.2
        ],
        [
            0.196,
            0.146,
            0.146,
            0.0,
            0.157,
            0.137,
            0.163,
            0.144,
            0.194,
            0.141,
            0.186,
            0.139,
            0.158,
            0.166,
            0.199,
            0.13
        ],
        [
            0.165,
            0.137,
            0.122,
            0.138,
            0.0,
            0.158,
            0.153,
            0.184,
            0.156,
            0.139,
            0.115,
            0.142,
            0.122,
            0.152,
            0.124,
            0.142
        ],
        [
            0.191,
            0.14,
            0.195,
            0.133,
            0.183,
            0.0,
            0.178,
            0.188,
            0.16,
            0.163,
            0.133,
            0.166,
            0.197,
            0.16,
            0.192,
            0.103
        ],
        [
            0.134,
            0.137,
            0.19,
            0.104,
            0.105,
            0.149,
            0.0,
            0.123,
            0.193,
            0.138,
            0.141,
            0.135,
            0.137,
            0.122,
            0.196,
            0.12
        ],
        [
            0.102,
            0.191,
            0.19,
            0.105,
            0.142,
            0.165,
            0.102,
            0.0,
            0.131,
            0.129,
            0.162,
            0.192,
            0.19,
            0.185,
            0.145,
            0.194
        ],
        [
            0.196,
            0.198,
            0.157,
            0.138,
            0.161,
            0.158,
            0.112,
            0.158,
            0.0,
            0.143,
            0.107,
            0.179,
            0.177,
            0.188,
            0.128,
            0.111
        ],
        [
            0.109,
            0.178,
            0.144,
            0.105,
            0.151,
            0.115,
            0.122,
            0.167,
            0.11,
            0.0,
            0.121,
            0.155,
            0.105,
            0.189,
            0.187,
            0.116
        ],
        [
            0.153,
            0.104,
            0.199,
            0.153,
            0.167,
            0.112,
            0.126,
            0.123,
            0.131,
            0.144,
            0.0,
            0.134,
            0.102,
            0.191,
            0.165,
            0.164
        ],
        [
            0.197,
            0.105,
            0.113,
            0.199,
            0.136,
            0.181,
            0.164,
            0.127,
            0.123,
            0.175,
            0.15,
            0.0,
            0.138,
            0.106,
            0.2,
            0.113
        ],
        [
            0.164,
            0.138,
            0.115,
            0.123,
            0.175,
            0.111,
            0.122,
            0.171,
            0.13,
            0.101,
            0.18,
            0.102,
            0.0,
            0.13,
            0.14,
            0.171
        ],
        [
            0.11,
            0.117,
            0.112,
            0.101,
            0.152,
            0.169,
            0.198,
            0.158,
            0.171,
            0.116,
            0.151,
            0.115,
            0.188,
            0.0,
            0.145,
            0.18
        ],
        [
            0.105,
            0.105,
            0.152,
            0.19,
            0.194,
            0.126,
            0.177,
            0.196,
            0.156,
            0.188,
            0.149,
            0.169,
            0.11,
            0.179,
            0.0,
            0.104
        ],
        [
            0.177,
            0.173,
            0.166,
            0.11,
            0.158,
            0.122,
            0.181,
            0.163,
            0.194,
            0.135,
            0.126,
            0.13,
            0.136,
            0.18,
            0.156,
            0.0
        ]
    ],
    "service_scv": [
        0.0,
        0.69,
        1.004,
        0.955,
        0.513,
        0.541,
        1.059,
        1.069,
        0.523,
        0.769,
        1.476,
        0.989,
        0.99,
        1.203,
        1.082,
        1.324
    ],
    "service": [
        0.0,
        29.662,
        17.8,
        13.222,
        19.812,
        40.781,
        51.359,
        31.398,
        35.226,
        7.93,
        27.425,
        46.476,
        45.8,
        11.453,
        23.459,
        21.673
    ]
}
