{
    "coords": [
        [
            0,
            0
        ],
        [
            34,
            44
        ],
        [
            28,
            38
        ],
        [
            41,
            11
        ],
        [
            2,
            15
        ],
        [
            14,
            43
        ],
        [
            45,
            0
        ],
        [
            24,
            41
        ],
        [
            6,
            39
        ],
        [
            5,
            23
        ],
        [
            40,
            15
        ],
        [
            17,
            13
        ],
        [
            35,
            12
        ],
        [
            49,
            22
        ],
        [
            23,
            25
        ],
        [
            29,
            27
        ]
    ],
    "dimension": 16,
    "distances": [
        [
            0.0,
            55.606,
            47.202,
            42.45,
            15.133,
            45.222,
            45.0,
            47.508,
            39.459,
            23.537,
            42.72,
            21.401,
            37.0,
            53.712,
            33.971,
            39.623
        ],
        [
            55.606,
            0.0,
            8.485,
            33.734,
            43.186,
            20.025,
            45.354,
            10.44,
            28.443,
            35.805,
            29.614,
            35.355,
            32.016,
            26.627,
            21.954,
            17.72
        ],
        [
            47.202,
            8.485,
            0.0,
            29.967,
            34.713,
            14.866,
            41.629,
            5.0,
            22.023,
            27.459,
            25.942,
            27.313,
            26.926,
            26.401,
            13.928,
            11.045
        ],
        [
            42.45,
            33.734,
            29.967,
            0.0,
            39.205,
            41.869,
            11.705,
            34.482,
            44.822,
            37.947,
            4.123,
            24.083,
            6.083,
            13.601,
            22.804,
            20.0
        ],
        [
            15.133,
            43.186,
            34.713,
            39.205,
            0.0,
            30.463,
            45.541,
            34.059,
            24.331,
            8.544,
            38.0,
            15.133,
            33.136,
            47.518,
            23.259,
            29.547
        ],
        [
            45.222,
            20.025,
            14.866,
            41.869,
            30.463,
            0.0,
            53.009,
            10.198,
            8.944,
            21.932,
            38.21,
            30.15,
            37.443,
            40.817,
            20.125,
            21.932
        ],
        [
            45.0,
            45.354,
            41.629,
            11.705,
            45.541,
            53.009,
            0.0,
            46.065,
            55.154,
            46.141,
            15.811,
            30.871,
            15.62,
            22.361,
            33.302,
            31.385
        ],
        [
            47.508,
            10.44,
            5.0,
            34.482,
            34.059,
            10.198,
            46.065,
            0.0,
            18.111,
            26.173,
            30.529,
            28.862,
            31.016,
            31.401,
            16.031,
            14.866
        ],
        [
            39.459,
            28.443,
            22.023,
            44.822,
            24.331,
            8.944,
            55.154,
            18.111,
            0.0,
            16.031,
            41.617,
            28.231,
            39.623,
            46.239,
            22.023,
            25.942
        ],
        [
            23.537,
            35.805,
            27.459,
            37.947,
            8.544,
            21.932,
            46.141,
            26.173,
            16.031,
            0.0,
            35.903,
            15.62,
            31.953,
            44.011,
            18.111,
            24.331
        ],
        [
            42.72,
            29.614,
            25.942,
            4.123,
            38.0,
            38.21,
            15.811,
            30.529,
            41.617,
            35.903,
            0.0,
            23.087,
            5.831,
            11.402,
            19.723,
            16.279
        ],
        [
            21.401,
            35.355,
            27.313,
            24.083,
            15.133,
            30.15,
            30.871,
            28.862,
            28.231,
            15.62,
            23.087,
            0.0,
            18.028,
            33.242,
            13.416,
            18.439
        ],
        [
            37.0,
            32.016,
            26.926,
            6.083,
            33.136,
            37.443,
            15.62,
            31.016,
            39.623,
            31.953,
            5.831,
            18.028,
            0.0,
            17.205,
            17.692,
            16.155
        ],
        [
            53.712,
            26.627,
            26.401,
            13.601,
            47.518,
            40.817,
            22.361,
            31.401,
            46.239,
            44.011,
            11.402,
            33.242,
            17.205,
            0.0,
            26.173,
            20.616
        ],
        [
            33.971,
            21.954,
            13.928,
            22.804,
            23.259,
            20.125,
            33.302,
            16.031,
            22.023,
            18.111,
            19.723,
            13.416,
            17.692,
            26.173,
            0.0,
            6.325
        ],
        [
            39.623,
            17.72,
            11.045,
            20.0,
            29.547,
            21.932,
            31.385,
            14.866,
            25.942,
            24.331,
            16.279,
            18.439,
            16.155,
            20.616,
            6.325,
            0.0
        ]
    ],
    "distances_scv": [
        [
            0.0,
            0.15,
            0.15,
            0.15,
            0.15,
            0.15,
            0.15,
            0.15,
            0.15,
            0.15,
            0.15,
            0.15,
            0.15,
            0.15,
            0.15,
            0.15
        ],
        [
            0.15,
            0.0,
            0.15,
            0.15,
            0.15,
            0.15,
            0.15,
            0.15,
            0.15,
            0.15,
            0.15,
            0.15,
            0.15,
            0.15,
            0.15,
            0.15
        ],
        [
            0.15,
            0.15,
            0.0,
            0.15,
            0.15,
            0.15,
            0.15,
            0.15,
            0.15,
            0.15,
            0.15,
            0.15,
            0.15,
            0.15,
            0.15,
            0.15
        ],
        [
            0.15,
            0.15,
            0.15,
            0.0,
            0.15,
            0.15,
            0.15,
            0.15,
            0.15,
            0.15,
            0.15,
            0.15,
            0.15,
            0.15,
            0.15,
            0.15
        ],
        [
            0.15,
            0.15,
            0.15,
            0.15,
            0.0,
            0.15,
            0.15,
            0.15,
            0.15,
            0.15,
            0.15,
            0.15,
            0.15,
            0.15,
            0.15,
            0.15
        ],
        [
            0.15,
            0.15,
            0.15,
            0.15,
            0.15,
            0.0,
            0.15,
            0.15,
            0.15,
            0.15,
            0.15,
            0.15,
            0.15,
            0.15,
            0.15,
            0.15
        ],
        [
            0.15,
            0.15,
            0.15,
            0.15,
            0.15,
            0.15,
            0.0,
            0.15,
            0.15,
            0.15,
            0.15,
            0.15,
            0.15,
            0.15,
            0.15,
            0.15
        ],
        [
            0.15,
            0.15,
            0.15,
            0.15,
            0.15,
            0.15,
            0.15,
            0.0,
            0.15,
            0.15,
            0.15,
            0.15,
            0.15,
            0.15,
            0.15,
            0.15
        ],
        [
            0.15,
            0.15,
            0.15,
            0.15,
            0.15,
            0.15,
            0.15,
            0.15,
            0.0,
            0.15,
            0.15,
            0.15,
            0.15,
            0.15,
            0.15,
            0.15
        ],
        [
            0.15,
            0.15,
            0.15,
            0.15,
            0.15,
            0.15,
            0.15,
            0.15,
            0.15,
            0.0,
            0.15,
            0.15,
            0.15,
            0.15,
            0.15,
            0.15
        ],
        [
            0.15,
            0.15,
            0.15,
            0.15,
            0.15,
            0.15,
            0.15,
            0.15,
            0.15,
            0.15,
            0.0,
            0.15,
            0.15,
            0.15,
            0.15,
            0.15
        ],
        [
            0.15,
            0.15,
            0.15,
            0.15,
            0.15,
            0.15,
            0.15,
            0.15,
            0.15,
            0.15,
            0.15,
            0.0,
            0.15,
            0.15,
            0.15,
            0.15
        ],
        [
            0.15,
            0.15,
            0.15,
            0.15,
            0.15,
            0.15,
            0.15,
            0.15,
            0.15,
            0.15,
            0.15,
            0.15,
            0.0,
            0.15,
            0.15,
            0.15
        ],
        [
            0.15,
            0.15,
            0.15,
            0.15,
            0.15,
            0.15,
            0.15,
            0.15,
            0.15,
            0.15,
            0.15,
            0.15,
            0.15,
            0.0,
            0.15,
            0.15
        ],
        [
            0.15,
            0.15,
            0.15,
            0.15,
            0.15,
            0.15,
            0.15,
            0.15,
            0.15,
            0.15,
            0.15,
            0.15,
            0.15,
            0.15,
            0.0,
            0.15
        ],
        [
            0.15,
            0.15,
            0.15,
            0.15,
            0.15,
            0.15,
            0.15,
            0.15,
            0.15,
            0.15,
            0.15,
            0.15,
            0.15,
            0.15,
            0.15,
            0.0
        ]
    ],
    "service_scv": [
        0.0,
        0.871,
        0.564,
        1.019,
        1.257,
        0.691,
        0.766,
        1.036,
        1.248,
        1.397,
        0.626,
        0.684,
        1.3,
        1.145,
        1.221,
        1.497
    ],
    "service": [
        0,
        44,
        36,
        57,
        57,
        42,
        40,
        52,
        44,
        33,
        50,
        52,
        33,
        54,
        47,
        55
    ]
}
