{
    "coords": [
        [
            0,
            0
        ],
        [
            11,
            26
        ],
        [
            38,
            6
        ],
        [
            15,
            15
        ],
        [
            39,
            28
        ],
        [
            19,
            39
        ],
        [
            48,
            7
        ],
        [
            44,
            11
        ],
        [
            32,
            47
        ],
        [
            20,
            33
        ],
        [
            18,
            38
        ],
        [
            24,
            32
        ],
        [
            19,
            10
        ],
        [
            31,
            11
        ],
        [
            13,
            11
        ],
        [
            48,
            24
        ]
    ],
    "dimension": 16,
    "distances": [
        [
            0.0,
            28.231,
            38.471,
            21.213,
            48.01,
            43.382,
            48.508,
            45.354,
            56.859,
            38.588,
            42.048,
            40.0,
            21.471,
            32.894,
            17.029,
            53.666
        ],
        [
            28.231,
            0.0,
            33.601,
            11.705,
            28.071,
            15.264,
            41.593,
            36.249,
            29.698,
            11.402,
            13.892,
            14.318,
            17.889,
            25.0,
            15.133,
            37.054
        ],
        [
            38.471,
            33.601,
            0.0,
            24.698,
            22.023,
            38.079,
            10.05,
            7.81,
            41.437,
            32.45,
            37.736,
            29.53,
            19.416,
            8.602,
            25.495,
            20.591
        ],
        [
            21.213,
            11.705,
            24.698,
            0.0,
            27.295,
            24.331,
            33.956,
            29.275,
            36.235,
            18.682,
            23.195,
            19.235,
            6.403,
            16.492,
            4.472,
            34.205
        ],
        [
            48.01,
            28.071,
            22.023,
            27.295,
            0.0,
            22.825,
            22.847,
            17.72,
            20.248,
            19.647,
            23.259,
            15.524,
            26.907,
            18.788,
            31.064,
            9.849
        ],
        [
            43.382,
            15.264,
            38.079,
            24.331,
            22.825,
            0.0,
            43.186,
            37.537,
            15.264,
            6.083,
            1.414,
            8.602,
            29.0,
            30.463,
            28.636,
            32.65
        ],
        [
            48.508,
            41.593,
            10.05,
            33.956,
            22.847,
            43.186,
            0.0,
            5.657,
            43.081,
            38.21,
            43.139,
            34.655,
            29.155,
            17.464,
            35.228,
            17.0
        ],
        [
            45.354,
            36.249,
            7.81,
            29.275,
            17.72,
            37.537,
            5.657,
            0.0,
            37.947,
            32.558,
            37.483,
            29.0,
            25.02,
            13.0,
            31.0,
            13.601
        ],
        [
            56.859,
            29.698,
            41.437,
            36.235,
            20.248,
            15.264,
            43.081,
            37.947,
            0.0,
            18.439,
            16.643,
            17.0,
            39.217,
            36.014,
            40.706,
            28.018
        ],
        [
            38.588,
            11.402,
            32.45,
            18.682,
            19.647,
            6.083,
            38.21,
            32.558,
            18.439,
            0.0,
            5.385,
            4.123,
            23.022,
            24.597,
            23.087,
            29.411
        ],
        [
            42.048,
            13.892,
            37.736,
            23.195,
            23.259,
            1.414,
            43.139,
            37.483,
            16.643,
            5.385,
            0.0,
            8.485,
            28.018,
            29.967,
            27.459,
            33.106
        ],
        [
            40.0,
            14.318,
            29.53,
            19.235,
            15.524,
            8.602,
            34.655,
            29.0,
            17.0,
            4.123,
            8.485,
            0.0,
            22.561,
            22.136,
            23.707,
            25.298
        ],
        [
            21.471,
            17.889,
            19.416,
            6.403,
            26.907,
            29.0,
            29.155,
            25.02,
            39.217,
            23.022,
            28.018,
            22.561,
            0.0,
            12.042,
            6.083,
            32.202
        ],
        [
            32.894,
            25.0,
            8.602,
            16.492,
            18.788,
            30.463,
            17.464,
            13.0,
            36.014,
            24.597,
            29.967,
            22.136,
            12.042,
            0.0,
            18.0,
            21.401
        ],
        [
            17.029,
            15.133,
            25.495,
            4.472,
            31.064,
            28.636,
            35.228,
            31.0,
            40.706,
            23.087,
            27.459,
            23.707,
            6.083,
            18.0,
            0.0,
            37.336
        ],
        [
            53.666,
            37.054,
            20.591,
            34.205,
            9.849,
            32.65,
            17.0,
            13.601,
            28.018,
            29.411,
            33.106,
            25.298,
            32.202,
            21.401,
            37.336,
            0.0
        ]
    ],
    "distances_scv": [
        [
            0.0,
            0.49,
            0.418,
            0.147,
            0.441,
            0.211,
            0.202,
            0.266,
            0.411,
            0.422,
            0.409,
            0.304,
            0.169,
            0.253,
            0.343,
            0.245
        ],
        [
            0.196,
            0.0,
            0.111,
            0.323,
            0.488,
            0.286,
            0.404,
            0.194,
            0.462,
            0.365,
            0.323,
            0.133,
            0.395,
            0.47,
            0.139,
            0.155
        ],
        [
            0.491,
            0.392,
            0.0,
            0.383,
            0.193,
            0.394,
            0.307,
            0.434,
            0.29,
            0.227,
            0.183,
            0.103,
            0.219,
            0.49,
            0.137,
            0.159
        ],
        [
            0.226,
            0.365,
            0.245,
            0.0,
            0.405,
            0.362,
            0.351,
            0.375,
            0.33,
            0.256,
            0.496,
            0.285,
            0.474,
            0.268,
            0.357,
            0.33
        ],
        [
            0.119,
            0.278,
            0.296,
            0.479,
            0.0,
            0.126,
            0.124,
            0.155,
            0.298,
            0.488,
            0.116,
            0.186,
            0.382,
            0.269,
            0.36,
            0.41
        ],
        [
            0.452,
            0.492,
            0.386,
            0.393,
            0.174,
            0.0,
            0.492,
            0.283,
            0.123,
            0.237,
            0.369,
            0.327,
            0.17,
            0.138,
            0.222,
            0.132
        ],
        [
            0.211,
            0.369,
            0.327,
            0.224,
            0.377,
            0.16,
            0.0,
            0.365,
            0.131,
            0.306,
            0.25,
            0.256,
            0.443,
            0.448,
            0.307,
            0.419
        ],
        [
            0.102,
            0.459,
            0.386,
            0.29,
            0.108,
            0.166,
            0.21,
            0.0,
            0.152,
            0.436,
            0.283,
            0.159,
            0.127,
            0.339,
            0.267,
            0.266
        ],
        [
            0.441,
            0.243,
            0.421,
            0.231,
            0.324,
            0.254,
            0.26,
            0.263,
            0.0,
            0.392,
            0.332,
            0.453,
            0.371,
            0.49,
            0.145,
            0.495
        ],
        [
            0.177,
            0.121,
            0.109,
            0.178,
            0.128,
            0.136,
            0.316,
            0.364,
            0.154,
            0.0,
            0.165,
            0.264,
            0.33,
            0.408,
            0.339,
            0.182
        ],
        [
            0.397,
            0.26,
            0.209,
            0.172,
            0.352,
            0.104,
            0.301,
            0.352,
            0.184,
            0.102,
            0.0,
            0.21,
            0.144,
            0.244,
            0.241,
            0.387
        ],
        [
            0.329,
            0.194,
            0.303,
            0.417,
            0.433,
            0.389,
            0.387,
            0.455,
            0.117,
            0.168,
            0.242,
            0.0,
            0.298,
            0.382,
            0.112,
            0.168
        ],
        [
            0.295,
            0.127,
            0.492,
            0.271,
            0.32,
            0.402,
            0.434,
            0.408,
            0.34,
            0.46,
            0.43,
            0.193,
            0.0,
            0.418,
            0.296,
            0.238
        ],
        [
            0.2,
            0.449,
            0.352,
            0.348,
            0.499,
            0.173,
            0.388,
            0.263,
            0.479,
            0.478,
            0.316,
            0.231,
            0.145,
            0.0,
            0.103,
            0.313
        ],
        [
            0.113,
            0.231,
            0.277,
            0.427,
            0.314,
            0.49,
            0.491,
            0.244,
            0.401,
            0.441,
            0.17,
            0.219,
            0.349,
            0.44,
            0.0,
            0.199
        ],
        [
            0.384,
            0.289,
            0.306,
            0.133,
            0.42,
            0.451,
            0.356,
            0.466,
            0.493,
            0.462,
            0.154,
            0.208,
            0.428,
            0.46,
            0.118,
            0.0
        ]
    ],
    "service_scv": [
        0.0,
        0.383,
        0.228,
        0.433,
        0.362,
        0.234,
        0.251,
        0.197,
        0.438,
        0.394,
        0.361,
        0.3,
        0.435,
        0.221,
        0.283,
        0.215
    ],
    "service": [
        0.0,
        29.553,
        33.661,
        4.991,
        18.479,
        40.66,
        40.472,
        31.281,
        40.326,
        14.596,
        59.046,
        5.44,
        51.788,
        32.108,
        20.519,
        24.889
    ]
}
