{
    "coords": [
        [
            0,
            0
        ],
        [
            39,
            24
        ],
        [
            29,
            30
        ],
        [
            35,
            1
        ],
        [
            24,
            7
        ],
        [
            20,
            46
        ],
        [
            27,
            3
        ],
        [
            27,
            6
        ],
        [
            37,
            47
        ],
        [
            48,
            31
        ],
        [
            43,
            18
        ],
        [
            7,
            25
        ],
        [
            22,
            33
        ],
        [
            49,
            13
        ],
        [
            42,
            6
        ],
        [
            17,
            39
        ]
    ],
    "dimension": 16,
    "distances": [
        [
            0.0,
            45.793,
            41.725,
            35.014,
            25.0,
            50.16,
            27.166,
            27.659,
            59.816,
            57.14,
            46.615,
            25.962,
            39.661,
            50.695,
            42.426,
            42.544
        ],
        [
            45.793,
            0.0,
            11.662,
            23.345,
            22.672,
            29.069,
            24.187,
            21.633,
            23.087,
            11.402,
            7.211,
            32.016,
            19.235,
            14.866,
            18.248,
            26.627
        ],
        [
            41.725,
            11.662,
            0.0,
            29.614,
            23.537,
            18.358,
            27.074,
            24.083,
            18.788,
            19.026,
            18.439,
            22.561,
            7.616,
            26.249,
            27.295,
            15.0
        ],
        [
            35.014,
            23.345,
            29.614,
            0.0,
            12.53,
            47.434,
            8.246,
            9.434,
            46.043,
            32.696,
            18.788,
            36.878,
            34.54,
            18.439,
            8.602,
            42.048
        ],
        [
            25.0,
            22.672,
            23.537,
            12.53,
            0.0,
            39.205,
            5.0,
            3.162,
            42.059,
            33.941,
            21.954,
            24.759,
            26.077,
            25.71,
            18.028,
            32.757
        ],
        [
            50.16,
            29.069,
            18.358,
            47.434,
            39.205,
            0.0,
            43.566,
            40.608,
            17.029,
            31.765,
            36.235,
            24.698,
            13.153,
            43.932,
            45.651,
            7.616
        ],
        [
            27.166,
            24.187,
            27.074,
            8.246,
            5.0,
            43.566,
            0.0,
            3.0,
            45.122,
            35.0,
            21.932,
            29.732,
            30.414,
            24.166,
            15.297,
            37.363
        ],
        [
            27.659,
            21.633,
            24.083,
            9.434,
            3.162,
            40.608,
            3.0,
            0.0,
            42.202,
            32.65,
            20.0,
            27.586,
            27.459,
            23.087,
            15.0,
            34.482
        ],
        [
            59.816,
            23.087,
            18.788,
            46.043,
            42.059,
            17.029,
            45.122,
            42.202,
            0.0,
            19.416,
            29.614,
            37.202,
            20.518,
            36.056,
            41.304,
            21.541
        ],
        [
            57.14,
            11.402,
            19.026,
            32.696,
            33.941,
            31.765,
            35.0,
            32.65,
            19.416,
            0.0,
            13.928,
            41.437,
            26.077,
            18.028,
            25.71,
            32.016
        ],
        [
            46.615,
            7.211,
            18.439,
            18.788,
            21.954,
            36.235,
            21.932,
            20.0,
            29.614,
            13.928,
            0.0,
            36.674,
            25.807,
            7.81,
            12.042,
            33.422
        ],
        [
            25.962,
            32.016,
            22.561,
            36.878,
            24.759,
            24.698,
            29.732,
            27.586,
            37.202,
            41.437,
            36.674,
            0.0,
            17.0,
            43.681,
            39.825,
            17.205
        ],
        [
            39.661,
            19.235,
            7.616,
            34.54,
            26.077,
            13.153,
            30.414,
            27.459,
            20.518,
            26.077,
            25.807,
            17.0,
            0.0,
            33.601,
            33.601,
            7.81
        ],
        [
            50.695,
            14.866,
            26.249,
            18.439,
            25.71,
            43.932,
            24.166,
            23.087,
            36.056,
            18.028,
            7.81,
            43.681,
            33.601,
            0.0,
            9.899,
            41.231
        ],
        [
            42.426,
            18.248,
            27.295,
            8.602,
            18.028,
            45.651,
            15.297,
            15.0,
            41.304,
            25.71,
            12.042,
            39.825,
            33.601,
            9.899,
            0.0,
            41.4
        ],
        [
            42.544,
            26.627,
            15.0,
            42.048,
            32.757,
            7.616,
            37.363,
            34.482,
            21.541,
            32.016,
            33.422,
            17.205,
            7.81,
            41.231,
            41.4,
            0.0
        ]
    ],
    "distances_scv": [
        [
            0.0,
            0.305,
            0.427,
            0.32,
            0.492,
            0.182,
            0.321,
            0.293,
            0.241,
            0.337,
            0.194,
            0.421,
            0.447,
            0.152,
            0.287,
            0.211
        ],
        [
            0.133,
            0.0,
            0.272,
            0.159,
            0.369,
            0.181,
            0.461,
            0.187,
            0.113,
            0.18,
            0.238,
            0.288,
            0.462,
            0.379,
            0.236,
            0.107
        ],
        [
            0.164,
            0.499,
            0.0,
            0.376,
            0.122,
            0.114,
            0.438,
            0.335,
            0.223,
            0.227,
            0.136,
            0.169,
            0.11,
            0.436,
            0.287,
            0.151
        ],
        [
            0.396,
            0.178,
            0.125,
            0.0,
            0.458,
            0.111,
            0.422,
            0.176,
            0.137,
            0.107,
            0.217,
            0.391,
            0.297,
            0.441,
            0.187,
            0.226
        ],
        [
            0.203,
            0.491,
            0.476,
            0.236,
            0.0,
            0.226,
            0.399,
            0.116,
            0.127,
            0.262,
            0.198,
            0.438,
            0.397,
            0.318,
            0.365,
            0.377
        ],
        [
            0.412,
            0.471,
            0.16,
            0.35,
            0.157,
            0.0,
            0.415,
            0.458,
            0.404,
            0.114,
            0.244,
            0.165,
            0.5,
            0.158,
            0.198,
            0.243
        ],
        [
            0.124,
            0.448,
            0.355,
            0.164,
            0.299,
            0.131,
            0.0,
            0.193,
            0.115,
            0.146,
            0.322,
            0.355,
            0.23,
            0.357,
            0.241,
            0.152
        ],
        [
            0.226,
            0.258,
            0.465,
            0.146,
            0.134,
            0.325,
            0.485,
            0.0,
            0.38,
            0.127,
            0.423,
            0.373,
            0.158,
            0.286,
            0.12,
            0.421
        ],
        [
            0.387,
            0.422,
            0.404,
            0.207,
            0.416,
            0.2,
            0.155,
            0.256,
            0.0,
            0.214,
            0.342,
            0.341,
            0.196,
            0.349,
            0.243,
            0.394
        ],
        [
            0.216,
            0.42,
            0.266,
            0.321,
            0.369,
            0.307,
            0.203,
            0.492,
            0.138,
            0.0,
            0.32,
            0.111,
            0.162,
            0.42,
            0.414,
            0.355
        ],
        [
            0.461,
            0.402,
            0.22,
            0.358,
            0.236,
            0.4,
            0.254,
            0.161,
            0.451,
            0.376,
            0.0,
            0.324,
            0.413,
            0.279,
            0.326,
            0.125
        ],
        [
            0.322,
            0.426,
            0.382,
            0.421,
            0.298,
            0.453,
            0.143,
            0.45,
            0.249,
            0.136,
            0.348,
            0.0,
            0.271,
            0.441,
            0.155,
            0.347
        ],
        [
            0.266,
            0.311,
            0.3,
            0.154,
            0.305,
            0.445,
            0.168,
            0.105,
            0.127,
            0.284,
            0.49,
            0.118,
            0.0,
            0.314,
            0.148,
            0.267
        ],
        [
            0.183,
            0.386,
            0.317,
            0.215,
            0.202,
            0.447,
            0.406,
            0.274,
            0.262,
            0.395,
            0.488,
            0.132,
            0.164,
            0.0,
            0.303,
            0.129
        ],
        [
            0.121,
            0.188,
            0.254,
            0.396,
            0.344,
            0.112,
            0.118,
            0.281,
            0.45,
            0.466,
            0.246,
            0.455,
            0.472,
            0.263,
            0.0,
            0.246
        ],
        [
            0.161,
            0.33,
            0.135,
            0.365,
            0.424,
            0.466,
            0.279,
            0.147,
            0.461,
            0.448,
            0.487,
            0.338,
            0.369,
            0.249,
            0.173,
            0.0
        ]
    ],
    "service_scv": [
        0.0,
        0.475,
        0.295,
        0.233,
        0.167,
        0.338,
        0.26,
        0.151,
        0.113,
        0.257,
        0.333,
        0.308,
        0.46,
        0.465,
        0.475,
        0.42
    ],
    "service": [
        0,
        21,
        5,
        9,
        9,
        20,
        21,
        15,
        2,
        13,
        21,
        29,
        28,
        4,
        7,
        14
    ]
}
