{
    "coords": [
        [
            0,
            0
        ],
        [
            35,
            40
        ],
        [
            12,
            17
        ],
        [
            10,
            2
        ],
        [
            22,
            28
        ],
        [
            48,
            7
        ],
        [
            49,
            35
        ],
        [
            23,
            17
        ],
        [
            34,
            22
        ],
        [
            13,
            48
        ],
        [
            10,
            39
        ],
        [
            4,
            42
        ],
        [
            7,
            27
        ],
        [
            26,
            47
        ],
        [
            44,
            0
        ],
        [
            46,
            44
        ]
    ],
    "dimension": 16,
    "distances": [
        [
            0.0,
            53.151,
            20.809,
            10.198,
            35.609,
            48.508,
            60.216,
            28.601,
            40.497,
            49.729,
            40.262,
            42.19,
            27.893,
            53.712,
            44.0,
            63.655
        ],
        [
            53.151,
            0.0,
            32.527,
            45.486,
            17.692,
            35.468,
            14.866,
            25.942,
            18.028,
            23.409,
            25.02,
            31.064,
            30.871,
            11.402,
            41.0,
            11.705
        ],
        [
            20.809,
            32.527,
            0.0,
            15.133,
            14.866,
            37.363,
            41.146,
            11.0,
            22.561,
            31.016,
            22.091,
            26.249,
            11.18,
            33.106,
            36.235,
            43.417
        ],
        [
            10.198,
            45.486,
            15.133,
            0.0,
            28.636,
            38.328,
            51.088,
            19.849,
            31.241,
            46.098,
            37.0,
            40.447,
            25.179,
            47.76,
            34.059,
            55.317
        ],
        [
            35.609,
            17.692,
            14.866,
            28.636,
            0.0,
            33.422,
            27.893,
            11.045,
            13.416,
            21.932,
            16.279,
            22.804,
            15.033,
            19.416,
            35.609,
            28.844
        ],
        [
            48.508,
            35.468,
            37.363,
            38.328,
            33.422,
            0.0,
            28.018,
            26.926,
            20.518,
            53.907,
            49.679,
            56.223,
            45.618,
            45.651,
            8.062,
            37.054
        ],
        [
            60.216,
            14.866,
            41.146,
            51.088,
            27.893,
            28.018,
            0.0,
            31.623,
            19.849,
            38.275,
            39.205,
            45.541,
            42.755,
            25.942,
            35.355,
            9.487
        ],
        [
            28.601,
            25.942,
            11.0,
            19.849,
            11.045,
            26.926,
            31.623,
            0.0,
            12.083,
            32.573,
            25.554,
            31.401,
            18.868,
            30.15,
            27.019,
            35.468
        ],
        [
            40.497,
            18.028,
            22.561,
            31.241,
            13.416,
            20.518,
            19.849,
            12.083,
            0.0,
            33.422,
            29.411,
            36.056,
            27.459,
            26.249,
            24.166,
            25.06
        ],
        [
            49.729,
            23.409,
            31.016,
            46.098,
            21.932,
            53.907,
            38.275,
            32.573,
            33.422,
            0.0,
            9.487,
            10.817,
            21.84,
            13.038,
            57.14,
            33.242
        ],
        [
            40.262,
            25.02,
            22.091,
            37.0,
            16.279,
            49.679,
            39.205,
            25.554,
            29.411,
            9.487,
            0.0,
            6.708,
            12.369,
            17.889,
            51.74,
            36.346
        ],
        [
            42.19,
            31.064,
            26.249,
            40.447,
            22.804,
            56.223,
            45.541,
            31.401,
            36.056,
            10.817,
            6.708,
            0.0,
            15.297,
            22.561,
            58.0,
            42.048
        ],
        [
            27.893,
            30.871,
            11.18,
            25.179,
            15.033,
            45.618,
            42.755,
            18.868,
            27.459,
            21.84,
            12.369,
            15.297,
            0.0,
            27.586,
            45.804,
            42.544
        ],
        [
            53.712,
            11.402,
            33.106,
            47.76,
            19.416,
            45.651,
            25.942,
            30.15,
            26.249,
            13.038,
            17.889,
            22.561,
            27.586,
            0.0,
            50.329,
            20.224
        ],
        [
            44.0,
            41.0,
            36.235,
            34.059,
            35.609,
            8.062,
            35.355,
            27.019,
            24.166,
            57.14,
            51.74,
            58.0,
            45.804,
            50.329,
            0.0,
            44.045
        ],
        [
            63.655,
            11.705,
            43.417,
            55.317,
            28.844,
            37.054,
            9.487,
            35.468,
            25.06,
            33.242,
            36.346,
            42.048,
            42.544,
            20.224,
            44.045,
            0.0
        ]
    ],
    "distances_scv": [
        [
            0.0,
            0.15,
            0.15,
            0.15,
            0.15,
            0.15,
            0.15,
            0.15,
            0.15,
            0.15,
            0.15,
            0.15,
            0.15,
            0.15,
            0.15,
            0.15
        ],
        [
            0.15,
            0.0,
            0.15,
            0.15,
            0.15,
            0.15,
            0.15,
            0.15,
            0.15,
            0.15,
            0.15,
            0.15,
            0.15,
            0.15,
            0.15,
            0.15
        ],
        [
            0.15,
            0.15,
            0.0,
            0.15,
            0.15,
            0.15,
            0.15,
            0.15,
            0.15,
            0.15,
            0.15,
            0.15,
            0.15,
            0.15,
            0.15,
            0.15
        ],
        [
            0.15,
            0.15,
            0.15,
            0.0,
            0.15,
            0.15,
            0.15,
            0.15,
            0.15,
            0.15,
            0.15,
            0.15,
            0.15,
            0.15,
            0.15,
            0.15
        ],
        [
            0.15,
            0.15,
            0.15,
            0.15,
            0.0,
            0.15,
            0.15,
            0.15,
            0.15,
            0.15,
            0.15,
            0.15,
            0.15,
            0.15,
            0.15,
            0.15
        ],
        [
            0.15,
            0.15,
            0.15,
            0.15,
            0.15,
            0.0,
            0.15,
            0.15,
            0.15,
            0.15,
            0.15,
            0.15,
            0.15,
            0.15,
            0.15,
            0.15
        ],
        [
            0.15,
            0.15,
            0.15,
            0.15,
            0.15,
            0.15,
            0.0,
            0.15,
            0.15,
            0.15,
            0.15,
            0.15,
            0.15,
            0.15,
            0.15,
            0.15
        ],
        [
            0.15,
            0.15,
            0.15,
            0.15,
            0.15,
            0.15,
            0.15,
            0.0,
            0.15,
            0.15,
            0.15,
            0.15,
            0.15,
            0.15,
            0.15,
            0.15
        ],
        [
            0.15,
            0.15,
            0.15,
            0.15,
            0.15,
            0.15,
            0.15,
            0.15,
            0.0,
            0.15,
            0.15,
            0.15,
            0.15,
            0.15,
            0.15,
            0.15
        ],
        [
            0.15,
            0.15,
            0.15,
            0.15,
            0.15,
            0.15,
            0.15,
            0.15,
            0.15,
            0.0,
            0.15,
            0.15,
            0.15,
            0.15,
            0.15,
            0.15
        ],
        [
            0.15,
            0.15,
            0.15,
            0.15,
            0.15,
            0.15,
            0.15,
            0.15,
            0.15,
            0.15,
            0.0,
            0.15,
            0.15,
            0.15,
            0.15,
            0.15
        ],
        [
            0.15,
            0.15,
            0.15,
            0.15,
            0.15,
            0.15,
            0.15,
            0.15,
            0.15,
            0.15,
            0.15,
            0.0,
            0.15,
            0.15,
            0.15,
            0.15
        ],
        [
            0.15,
            0.15,
            0.15,
            0.15,
            0.15,
            0.15,
            0.15,
            0.15,
            0.15,
            0.15,
            0.15,
            0.15,
            0.0,
            0.15,
            0.15,
            0.15
        ],
        [
            0.15,
            0.15,
            0.15,
            0.15,
            0.15,
            0.15,
            0.15,
            0.15,
            0.15,
            0.15,
            0.15,
            0.15,
            0.15,
            0.0,
            0.15,
            0.15
        ],
        [
            0.15,
            0.15,
            0.15,
            0.15,
            0.15,
            0.15,
            0.15,
            0.15,
            0.15,
            0.15,
            0.15,
            0.15,
            0.15,
            0.15,
            0.0,
            0.15
        ],
        [
            0.15,
            0.15,
            0.15,
            0.15,
            0.15,
            0.15,
            0.15,
            0.15,
            0.15,
            0.15,
            0.15,
            0.15,
            0.15,
            0.15,
            0.15,
            0.0
        ]
    ],
    "service_scv": [
        0.0,
        0.796,
        0.875,
        1.145,
        1.484,
        0.646,
        0.792,
        1.217,
        1.415,
        1.246,
        1.122,
        0.61,
        0.51,
        1.263,
        0.991,
        0.676
    ],
    "service": [
        0,
        43,
        42,
        35,
        40,
        39,
        42,
        59,
        53,
        31,
        49,
        49,
        54,
        43,
        52,
        59
    ]
}
