{
    "coords": [
        [
            0,
            0
        ],
        [
            1,
            40
        ],
        [
            23,
            25
        ],
        [
            31,
            14
        ],
        [
            48,
            2
        ],
        [
            13,
            19
        ],
        [
            28,
            20
        ],
        [
            6,
            2
        ],
        [
            0,
            2
        ],
        [
            7,
            49
        ],
        [
            9,
            32
        ],
        [
            37,
            11
        ],
        [
            14,
            21
        ],
        [
            13,
            48
        ],
        [
            8,
            44
        ],
        [
            39,
            42
        ]
    ],
    "dimension": 16,
    "distances": [
        [
            0.0,
            40.012,
            33.971,
            34.015,
            48.042,
            23.022,
            34.409,
            6.325,
            2.0,
            49.497,
            33.242,
            38.601,
            25.239,
            49.729,
            44.721,
            57.315
        ],
        [
            40.012,
            0.0,
            26.627,
            39.699,
            60.44,
            24.187,
            33.601,
            38.328,
            38.013,
            10.817,
            11.314,
            46.228,
            23.022,
            14.422,
            8.062,
            38.053
        ],
        [
            33.971,
            26.627,
            0.0,
            13.601,
            33.971,
            11.662,
            7.071,
            28.601,
            32.527,
            28.844,
            15.652,
            19.799,
            9.849,
            25.08,
            24.207,
            23.345
        ],
        [
            34.015,
            39.699,
            13.601,
            0.0,
            20.809,
            18.682,
            6.708,
            27.731,
            33.242,
            42.438,
            28.425,
            6.708,
            18.385,
            38.471,
            37.802,
            29.12
        ],
        [
            48.042,
            60.44,
            33.971,
            20.809,
            0.0,
            38.91,
            26.907,
            42.0,
            48.0,
            62.37,
            49.204,
            14.213,
            38.949,
            57.801,
            58.0,
            41.0
        ],
        [
            23.022,
            24.187,
            11.662,
            18.682,
            38.91,
            0.0,
            15.033,
            18.385,
            21.401,
            30.594,
            13.601,
            25.298,
            2.236,
            29.0,
            25.495,
            34.713
        ],
        [
            34.409,
            33.601,
            7.071,
            6.708,
            26.907,
            15.033,
            0.0,
            28.425,
            33.287,
            35.805,
            22.472,
            12.728,
            14.036,
            31.765,
            31.241,
            24.597
        ],
        [
            6.325,
            38.328,
            28.601,
            27.731,
            42.0,
            18.385,
            28.425,
            0.0,
            6.0,
            47.011,
            30.15,
            32.28,
            20.616,
            46.53,
            42.048,
            51.856
        ],
        [
            2.0,
            38.013,
            32.527,
            33.242,
            48.0,
            21.401,
            33.287,
            6.0,
            0.0,
            47.518,
            31.321,
            38.079,
            23.601,
            47.802,
            42.755,
            55.866
        ],
        [
            49.497,
            10.817,
            28.844,
            42.438,
            62.37,
            30.594,
            35.805,
            47.011,
            47.518,
            0.0,
            17.117,
            48.415,
            28.862,
            6.083,
            5.099,
            32.757
        ],
        [
            33.242,
            11.314,
            15.652,
            28.425,
            49.204,
            13.601,
            22.472,
            30.15,
            31.321,
            17.117,
            0.0,
            35.0,
            12.083,
            16.492,
            12.042,
            31.623
        ],
        [
            38.601,
            46.228,
            19.799,
            6.708,
            14.213,
            25.298,
            12.728,
            32.28,
            38.079,
            48.415,
            35.0,
            0.0,
            25.08,
            44.102,
            43.932,
            31.064
        ],
        [
            25.239,
            23.022,
            9.849,
            18.385,
            38.949,
            2.236,
            14.036,
            20.616,
            23.601,
            28.862,
            12.083,
            25.08,
            0.0,
            27.019,
            23.77,
            32.65
        ],
        [
            49.729,
            14.422,
            25.08,
            38.471,
            57.801,
            29.0,
            31.765,
            46.53,
            47.802,
            6.083,
            16.492,
            44.102,
            27.019,
            0.0,
            6.403,
            26.683
        ],
        [
            44.721,
            8.062,
            24.207,
            37.802,
            58.0,
            25.495,
            31.241,
            42.048,
            42.755,
            5.099,
            12.042,
            43.932,
            23.77,
            6.403,
            0.0,
            31.064
        ],
        [
            57.315,
            38.053,
            23.345,
            29.12,
            41.0,
            34.713,
            24.597,
            51.856,
            55.866,
            32.757,
            31.623,
            31.064,
            32.65,
            26.683,
            31.064,
            0.0
        ]
    ],
    "distances_scv": [
        [
            0.0,
            0.149,
            0.168,
            0.106,
            0.156,
            0.127,
            0.188,
            0.106,
            0.168,
            0.187,
            0.123,
            0.19,
            0.187,
            0.102,
            0.171,
            0.1
        ],
        [
            0.15,
            0.0,
            0.12,
            0.132,
            0.181,
            0.132,
            0.115,
            0.17,
            0.145,
            0.18,
            0.124,
            0.132,
            0.18,
            0.151,
            0.151,
            0.124
        ],
        [
            0.101,
            0.193,
            0.0,
            0.184,
            0.137,
            0.195,
            0.14,
            0.194,
            0.156,
            0.124,
            0.174,
            0.167,
            0.168,
            0.146,
            0.122,
            0.164
        ],
        [
            0.111,
            0.169,
            0.164,
            0.0,
            0.18,
            0.119,
            0.139,
            0.18,
            0.138,
            0.171,
            0.161,
            0.194,
            0.199,
            0.172,
            0.181,
            0.115
        ],
        [
            0.171,
            0.185,
            0.14,
            0.155,
            0.0,
            0.196,
            0.132,
            0.14,
            0.1,
            0.142,
            0.163,
            0.193,
            0.192,
            0.133,
            0.199,
            0.119
        ],
        [
            0.182,
            0.116,
            0.141,
            0.107,
            0.186,
            0.0,
            0.114,
            0.153,
            0.126,
            0.149,
            0.155,
            0.111,
            0.186,
            0.128,
            0.145,
            0.106
        ],
        [
            0.1,
            0.12,
            0.134,
            0.193,
            0.189,
            0.148,
            0.0,
            0.167,
            0.186,
            0.134,
            0.179,
            0.14,
            0.159,
            0.174,
            0.15,
            0.169
        ],
        [
            0.17,
            0.101,
            0.104,
            0.115,
            0.121,
            0.12,
            0.105,
            0.0,
            0.16,
            0.189,
            0.135,
            0.137,
            0.142,
            0.168,
            0.179,
            0.194
        ],
        [
            0.138,
            0.171,
            0.134,
            0.182,
            0.123,
            0.187,
            0.151,
            0.173,
            0.0,
            0.132,
            0.149,
            0.105,
            0.104,
            0.153,
            0.148,
            0.183
        ],
        [
            0.102,
            0.156,
            0.149,
            0.16,
            0.173,
            0.152,
            0.156,
            0.149,
            0.162,
            0.0,
            0.155,
            0.167,
            0.119,
            0.199,
            0.175,
            0.196
        ],
        [
            0.129,
            0.144,
            0.126,
            0.105,
            0.102,
            0.125,
            0.186,
            0.116,
            0.169,
            0.125,
            0.0,
            0.119,
            0.168,
            0.15,
            0.155,
            0.145
        ],
        [
            0.127,
            0.149,
            0.192,
            0.12,
            0.173,
            0.125,
            0.119,
            0.132,
            0.109,
            0.194,
            0.137,
            0.0,
            0.1,
            0.106,
            0.121,
            0.142
        ],
        [
            0.16,
            0.198,
            0.189,
            0.124,
            0.161,
            0.192,
            0.11,
            0.185,
            0.14,
            0.178,
            0.132,
            0.163,
            0.0,
            0.11,
            0.176,
            0.182
        ],
        [
            0.148,
            0.139,
            0.195,
            0.137,
            0.188,
            0.142,
            0.137,
            0.136,
            0.106,
            0.128,
            0.123,
            0.106,
            0.154,
            0.0,
            0.103,
            0.116
        ],
        [
            0.192,
            0.113,
            0.137,
            0.195,
            0.111,
            0.141,
            0.18,
            0.102,
            0.107,
            0.193,
            0.168,
            0.126,
            0.148,
            0.125,
            0.0,
            0.195
        ],
        [
            0.107,
            0.152,
            0.118,
            0.14,
            0.174,
            0.171,
            0.119,
            0.133,
            0.143,
            0.139,
            0.168,
            0.179,
            0.134,
            0.144,
            0.107,
            0.0
        ]
    ],
    "service_scv": [
        0.0,
        0.237,
        0.427,
        0.259,
        0.414,
        0.105,
        0.5,
        0.482,
        0.371,
        0.179,
        0.363,
        0.176,
        0.249,
        0.114,
        0.128,
        0.163
    ],
    "service": [
        0.0,
        30.266,
        40.63,
        10.015,
        55.995,
        41.079,
        28.109,
        24.72,
        31.708,
        27.499,
        25.82,
        13.206,
        48.942,
        29.406,
        31.12,
        31.394
    ]
}
