{
    "coords": [
        [
            0,
            0
        ],
        [
            25,
            17
        ],
        [
            47,
            18
        ],
        [
            32,
            18
        ],
        [
            22,
            49
        ],
        [
            9,
            31
        ],
        [
            21,
            33
        ],
        [
            37,
            16
        ],
        [
            33,
            33
        ],
        [
            22,
            6
        ],
        [
            30,
            2
        ],
        [
            44,
            42
        ],
        [
            42,
            0
        ],
        [
            48,
            48
        ],
        [
            29,
            41
        ],
        [
            38,
            39
        ]
    ],
    "dimension": 16,
    "distances": [
        [
            0.0,
            30.232,
            50.329,
            36.715,
            53.712,
            32.28,
            39.115,
            40.311,
            46.669,
            22.804,
            30.067,
            60.828,
            42.0,
            67.882,
            50.22,
            54.452
        ],
        [
            30.232,
            0.0,
            22.023,
            7.071,
            32.14,
            21.26,
            16.492,
            12.042,
            17.889,
            11.402,
            15.811,
            31.401,
            24.042,
            38.601,
            24.331,
            25.554
        ],
        [
            50.329,
            22.023,
            0.0,
            15.0,
            39.825,
            40.162,
            30.017,
            10.198,
            20.518,
            27.731,
            23.345,
            24.187,
            18.682,
            30.017,
            29.206,
            22.847
        ],
        [
            36.715,
            7.071,
            15.0,
            0.0,
            32.573,
            26.42,
            18.601,
            5.385,
            15.033,
            15.62,
            16.125,
            26.833,
            20.591,
            34.0,
            23.195,
            21.84
        ],
        [
            53.712,
            32.14,
            39.825,
            32.573,
            0.0,
            22.204,
            16.031,
            36.249,
            19.416,
            43.0,
            47.676,
            23.087,
            52.924,
            26.019,
            10.63,
            18.868
        ],
        [
            32.28,
            21.26,
            40.162,
            26.42,
            22.204,
            0.0,
            12.166,
            31.765,
            24.083,
            28.178,
            35.805,
            36.688,
            45.277,
            42.544,
            22.361,
            30.083
        ],
        [
            39.115,
            16.492,
            30.017,
            18.601,
            16.031,
            12.166,
            0.0,
            23.345,
            12.0,
            27.019,
            32.28,
            24.698,
            39.115,
            30.887,
            11.314,
            18.028
        ],
        [
            40.311,
            12.042,
            10.198,
            5.385,
            36.249,
            31.765,
            23.345,
            0.0,
            17.464,
            18.028,
            15.652,
            26.926,
            16.763,
            33.838,
            26.249,
            23.022
        ],
        [
            46.669,
            17.889,
            20.518,
            15.033,
            19.416,
            24.083,
            12.0,
            17.464,
            0.0,
            29.155,
            31.145,
            14.213,
            34.205,
            21.213,
            8.944,
            7.81
        ],
        [
            22.804,
            11.402,
            27.731,
            15.62,
            43.0,
            28.178,
            27.019,
            18.028,
            29.155,
            0.0,
            8.944,
            42.19,
            20.881,
            49.396,
            35.693,
            36.674
        ],
        [
            30.067,
            15.811,
            23.345,
            16.125,
            47.676,
            35.805,
            32.28,
            15.652,
            31.145,
            8.944,
            0.0,
            42.379,
            12.166,
            49.396,
            39.013,
            37.855
        ],
        [
            60.828,
            31.401,
            24.187,
            26.833,
            23.087,
            36.688,
            24.698,
            26.926,
            14.213,
            42.19,
            42.379,
            0.0,
            42.048,
            7.211,
            15.033,
            6.708
        ],
        [
            42.0,
            24.042,
            18.682,
            20.591,
            52.924,
            45.277,
            39.115,
            16.763,
            34.205,
            20.881,
            12.166,
            42.048,
            0.0,
            48.374,
            43.012,
            39.205
        ],
        [
            67.882,
            38.601,
            30.017,
            34.0,
            26.019,
            42.544,
            30.887,
            33.838,
            21.213,
            49.396,
            49.396,
            7.211,
            48.374,
            0.0,
            20.248,
            13.454
        ],
        [
            50.22,
            24.331,
            29.206,
            23.195,
            10.63,
            22.361,
            11.314,
            26.249,
            8.944,
            35.693,
            39.013,
            15.033,
            43.012,
            20.248,
            0.0,
            9.22
        ],
        [
            54.452,
            25.554,
            22.847,
            21.84,
            18.868,
            30.083,
            18.028,
            23.022,
            7.81,
            36.674,
            37.855,
            6.708,
            39.205,
            13.454,
            9.22,
            0.0
        ]
    ],
    "distances_scv": [
        [
            0.0,
            0.121,
            0.185,
            0.143,
            0.163,
            0.112,
            0.119,
            0.15,
            0.176,
            0.154,
            0.111,
            0.187,
            0.114,
            0.144,
            0.159,
            0.132
        ],
        [
            0.142,
            0.0,
            0.145,
            0.154,
            0.197,
            0.128,
            0.189,
            0.136,
            0.131,
            0.188,
            0.107,
            0.187,
            0.183,
            0.189,
            0.106,
            0.124
        ],
        [
            0.178,
            0.144,
            0.0,
            0.169,
            0.18,
            0.197,
            0.115,
            0.125,
            0.184,
            0.109,
            0.127,
            0.145,
            0.142,
            0.154,
            0.187,
            0.163
        ],
        [
            0.165,
            0.159,
            0.121,
            0.0,
            0.199,
            0.191,
            0.177,
            0.153,
            0.187,
            0.163,
            0.14,
            0.153,
            0.12,
            0.157,
            0.131,
            0.178
        ],
        [
            0.183,
            0.199,
            0.183,
            0.106,
            0.0,
            0.181,
            0.187,
            0.149,
            0.148,
            0.153,
            0.115,
            0.196,
            0.199,
            0.126,
            0.196,
            0.121
        ],
        [
            0.108,
            0.173,
            0.182,
            0.12,
            0.195,
            0.0,
            0.119,
            0.13,
            0.111,
            0.177,
            0.129,
            0.169,
            0.146,
            0.112,
            0.159,
            0.197
        ],
        [
            0.118,
            0.196,
            0.112,
            0.158,
            0.117,
            0.2,
            0.0,
            0.187,
            0.171,
            0.145,
            0.126,
            0.187,
            0.189,
            0.178,
            0.181,
            0.104
        ],
        [
            0.122,
            0.155,
            0.108,
            0.159,
            0.195,
            0.135,
            0.169,
            0.0,
            0.18,
            0.19,
            0.182,
            0.144,
            0.135,
            0.108,
            0.185,
            0.19
        ],
        [
            0.156,
            0.176,
            0.123,
            0.176,
            0.125,
            0.173,
            0.101,
            0.138,
            0.0,
            0.104,
            0.126,
            0.192,
            0.13,
            0.112,
            0.167,
            0.177
        ],
        [
            0.134,
            0.192,
            0.17,
            0.154,
            0.19,
            0.181,
            0.16,
            0.125,
            0.152,
            0.0,
            0.19,
            0.194,
            0.106,
            0.153,
            0.194,
            0.143
        ],
        [
            0.175,
            0.123,
            0.187,
            0.117,
            0.126,
            0.125,
            0.114,
            0.167,
            0.184,
            0.116,
            0.0,
            0.14,
            0.13,
            0.164,
            0.112,
            0.158
        ],
        [
            0.15,
            0.112,
            0.145,
            0.137,
            0.107,
            0.133,
            0.164,
            0.188,
            0.195,
            0.174,
            0.141,
            0.0,
            0.168,
            0.157,
            0.186,
            0.126
        ],
        [
            0.166,
            0.109,
            0.131,
            0.143,
            0.181,
            0.135,
            0.162,
            0.199,
            0.195,
            0.148,
            0.121,
            0.162,
            0.0,
            0.159,
            0.175,
            0.121
        ],
        [
            0.129,
            0.116,
            0.106,
            0.146,
            0.177,
            0.137,
            0.195,
            0.135,
            0.138,
            0.185,
            0.166,
            0.153,
            0.124,
            0.0,
            0.116,
            0.117
        ],
        [
            0.142,
            0.133,
            0.155,
            0.126,
            0.168,
            0.195,
            0.182,
            0.158,
            0.126,
            0.179,
            0.184,
            0.109,
            0.185,
            0.192,
            0.0,
            0.118
        ],
        [
            0.173,
            0.148,
            0.107,
            0.161,
            0.183,
            0.173,
            0.105,
            0.104,
            0.152,
            0.166,
            0.192,
            0.171,
            0.168,
            0.188,
            0.141,
            0.0
        ]
    ],
    "service_scv": [
        0.0,
        1.14,
        0.815,
        0.562,
        1.264,
        1.174,
        0.961,
        0.967,
        0.888,
        1.18,
        0.509,
        0.609,
        0.585,
        0.608,
        1.054,
        0.917
    ],
    "service": [
        0.0,
        50.524,
        9.473,
        25.958,
        20.268,
        41.299,
        13.946,
        41.598,
        40.476,
        38.635,
        15.359,
        26.735,
        13.75,
        35.909,
        44.281,
        7.141
    ]
}
