{
    "coords": [
        [
            0,
            0
        ],
        [
            29,
            25
        ],
        [
            11,
            25
        ],
        [
            32,
            13
        ],
        [
            28,
            6
        ],
        [
            46,
            1
        ],
        [
            20,
            19
        ],
        [
            3,
            19
        ],
        [
            31,
            1
        ],
        [
            0,
            11
        ],
        [
            6,
            39
        ],
        [
            5,
            30
        ],
        [
            40,
            49
        ],
        [
            6,
            43
        ],
        [
            49,
            31
        ],
        [
            18,
            9
        ]
    ],
    "dimension": 16,
    "distances": [
        [
            0.0,
            38.288,
            27.313,
            34.54,
            28.636,
            46.011,
            27.586,
            19.235,
            31.016,
            11.0,
            39.459,
            30.414,
            63.253,
            43.417,
            57.983,
            20.125
        ],
        [
            38.288,
            0.0,
            18.0,
            12.369,
            19.026,
            29.411,
            10.817,
            26.683,
            24.083,
            32.202,
            26.926,
            24.515,
            26.401,
            29.206,
            20.881,
            19.416
        ],
        [
            27.313,
            18.0,
            0.0,
            24.187,
            25.495,
            42.438,
            10.817,
            10.0,
            31.241,
            17.804,
            14.866,
            7.81,
            37.643,
            18.682,
            38.471,
            17.464
        ],
        [
            34.54,
            12.369,
            24.187,
            0.0,
            8.062,
            18.439,
            13.416,
            29.614,
            12.042,
            32.062,
            36.77,
            31.906,
            36.878,
            39.699,
            24.759,
            14.56
        ],
        [
            28.636,
            19.026,
            25.495,
            8.062,
            0.0,
            18.682,
            15.264,
            28.178,
            5.831,
            28.443,
            39.661,
            33.242,
            44.643,
            43.046,
            32.65,
            10.44
        ],
        [
            46.011,
            29.411,
            42.438,
            18.439,
            18.682,
            0.0,
            31.623,
            46.615,
            15.0,
            47.074,
            55.172,
            50.22,
            48.374,
            58.0,
            30.15,
            29.12
        ],
        [
            27.586,
            10.817,
            10.817,
            13.416,
            15.264,
            31.623,
            0.0,
            17.0,
            21.095,
            21.541,
            24.413,
            18.601,
            36.056,
            27.785,
            31.385,
            10.198
        ],
        [
            19.235,
            26.683,
            10.0,
            29.614,
            28.178,
            46.615,
            17.0,
            0.0,
            33.287,
            8.544,
            20.224,
            11.18,
            47.634,
            24.187,
            47.539,
            18.028
        ],
        [
            31.016,
            24.083,
            31.241,
            12.042,
            5.831,
            15.0,
            21.095,
            33.287,
            0.0,
            32.573,
            45.486,
            38.949,
            48.836,
            48.877,
            34.986,
            15.264
        ],
        [
            11.0,
            32.202,
            17.804,
            32.062,
            28.443,
            47.074,
            21.541,
            8.544,
            32.573,
            0.0,
            28.636,
            19.647,
            55.172,
            32.558,
            52.924,
            18.111
        ],
        [
            39.459,
            26.926,
            14.866,
            36.77,
            39.661,
            55.172,
            24.413,
            20.224,
            45.486,
            28.636,
            0.0,
            9.055,
            35.44,
            4.0,
            43.738,
            32.311
        ],
        [
            30.414,
            24.515,
            7.81,
            31.906,
            33.242,
            50.22,
            18.601,
            11.18,
            38.949,
            19.647,
            9.055,
            0.0,
            39.825,
            13.038,
            44.011,
            24.698
        ],
        [
            63.253,
            26.401,
            37.643,
            36.878,
            44.643,
            48.374,
            36.056,
            47.634,
            48.836,
            55.172,
            35.44,
            39.825,
            0.0,
            34.525,
            20.125,
            45.651
        ],
        [
            43.417,
            29.206,
            18.682,
            39.699,
            43.046,
            58.0,
            27.785,
            24.187,
            48.877,
            32.558,
            4.0,
            13.038,
            34.525,
            0.0,
            44.643,
            36.056
        ],
        [
            57.983,
            20.881,
            38.471,
            24.759,
            32.65,
            30.15,
            31.385,
            47.539,
            34.986,
            52.924,
            43.738,
            44.011,
            20.125,
            44.643,
            0.0,
            38.013
        ],
        [
            20.125,
            19.416,
            17.464,
            14.56,
            10.44,
            29.12,
            10.198,
            18.028,
            15.264,
            18.111,
            32.311,
            24.698,
            45.651,
            36.056,
            38.013,
            0.0
        ]
    ],
    "distances_scv": [
        [
            0.0,
            0.142,
            0.103,
            0.195,
            0.194,
            0.132,
            0.149,
            0.127,
            0.176,
            0.197,
            0.161,
            0.161,
            0.123,
            0.127,
            0.138,
            0.157
        ],
        [
            0.173,
            0.0,
            0.156,
            0.197,
            0.122,
            0.142,
            0.104,
            0.179,
            0.116,
            0.166,
            0.124,
            0.195,
            0.187,
            0.154,
            0.164,
            0.183
        ],
        [
            0.118,
            0.118,
            0.0,
            0.151,
            0.146,
            0.12,
            0.191,
            0.196,
            0.199,
            0.187,
            0.145,
            0.13,
            0.149,
            0.112,
            0.107,
            0.131
        ],
        [
            0.152,
            0.114,
            0.198,
            0.0,
            0.129,
            0.176,
            0.117,
            0.116,
            0.125,
            0.11,
            0.156,
            0.149,
            0.167,
            0.194,
            0.161,
            0.158
        ],
        [
            0.173,
            0.131,
            0.135,
            0.172,
            0.0,
            0.139,
            0.137,
            0.153,
            0.132,
            0.194,
            0.153,
            0.148,
            0.114,
            0.161,
            0.148,
            0.182
        ],
        [
            0.12,
            0.115,
            0.102,
            0.199,
            0.184,
            0.0,
            0.122,
            0.107,
            0.197,
            0.184,
            0.174,
            0.155,
            0.165,
            0.177,
            0.154,
            0.171
        ],
        [
            0.119,
            0.156,
            0.171,
            0.116,
            0.129,
            0.104,
            0.0,
            0.124,
            0.146,
            0.173,
            0.106,
            0.108,
            0.168,
            0.172,
            0.157,
            0.103
        ],
        [
            0.149,
            0.198,
            0.155,
            0.109,
            0.151,
            0.153,
            0.17,
            0.0,
            0.16,
            0.162,
            0.127,
            0.135,
            0.132,
            0.126,
            0.158,
            0.193
        ],
        [
            0.155,
            0.127,
            0.166,
            0.156,
            0.1,
            0.121,
            0.111,
            0.18,
            0.0,
            0.191,
            0.125,
            0.15,
            0.147,
            0.167,
            0.126,
            0.125
        ],
        [
            0.179,
            0.12,
            0.175,
            0.126,
            0.1,
            0.137,
            0.125,
            0.144,
            0.122,
            0.0,
            0.154,
            0.181,
            0.17,
            0.168,
            0.163,
            0.12
        ],
        [
            0.193,
            0.156,
            0.129,
            0.179,
            0.159,
            0.162,
            0.149,
            0.13,
            0.178,
            0.183,
            0.0,
            0.17,
            0.12,
            0.194,
            0.149,
            0.121
        ],
        [
            0.155,
            0.171,
            0.184,
            0.129,
            0.141,
            0.142,
            0.157,
            0.139,
            0.129,
            0.135,
            0.143,
            0.0,
            0.151,
            0.156,
            0.168,
            0.135
        ],
        [
            0.171,
            0.136,
            0.119,
            0.118,
            0.12,
            0.114,
            0.15,
            0.141,
            0.153,
            0.121,
            0.138,
            0.167,
            0.0,
            0.175,
            0.192,
            0.114
        ],
        [
            0.1,
            0.15,
            0.137,
            0.157,
            0.139,
            0.181,
            0.139,
            0.136,
            0.148,
            0.115,
            0.133,
            0.126,
            0.15,
            0.0,
            0.107,
            0.169
        ],
        [
            0.163,
            0.136,
            0.153,
            0.135,
            0.169,
            0.193,
            0.199,
            0.115,
            0.11,
            0.128,
            0.19,
            0.192,
            0.192,
            0.199,
            0.0,
            0.187
        ],
        [
            0.13,
            0.164,
            0.158,
            0.107,
            0.192,
            0.173,
            0.136,
            0.197,
            0.138,
            0.101,
            0.177,
            0.152,
            0.189,
            0.115,
            0.187,
            0.0
        ]
    ],
    "service_scv": [
        0.0,
        0.233,
        0.292,
        0.367,
        0.339,
        0.24,
        0.402,
        0.162,
        0.238,
        0.418,
        0.36,
        0.297,
        0.246,
        0.232,
        0.265,
        0.149
    ],
    "service": [
        0.0,
        40.208,
        2.635,
        37.578,
        19.699,
        42.637,
        34.6,
        52.6,
        47.693,
        46.651,
        -2.7,
        49.787,
        40.448,
        29.473,
        49.128,
        33.984
    ]
}
