{
    "coords": [
        [
            0,
            0
        ],
        [
            19,
            28
        ],
        [
            41,
            45
        ],
        [
            14,
            12
        ],
        [
            26,
            29
        ],
        [
            12,
            17
        ],
        [
            46,
            37
        ],
        [
            42,
            27
        ],
        [
            18,
            10
        ],
        [
            33,
            25
        ],
        [
            20,
            12
        ],
        [
            25,
            2
        ],
        [
            2,
            5
        ],
        [
            42,
            17
        ],
        [
            6,
            0
        ],
        [
            47,
            38
        ]
    ],
    "dimension": 16,
    "distances": [
        [
            0.0,
            33.838,
            60.877,
            18.439,
            38.949,
            20.809,
            59.034,
            49.93,
            20.591,
            41.4,
            23.324,
            25.08,
            5.385,
            45.31,
            6.0,
            60.44
        ],
        [
            33.838,
            0.0,
            27.803,
            16.763,
            7.071,
            13.038,
            28.46,
            23.022,
            18.028,
            14.318,
            16.031,
            26.683,
            28.601,
            25.495,
            30.871,
            29.732
        ],
        [
            60.877,
            27.803,
            0.0,
            42.638,
            21.932,
            40.311,
            9.434,
            18.028,
            41.881,
            21.541,
            39.115,
            45.88,
            55.866,
            28.018,
            57.009,
            9.22
        ],
        [
            18.439,
            16.763,
            42.638,
            0.0,
            20.809,
            5.385,
            40.608,
            31.765,
            4.472,
            23.022,
            6.0,
            14.866,
            13.892,
            28.443,
            14.422,
            42.012
        ],
        [
            38.949,
            7.071,
            21.932,
            20.809,
            0.0,
            18.439,
            21.541,
            16.125,
            20.616,
            8.062,
            18.028,
            27.019,
            33.941,
            20.0,
            35.228,
            22.847
        ],
        [
            20.809,
            13.038,
            40.311,
            5.385,
            18.439,
            0.0,
            39.446,
            31.623,
            9.22,
            22.472,
            9.434,
            19.849,
            15.62,
            30.0,
            18.028,
            40.817
        ],
        [
            59.034,
            28.46,
            9.434,
            40.608,
            21.541,
            39.446,
            0.0,
            10.77,
            38.897,
            17.692,
            36.069,
            40.817,
            54.406,
            20.396,
            54.489,
            1.414
        ],
        [
            49.93,
            23.022,
            18.028,
            31.765,
            16.125,
            31.623,
            10.77,
            0.0,
            29.411,
            9.22,
            26.627,
            30.232,
            45.651,
            10.0,
            45.0,
            12.083
        ],
        [
            20.591,
            18.028,
            41.881,
            4.472,
            20.616,
            9.22,
            38.897,
            29.411,
            0.0,
            21.213,
            2.828,
            10.63,
            16.763,
            25.0,
            15.62,
            40.311
        ],
        [
            41.4,
            14.318,
            21.541,
            23.022,
            8.062,
            22.472,
            17.692,
            9.22,
            21.213,
            0.0,
            18.385,
            24.352,
            36.892,
            12.042,
            36.797,
            19.105
        ],
        [
            23.324,
            16.031,
            39.115,
            6.0,
            18.028,
            9.434,
            36.069,
            26.627,
            2.828,
            18.385,
            0.0,
            11.18,
            19.313,
            22.561,
            18.439,
            37.483
        ],
        [
            25.08,
            26.683,
            45.88,
            14.866,
            27.019,
            19.849,
            40.817,
            30.232,
            10.63,
            24.352,
            11.18,
            0.0,
            23.195,
            22.672,
            19.105,
            42.19
        ],
        [
            5.385,
            28.601,
            55.866,
            13.892,
            33.941,
            15.62,
            54.406,
            45.651,
            16.763,
            36.892,
            19.313,
            23.195,
            0.0,
            41.761,
            6.403,
            55.803
        ],
        [
            45.31,
            25.495,
            28.018,
            28.443,
            20.0,
            30.0,
            20.396,
            10.0,
            25.0,
            12.042,
            22.561,
            22.672,
            41.761,
            0.0,
            39.812,
            21.587
        ],
        [
            6.0,
            30.871,
            57.009,
            14.422,
            35.228,
            18.028,
            54.489,
            45.0,
            15.62,
            36.797,
            18.439,
            19.105,
            6.403,
            39.812,
            0.0,
            55.902
        ],
        [
            60.44,
            29.732,
            9.22,
            42.012,
            22.847,
            40.817,
            1.414,
            12.083,
            40.311,
            19.105,
            37.483,
            42.19,
            55.803,
            21.587,
            55.902,
            0.0
        ]
    ],
    "distances_scv": [
        [
            0.0,
            0.102,
            0.153,
            0.143,
            0.14,
            0.107,
            0.194,
            0.13,
            0.193,
            0.14,
            0.121,
            0.125,
            0.125,
            0.18,
            0.183,
            0.181
        ],
        [
            0.127,
            0.0,
            0.154,
            0.171,
            0.171,
            0.184,
            0.176,
            0.151,
            0.169,
            0.176,
            0.119,
            0.198,
            0.154,
            0.164,
            0.167,
            0.171
        ],
        [
            0.109,
            0.108,
            0.0,
            0.113,
            0.175,
            0.147,
            0.118,
            0.14,
            0.12,
            0.175,
            0.14,
            0.185,
            0.171,
            0.146,
            0.157,
            0.2
        ],
        [
            0.172,
            0.143,
            0.139,
            0.0,
            0.163,
            0.169,
            0.116,
            0.144,
            0.102,
            0.154,
            0.102,
            0.165,
            0.115,
            0.107,
            0.116,
            0.142
        ],
        [
            0.149,
            0.125,
            0.162,
            0.161,
            0.0,
            0.138,
            0.193,
            0.149,
            0.181,
            0.168,
            0.165,
            0.188,
            0.104,
            0.155,
            0.19,
            0.155
        ],
        [
            0.102,
            0.194,
            0.174,
            0.138,
            0.118,
            0.0,
            0.193,
            0.183,
            0.113,
            0.116,
            0.171,
            0.114,
            0.157,
            0.136,
            0.158,
            0.164
        ],
        [
            0.13,
            0.13,
            0.119,
            0.196,
            0.144,
            0.106,
            0.0,
            0.165,
            0.189,
            0.133,
            0.179,
            0.167,
            0.193,
            0.133,
            0.12,
            0.101
        ],
        [
            0.155,
            0.16,
            0.139,
            0.189,
            0.124,
            0.181,
            0.191,
            0.0,
            0.104,
            0.158,
            0.165,
            0.195,
            0.187,
            0.145,
            0.167,
            0.12
        ],
        [
            0.166,
            0.178,
            0.153,
            0.134,
            0.104,
            0.144,
            0.132,
            0.19,
            0.0,
            0.102,
            0.13,
            0.146,
            0.127,
            0.173,
            0.133,
            0.119
        ],
        [
            0.119,
            0.181,
            0.112,
            0.162,
            0.15,
            0.13,
            0.183,
            0.167,
            0.183,
            0.0,
            0.175,
            0.152,
            0.173,
            0.177,
            0.136,
            0.16
        ],
        [
            0.185,
            0.11,
            0.191,
            0.128,
            0.175,
            0.118,
            0.198,
            0.155,
            0.105,
            0.14,
            0.0,
            0.169,
            0.134,
            0.195,
            0.142,
            0.119
        ],
        [
            0.181,
            0.194,
            0.172,
            0.123,
            0.131,
            0.174,
            0.103,
            0.128,
            0.15,
            0.116,
            0.186,
            0.0,
            0.173,
            0.133,
            0.187,
            0.178
        ],
        [
            0.15,
            0.12,
            0.106,
            0.158,
            0.106,
            0.157,
            0.102,
            0.177,
            0.188,
            0.185,
            0.185,
            0.168,
            0.0,
            0.122,
            0.173,
            0.171
        ],
        [
            0.155,
            0.147,
            0.17,
            0.101,
            0.119,
            0.135,
            0.19,
            0.152,
            0.136,
            0.134,
            0.136,
            0.193,
            0.105,
            0.0,
            0.186,
            0.188
        ],
        [
            0.104,
            0.133,
            0.104,
            0.132,
            0.135,
            0.118,
            0.198,
            0.102,
            0.123,
            0.165,
            0.15,
            0.159,
            0.102,
            0.136,
            0.0,
            0.108
        ],
        [
            0.132,
            0.153,
            0.146,
            0.154,
            0.116,
            0.156,
            0.183,
            0.122,
            0.148,
            0.131,
            0.12,
            0.194,
            0.14,
            0.101,
            0.125,
            0.0
        ]
    ],
    "service_scv": [
        0.0,
        0.204,
        0.209,
        0.472,
        0.137,
        0.421,
        0.282,
        0.33,
        0.425,
        0.28,
        0.442,
        0.209,
        0.363,
        0.122,
        0.274,
        0.181
    ],
    "service": [
        0,
        6,
        13,
        13,
        5,
        12,
        29,
        19,
        26,
        22,
        27,
        9,
        16,
        6,
        11,
        9
    ]
}
