{
    "coords": [
        [
            0,
            0
        ],
        [
            32,
            18
        ],
        [
            4,
            35
        ],
        [
            17,
            43
        ],
        [
            16,
            32
        ],
        [
            9,
            27
        ],
        [
            3,
            38
        ],
        [
            4,
            35
        ],
        [
            38,
            23
        ],
        [
            39,
            28
        ],
        [
            43,
            37
        ],
        [
            45,
            3
        ],
        [
            0,
            32
        ],
        [
            36,
            36
        ],
        [
            40,
            19
        ],
        [
            41,
            25
        ]
    ],
    "dimension": 16,
    "distances": [
        [
            0.0,
            36.715,
            35.228,
            46.239,
            35.777,
            28.46,
            38.118,
            35.228,
            44.418,
            48.01,
            56.727,
            45.1,
            32.0,
            50.912,
            44.283,
            48.021
        ],
        [
            36.715,
            0.0,
            32.757,
            29.155,
            21.26,
            24.698,
            35.228,
            32.757,
            7.81,
            12.207,
            21.954,
            19.849,
            34.928,
            18.439,
            8.062,
            11.402
        ],
        [
            35.228,
            32.757,
            0.0,
            15.264,
            12.369,
            9.434,
            3.162,
            0.0,
            36.056,
            35.693,
            39.051,
            52.01,
            5.0,
            32.016,
            39.395,
            38.328
        ],
        [
            46.239,
            29.155,
            15.264,
            0.0,
            11.045,
            17.889,
            14.866,
            15.264,
            29.0,
            26.627,
            26.683,
            48.826,
            20.248,
            20.248,
            33.242,
            30.0
        ],
        [
            35.777,
            21.26,
            12.369,
            11.045,
            0.0,
            8.602,
            14.318,
            12.369,
            23.77,
            23.345,
            27.459,
            41.012,
            16.0,
            20.396,
            27.295,
            25.962
        ],
        [
            28.46,
            24.698,
            9.434,
            17.889,
            8.602,
            0.0,
            12.53,
            9.434,
            29.275,
            30.017,
            35.44,
            43.267,
            10.296,
            28.46,
            32.016,
            32.062
        ],
        [
            38.118,
            35.228,
            3.162,
            14.866,
            14.318,
            12.53,
            0.0,
            3.162,
            38.079,
            37.363,
            40.012,
            54.672,
            6.708,
            33.061,
            41.593,
            40.162
        ],
        [
            35.228,
            32.757,
            0.0,
            15.264,
            12.369,
            9.434,
            3.162,
            0.0,
            36.056,
            35.693,
            39.051,
            52.01,
            5.0,
            32.016,
            39.395,
            38.328
        ],
        [
            44.418,
            7.81,
            36.056,
            29.0,
            23.77,
            29.275,
            38.079,
            36.056,
            0.0,
            5.099,
            14.866,
            21.19,
            39.051,
            13.153,
            4.472,
            3.606
        ],
        [
            48.01,
            12.207,
            35.693,
            26.627,
            23.345,
            30.017,
            37.363,
            35.693,
            5.099,
            0.0,
            9.849,
            25.71,
            39.205,
            8.544,
            9.055,
            3.606
        ],
        [
            56.727,
            21.954,
            39.051,
            26.683,
            27.459,
            35.44,
            40.012,
            39.051,
            14.866,
            9.849,
            0.0,
            34.059,
            43.29,
            7.071,
            18.248,
            12.166
        ],
        [
            45.1,
            19.849,
            52.01,
            48.826,
            41.012,
            43.267,
            54.672,
            52.01,
            21.19,
            25.71,
            34.059,
            0.0,
            53.535,
            34.205,
            16.763,
            22.361
        ],
        [
            32.0,
            34.928,
            5.0,
            20.248,
            16.0,
            10.296,
            6.708,
            5.0,
            39.051,
            39.205,
            43.29,
            53.535,
            0.0,
            36.222,
            42.059,
            41.593
        ],
        [
            50.912,
            18.439,
            32.016,
            20.248,
            20.396,
            28.46,
            33.061,
            32.016,
            13.153,
            8.544,
            7.071,
            34.205,
            36.222,
            0.0,
            17.464,
            12.083
        ],
        [
            44.283,
            8.062,
            39.395,
            33.242,
            27.295,
            32.016,
            41.593,
            39.395,
            4.472,
            9.055,
            18.248,
            16.763,
            42.059,
            17.464,
            0.0,
            6.083
        ],
        [
            48.021,
            11.402,
            38.328,
            30.0,
            25.962,
            32.062,
            40.162,
            38.328,
            3.606,
            3.606,
            12.166,
            22.361,
            41.593,
            12.083,
            6.083,
            0.0
        ]
    ],
    "distances_scv": [
        [
            0.0,
            0.15,
            0.15,
            0.15,
            0.15,
            0.15,
            0.15,
            0.15,
            0.15,
            0.15,
            0.15,
            0.15,
            0.15,
            0.15,
            0.15,
            0.15
        ],
        [
            0.15,
            0.0,
            0.15,
            0.15,
            0.15,
            0.15,
            0.15,
            0.15,
            0.15,
            0.15,
            0.15,
            0.15,
            0.15,
            0.15,
            0.15,
            0.15
        ],
        [
            0.15,
            0.15,
            0.0,
            0.15,
            0.15,
            0.15,
            0.15,
            0.15,
            0.15,
            0.15,
            0.15,
            0.15,
            0.15,
            0.15,
            0.15,
            0.15
        ],
        [
            0.15,
            0.15,
            0.15,
            0.0,
            0.15,
            0.15,
            0.15,
            0.15,
            0.15,
            0.15,
            0.15,
            0.15,
            0.15,
            0.15,
            0.15,
            0.15
        ],
        [
            0.15,
            0.15,
            0.15,
            0.15,
            0.0,
            0.15,
            0.15,
            0.15,
            0.15,
            0.15,
            0.15,
            0.15,
            0.15,
            0.15,
            0.15,
            0.15
        ],
        [
            0.15,
            0.15,
            0.15,
            0.15,
            0.15,
            0.0,
            0.15,
            0.15,
            0.15,
            0.15,
            0.15,
            0.15,
            0.15,
            0.15,
            0.15,
            0.15
        ],
        [
            0.15,
            0.15,
            0.15,
            0.15,
            0.15,
            0.15,
            0.0,
            0.15,
            0.15,
            0.15,
            0.15,
            0.15,
            0.15,
            0.15,
            0.15,
            0.15
        ],
        [
            0.15,
            0.15,
            0.15,
            0.15,
            0.15,
            0.15,
            0.15,
            0.0,
            0.15,
            0.15,
            0.15,
            0.15,
            0.15,
            0.15,
            0.15,
            0.15
        ],
        [
            0.15,
            0.15,
            0.15,
            0.15,
            0.15,
            0.15,
            0.15,
            0.15,
            0.0,
            0.15,
            0.15,
            0.15,
            0.15,
            0.15,
            0.15,
            0.15
        ],
        [
            0.15,
            0.15,
            0.15,
            0.15,
            0.15,
            0.15,
            0.15,
            0.15,
            0.15,
            0.0,
            0.15,
            0.15,
            0.15,
            0.15,
            0.15,
            0.15
        ],
        [
            0.15,
            0.15,
            0.15,
            0.15,
            0.15,
            0.15,
            0.15,
            0.15,
            0.15,
            0.15,
            0.0,
            0.15,
            0.15,
            0.15,
            0.15,
            0.15
        ],
        [
            0.15,
            0.15,
            0.15,
            0.15,
            0.15,
            0.15,
            0.15,
            0.15,
            0.15,
            0.15,
            0.15,
            0.0,
            0.15,
            0.15,
            0.15,
            0.15
        ],
        [
            0.15,
            0.15,
            0.15,
            0.15,
            0.15,
            0.15,
            0.15,
            0.15,
            0.15,
            0.15,
            0.15,
            0.15,
            0.0,
            0.15,
            0.15,
            0.15
        ],
        [
            0.15,
            0.15,
            0.15,
            0.15,
            0.15,
            0.15,
            0.15,
            0.15,
            0.15,
            0.15,
            0.15,
            0.15,
            0.15,
            0.0,
            0.15,
            0.15
        ],
        [
            0.15,
            0.15,
            0.15,
            0.15,
            0.15,
            0.15,
            0.15,
            0.15,
            0.15,
            0.15,
            0.15,
            0.15,
            0.15,
            0.15,
            0.0,
            0.15
        ],
        [
            0.15,
            0.15,
            0.15,
            0.15,
            0.15,
            0.15,
            0.15,
            0.15,
            0.15,
            0.15,
            0.15,
            0.15,
            0.15,
            0.15,
            0.15,
            0.0
        ]
    ],
    "service_scv": [
        0.0,
        0.745,
        0.707,
        1.477,
        1.365,
        0.578,
        0.653,
        1.446,
        1.168,
        1.115,
        0.56,
        1.222,
        1.038,
        1.181,
        1.259,
        1.151
    ],
    "service": [
        0,
        38,
        37,
        50,
        48,
        51,
        33,
        36,
        57,
        58,
        60,
        54,
        44,
        39,
        39,
        56
    ]
}
