{
    "coords": [
        [
            0,
            0
        ],
        [
            25,
            13
        ],
        [
            15,
            2
        ],
        [
            3,
            0
        ],
        [
            8,
            40
        ],
        [
            32,
            45
        ],
        [
            25,
            30
        ],
        [
            48,
            36
        ],
        [
            31,
            27
        ],
        [
            27,
            46
        ],
        [
            13,
            40
        ],
        [
            33,
            0
        ],
        [
            19,
            42
        ],
        [
            27,
            1
        ],
        [
            38,
            36
        ],
        [
            42,
            8
        ]
    ],
    "dimension": 16,
    "distances": [
        [
            0.0,
            28.178,
            15.133,
            3.0,
            40.792,
            55.218,
            39.051,
            60.0,
            41.11,
            53.339,
            42.059,
            33.0,
            46.098,
            27.019,
            52.345,
            42.755
        ],
        [
            28.178,
            0.0,
            14.866,
            25.554,
            31.906,
            32.757,
            17.0,
            32.527,
            15.232,
            33.061,
            29.547,
            15.264,
            29.614,
            12.166,
            26.42,
            17.72
        ],
        [
            15.133,
            14.866,
            0.0,
            12.166,
            38.639,
            46.239,
            29.732,
            47.381,
            29.682,
            45.607,
            38.053,
            18.111,
            40.2,
            12.042,
            41.049,
            27.659
        ],
        [
            3.0,
            25.554,
            12.166,
            0.0,
            40.311,
            53.535,
            37.202,
            57.628,
            38.897,
            51.884,
            41.231,
            30.0,
            44.944,
            24.021,
            50.21,
            39.812
        ],
        [
            40.792,
            31.906,
            38.639,
            40.311,
            0.0,
            24.515,
            19.723,
            40.2,
            26.42,
            19.925,
            5.0,
            47.17,
            11.18,
            43.382,
            30.265,
            46.69
        ],
        [
            55.218,
            32.757,
            46.239,
            53.535,
            24.515,
            0.0,
            16.553,
            18.358,
            18.028,
            5.099,
            19.647,
            45.011,
            13.342,
            44.283,
            10.817,
            38.328
        ],
        [
            39.051,
            17.0,
            29.732,
            37.202,
            19.723,
            16.553,
            0.0,
            23.77,
            6.708,
            16.125,
            15.62,
            31.048,
            13.416,
            29.069,
            14.318,
            27.803
        ],
        [
            60.0,
            32.527,
            47.381,
            57.628,
            40.2,
            18.358,
            23.77,
            0.0,
            19.235,
            23.259,
            35.228,
            39.0,
            29.614,
            40.817,
            10.0,
            28.636
        ],
        [
            41.11,
            15.232,
            29.682,
            38.897,
            26.42,
            18.028,
            6.708,
            19.235,
            0.0,
            19.416,
            22.204,
            27.074,
            19.209,
            26.306,
            11.402,
            21.954
        ],
        [
            53.339,
            33.061,
            45.607,
            51.884,
            19.925,
            5.099,
            16.125,
            23.259,
            19.416,
            0.0,
            15.232,
            46.39,
            8.944,
            45.0,
            14.866,
            40.853
        ],
        [
            42.059,
            29.547,
            38.053,
            41.231,
            5.0,
            19.647,
            15.62,
            35.228,
            22.204,
            15.232,
            0.0,
            44.721,
            6.325,
            41.437,
            25.318,
            43.186
        ],
        [
            33.0,
            15.264,
            18.111,
            30.0,
            47.17,
            45.011,
            31.048,
            39.0,
            27.074,
            46.39,
            44.721,
            0.0,
            44.272,
            6.083,
            36.346,
            12.042
        ],
        [
            46.098,
            29.614,
            40.2,
            44.944,
            11.18,
            13.342,
            13.416,
            29.614,
            19.209,
            8.944,
            6.325,
            44.272,
            0.0,
            41.773,
            19.925,
            41.049
        ],
        [
            27.019,
            12.166,
            12.042,
            24.021,
            43.382,
            44.283,
            29.069,
            40.817,
            26.306,
            45.0,
            41.437,
            6.083,
            41.773,
            0.0,
            36.688,
            16.553
        ],
        [
            52.345,
            26.42,
            41.049,
            50.21,
            30.265,
            10.817,
            14.318,
            10.0,
            11.402,
            14.866,
            25.318,
            36.346,
            19.925,
            36.688,
            0.0,
            28.284
        ],
        [
            42.755,
            17.72,
            27.659,
            39.812,
            46.69,
            38.328,
            27.803,
            28.636,
            21.954,
            40.853,
            43.186,
            12.042,
            41.049,
            16.553,
            28.284,
            0.0
        ]
    ],
    "distances_scv": [
        [
            0.0,
            0.15,
            0.15,
            0.15,
            0.15,
            0.15,
            0.15,
            0.15,
            0.15,
            0.15,
            0.15,
            0.15,
            0.15,
            0.15,
            0.15,
            0.15
        ],
        [
            0.15,
            0.0,
            0.15,
            0.15,
            0.15,
            0.15,
            0.15,
            0.15,
            0.15,
            0.15,
            0.15,
            0.15,
            0.15,
            0.15,
            0.15,
            0.15
        ],
        [
            0.15,
            0.15,
            0.0,
            0.15,
            0.15,
            0.15,
            0.15,
            0.15,
            0.15,
            0.15,
            0.15,
            0.15,
            0.15,
            0.15,
            0.15,
            0.15
        ],
        [
            0.15,
            0.15,
            0.15,
            0.0,
            0.15,
            0.15,
            0.15,
            0.15,
            0.15,
            0.15,
            0.15,
            0.15,
            0.15,
            0.15,
            0.15,
            0.15
        ],
        [
            0.15,
            0.15,
            0.15,
            0.15,
            0.0,
            0.15,
            0.15,
            0.15,
            0.15,
            0.15,
            0.15,
            0.15,
            0.15,
            0.15,
            0.15,
            0.15
        ],
        [
            0.15,
            0.15,
            0.15,
            0.15,
            0.15,
            0.0,
            0.15,
            0.15,
            0.15,
            0.15,
            0.15,
            0.15,
            0.15,
            0.15,
            0.15,
            0.15
        ],
        [
            0.15,
            0.15,
            0.15,
            0.15,
            0.15,
            0.15,
            0.0,
            0.15,
            0.15,
            0.15,
            0.15,
            0.15,
            0.15,
            0.15,
            0.15,
            0.15
        ],
        [
            0.15,
            0.15,
            0.15,
            0.15,
            0.15,
            0.15,
            0.15,
            0.0,
            0.15,
            0.15,
            0.15,
            0.15,
            0.15,
            0.15,
            0.15,
            0.15
        ],
        [
            0.15,
            0.15,
            0.15,
            0.15,
            0.15,
            0.15,
            0.15,
            0.15,
            0.0,
            0.15,
            0.15,
            0.15,
            0.15,
            0.15,
            0.15,
            0.15
        ],
        [
            0.15,
            0.15,
            0.15,
            0.15,
            0.15,
            0.15,
            0.15,
            0.15,
            0.15,
            0.0,
            0.15,
            0.15,
            0.15,
            0.15,
            0.15,
            0.15
        ],
        [
            0.15,
            0.15,
            0.15,
            0.15,
            0.15,
            0.15,
            0.15,
            0.15,
            0.15,
            0.15,
            0.0,
            0.15,
            0.15,
            0.15,
            0.15,
            0.15
        ],
        [
            0.15,
            0.15,
            0.15,
            0.15,
            0.15,
            0.15,
            0.15,
            0.15,
            0.15,
            0.15,
            0.15,
            0.0,
            0.15,
            0.15,
            0.15,
            0.15
        ],
        [
            0.15,
            0.15,
            0.15,
            0.15,
            0.15,
            0.15,
            0.15,
            0.15,
            0.15,
            0.15,
            0.15,
            0.15,
            0.0,
            0.15,
            0.15,
            0.15
        ],
        [
            0.15,
            0.15,
            0.15,
            0.15,
            0.15,
            0.15,
            0.15,
            0.15,
            0.15,
            0.15,
            0.15,
            0.15,
            0.15,
            0.0,
            0.15,
            0.15
        ],
        [
            0.15,
            0.15,
            0.15,
            0.15,
            0.15,
            0.15,
            0.15,
            0.15,
            0.15,
            0.15,
            0.15,
            0.15,
            0.15,
            0.15,
            0.0,
            0.15
        ],
        [
            0.15,
            0.15,
            0.15,
            0.15,
            0.15,
            0.15,
            0.15,
            0.15,
            0.15,
            0.15,
            0.15,
            0.15,
            0.15,
            0.15,
            0.15,
            0.0
        ]
    ],
    "service_scv": [
        0.0,
        1.253,
        1.414,
        0.976,
        1.364,
        1.202,
        0.794,
        1.268,
        1.071,
        0.594,
        0.891,
        0.574,
        0.976,
        0.929,
        0.924,
        1.086
    ],
    "service": [
        0,
        35,
        42,
        52,
        39,
        55,
        31,
        60,
        32,
        56,
        31,
        43,
        40,
        60,
        50,
        60
    ]
}
