{
    "coords": [
        [
            0,
            0
        ],
        [
            42,
            28
        ],
        [
            21,
            18
        ],
        [
            14,
            16
        ],
        [
            32,
            34
        ],
        [
            17,
            48
        ],
        [
            39,
            48
        ],
        [
            35,
            33
        ],
        [
            27,
            41
        ],
        [
            46,
            22
        ],
        [
            30,
            15
        ],
        [
            43,
            27
        ],
        [
            26,
            30
        ],
        [
            14,
            45
        ],
        [
            20,
            20
        ],
        [
            3,
            27
        ]
    ],
    "dimension": 16,
    "distances": [
        [
            0.0,
            50.478,
            27.659,
            21.26,
            46.69,
            50.922,
            61.847,
            48.104,
            49.092,
            50.99,
            33.541,
            50.774,
            39.699,
            47.127,
            28.284,
            27.166
        ],
        [
            50.478,
            0.0,
            23.259,
            30.463,
            11.662,
            32.016,
            20.224,
            8.602,
            19.849,
            7.211,
            17.692,
            1.414,
            16.125,
            32.757,
            23.409,
            39.013
        ],
        [
            27.659,
            23.259,
            0.0,
            7.28,
            19.416,
            30.265,
            34.986,
            20.518,
            23.77,
            25.318,
            9.487,
            23.77,
            13.0,
            27.893,
            2.236,
            20.125
        ],
        [
            21.26,
            30.463,
            7.28,
            0.0,
            25.456,
            32.14,
            40.608,
            27.019,
            28.178,
            32.558,
            16.031,
            31.016,
            18.439,
            29.0,
            7.211,
            15.556
        ],
        [
            46.69,
            11.662,
            19.416,
            25.456,
            0.0,
            20.518,
            15.652,
            3.162,
            8.602,
            18.439,
            19.105,
            13.038,
            7.211,
            21.095,
            18.439,
            29.833
        ],
        [
            50.922,
            32.016,
            30.265,
            32.14,
            20.518,
            0.0,
            22.0,
            23.431,
            12.207,
            38.949,
            35.468,
            33.422,
            20.125,
            4.243,
            28.16,
            25.239
        ],
        [
            61.847,
            20.224,
            34.986,
            40.608,
            15.652,
            22.0,
            0.0,
            15.524,
            13.892,
            26.926,
            34.205,
            21.378,
            22.204,
            25.179,
            33.838,
            41.677
        ],
        [
            48.104,
            8.602,
            20.518,
            27.019,
            3.162,
            23.431,
            15.524,
            0.0,
            11.314,
            15.556,
            18.682,
            10.0,
            9.487,
            24.187,
            19.849,
            32.558
        ],
        [
            49.092,
            19.849,
            23.77,
            28.178,
            8.602,
            12.207,
            13.892,
            11.314,
            0.0,
            26.87,
            26.173,
            21.26,
            11.045,
            13.601,
            22.136,
            27.785
        ],
        [
            50.99,
            7.211,
            25.318,
            32.558,
            18.439,
            38.949,
            26.926,
            15.556,
            26.87,
            0.0,
            17.464,
            5.831,
            21.541,
            39.408,
            26.077,
            43.29
        ],
        [
            33.541,
            17.692,
            9.487,
            16.031,
            19.105,
            35.468,
            34.205,
            18.682,
            26.173,
            17.464,
            0.0,
            17.692,
            15.524,
            34.0,
            11.18,
            29.547
        ],
        [
            50.774,
            1.414,
            23.77,
            31.016,
            13.038,
            33.422,
            21.378,
            10.0,
            21.26,
            5.831,
            17.692,
            0.0,
            17.263,
            34.132,
            24.042,
            40.0
        ],
        [
            39.699,
            16.125,
            13.0,
            18.439,
            7.211,
            20.125,
            22.204,
            9.487,
            11.045,
            21.541,
            15.524,
            17.263,
            0.0,
            19.209,
            11.662,
            23.195
        ],
        [
            47.127,
            32.757,
            27.893,
            29.0,
            21.095,
            4.243,
            25.179,
            24.187,
            13.601,
            39.408,
            34.0,
            34.132,
            19.209,
            0.0,
            25.71,
            21.095
        ],
        [
            28.284,
            23.409,
            2.236,
            7.211,
            18.439,
            28.16,
            33.838,
            19.849,
            22.136,
            26.077,
            11.18,
            24.042,
            11.662,
            25.71,
            0.0,
            18.385
        ],
        [
            27.166,
            39.013,
            20.125,
            15.556,
            29.833,
            25.239,
            41.677,
            32.558,
            27.785,
            43.29,
            29.547,
            40.0,
            23.195,
            21.095,
            18.385,
            0.0
        ]
    ],
    "distances_scv": [
        [
            0.0,
            0.161,
            0.116,
            0.193,
            0.343,
            0.462,
            0.103,
            0.284,
            0.425,
            0.485,
            0.164,
            0.127,
            0.16,
            0.231,
            0.246,
            0.337
        ],
        [
            0.119,
            0.0,
            0.366,
            0.314,
            0.495,
            0.272,
            0.219,
            0.4,
            0.424,
            0.387,
            0.446,
            0.148,
            0.472,
            0.209,
            0.349,
            0.202
        ],
        [
            0.308,
            0.476,
            0.0,
            0.496,
            0.299,
            0.472,
            0.298,
            0.254,
            0.426,
            0.214,
            0.424,
            0.213,
            0.249,
            0.402,
            0.253,
            0.4
        ],
        [
            0.167,
            0.175,
            0.145,
            0.0,
            0.426,
            0.419,
            0.464,
            0.101,
            0.418,
            0.11,
            0.166,
            0.116,
            0.154,
            0.11,
            0.455,
            0.194
        ],
        [
            0.316,
            0.358,
            0.24,
            0.3,
            0.0,
            0.47,
            0.289,
            0.224,
            0.447,
            0.325,
            0.325,
            0.445,
            0.449,
            0.328,
            0.317,
            0.479
        ],
        [
            0.434,
            0.167,
            0.42,
            0.228,
            0.227,
            0.0,
            0.411,
            0.493,
            0.375,
            0.187,
            0.127,
            0.166,
            0.133,
            0.221,
            0.339,
            0.382
        ],
        [
            0.201,
            0.281,
            0.382,
            0.222,
            0.157,
            0.142,
            0.0,
            0.19,
            0.431,
            0.327,
            0.126,
            0.238,
            0.293,
            0.264,
            0.108,
            0.181
        ],
        [
            0.201,
            0.234,
            0.292,
            0.157,
            0.262,
            0.268,
            0.491,
            0.0,
            0.396,
            0.339,
            0.495,
            0.469,
            0.127,
            0.132,
            0.353,
            0.203
        ],
        [
            0.235,
            0.268,
            0.352,
            0.278,
            0.155,
            0.398,
            0.388,
            0.225,
            0.0,
            0.215,
            0.119,
            0.236,
            0.496,
            0.332,
            0.176,
            0.487
        ],
        [
            0.127,
            0.116,
            0.308,
            0.191,
            0.303,
            0.137,
            0.424,
            0.41,
            0.286,
            0.0,
            0.298,
            0.461,
            0.133,
            0.305,
            0.327,
            0.368
        ],
        [
            0.364,
            0.428,
            0.16,
            0.132,
            0.252,
            0.159,
            0.308,
            0.493,
            0.223,
            0.153,
            0.0,
            0.193,
            0.175,
            0.114,
            0.138,
            0.447
        ],
        [
            0.332,
            0.287,
            0.167,
            0.249,
            0.111,
            0.26,
            0.182,
            0.388,
            0.298,
            0.453,
            0.108,
            0.0,
            0.36,
            0.195,
            0.2,
            0.327
        ],
        [
            0.159,
            0.291,
            0.217,
            0.358,
            0.12,
            0.167,
            0.277,
            0.175,
            0.369,
            0.199,
            0.418,
            0.204,
            0.0,
            0.149,
            0.366,
            0.118
        ],
        [
            0.468,
            0.384,
            0.441,
            0.108,
            0.173,
            0.211,
            0.157,
            0.263,
            0.258,
            0.223,
            0.189,
            0.21,
            0.177,
            0.0,
            0.326,
            0.342
        ],
        [
            0.106,
            0.226,
            0.359,
            0.116,
            0.107,
            0.189,
            0.404,
            0.391,
            0.205,
            0.386,
            0.405,
            0.445,
            0.428,
            0.326,
            0.0,
            0.137
        ],
        [
            0.153,
            0.202,
            0.246,
            0.215,
            0.11,
            0.211,
            0.138,
            0.178,
            0.121,
            0.228,
            0.482,
            0.112,
            0.287,
            0.457,
            0.404,
            0.0
        ]
    ],
    "service_scv": [
        0.0,
        0.894,
        0.731,
        0.954,
        0.679,
        1.443,
        0.698,
        1.488,
        1.299,
        1.318,
        1.367,
        1.273,
        0.648,
        0.883,
        0.744,
        1.16
    ],
    "service": [
        0.0,
        26.58,
        13.139,
        1.0,
        18.246,
        1.0,
        21.74,
        22.94,
        6.607,
        1.0,
        24.72,
        18.553,
        33.93,
        40.717,
        51.78,
        42.18
    ]
}
