{
    "coords": [
        [
            0,
            0
        ],
        [
            13,
            10
        ],
        [
            39,
            41
        ],
        [
            25,
            7
        ],
        [
            41,
            25
        ],
        [
            7,
            6
        ],
        [
            20,
            34
        ],
        [
            20,
            42
        ],
        [
            0,
            21
        ],
        [
            26,
            47
        ],
        [
            11,
            41
        ],
        [
            3,
            16
        ],
        [
            37,
            28
        ],
        [
            46,
            37
        ],
        [
            45,
            41
        ],
        [
            6,
            46
        ]
    ],
    "dimension": 16,
    "distances": [
        [
            0.0,
            16.401,
            56.586,
            25.962,
            48.021,
            9.22,
            39.446,
            46.519,
            21.0,
            53.712,
            42.45,
            16.279,
            46.4,
            59.034,
            60.877,
            46.39
        ],
        [
            16.401,
            0.0,
            40.46,
            12.369,
            31.765,
            7.211,
            25.0,
            32.757,
            17.029,
            39.217,
            31.064,
            11.662,
            30.0,
            42.638,
            44.553,
            36.674
        ],
        [
            56.586,
            40.46,
            0.0,
            36.77,
            16.125,
            47.424,
            20.248,
            19.026,
            43.829,
            14.318,
            28.0,
            43.829,
            13.153,
            8.062,
            6.0,
            33.377
        ],
        [
            25.962,
            12.369,
            36.77,
            0.0,
            24.083,
            18.028,
            27.459,
            35.355,
            28.653,
            40.012,
            36.77,
            23.77,
            24.187,
            36.62,
            39.446,
            43.382
        ],
        [
            48.021,
            31.765,
            16.125,
            24.083,
            0.0,
            38.949,
            22.847,
            27.019,
            41.195,
            26.627,
            34.0,
            39.051,
            5.0,
            13.0,
            16.492,
            40.817
        ],
        [
            9.22,
            7.211,
            47.424,
            18.028,
            38.949,
            0.0,
            30.871,
            38.275,
            16.553,
            45.188,
            35.228,
            10.77,
            37.202,
            49.82,
            51.662,
            40.012
        ],
        [
            39.446,
            25.0,
            20.248,
            27.459,
            22.847,
            30.871,
            0.0,
            8.0,
            23.854,
            14.318,
            11.402,
            24.759,
            18.028,
            26.173,
            25.962,
            18.439
        ],
        [
            46.519,
            32.757,
            19.026,
            35.355,
            27.019,
            38.275,
            8.0,
            0.0,
            29.0,
            7.81,
            9.055,
            31.064,
            22.023,
            26.476,
            25.02,
            14.56
        ],
        [
            21.0,
            17.029,
            43.829,
            28.653,
            41.195,
            16.553,
            23.854,
            29.0,
            0.0,
            36.77,
            22.825,
            5.831,
            37.656,
            48.703,
            49.244,
            25.71
        ],
        [
            53.712,
            39.217,
            14.318,
            40.012,
            26.627,
            45.188,
            14.318,
            7.81,
            36.77,
            0.0,
            16.155,
            38.601,
            21.954,
            22.361,
            19.925,
            20.025
        ],
        [
            42.45,
            31.064,
            28.0,
            36.77,
            34.0,
            35.228,
            11.402,
            9.055,
            22.825,
            16.155,
            0.0,
            26.249,
            29.069,
            35.228,
            34.0,
            7.071
        ],
        [
            16.279,
            11.662,
            43.829,
            23.77,
            39.051,
            10.77,
            24.759,
            31.064,
            5.831,
            38.601,
            26.249,
            0.0,
            36.056,
            47.854,
            48.877,
            30.15
        ],
        [
            46.4,
            30.0,
            13.153,
            24.187,
            5.0,
            37.202,
            18.028,
            22.023,
            37.656,
            21.954,
            29.069,
            36.056,
            0.0,
            12.728,
            15.264,
            35.847
        ],
        [
            59.034,
            42.638,
            8.062,
            36.62,
            13.0,
            49.82,
            26.173,
            26.476,
            48.703,
            22.361,
            35.228,
            47.854,
            12.728,
            0.0,
            4.123,
            41.0
        ],
        [
            60.877,
            44.553,
            6.0,
            39.446,
            16.492,
            51.662,
            25.962,
            25.02,
            49.244,
            19.925,
            34.0,
            48.877,
            15.264,
            4.123,
            0.0,
            39.319
        ],
        [
            46.39,
            36.674,
            33.377,
            43.382,
            40.817,
            40.012,
            18.439,
            14.56,
            25.71,
            20.025,
            7.071,
            30.15,
            35.847,
            41.0,
            39.319,
            0.0
        ]
    ],
    "distances_scv": [
        [
            0.0,
            0.175,
            0.114,
            0.191,
            0.123,
            0.185,
            0.131,
            0.197,
            0.152,
            0.132,
            0.128,
            0.161,
            0.133,
            0.168,
            0.115,
            0.125
        ],
        [
            0.187,
            0.0,
            0.126,
            0.115,
            0.114,
            0.125,
            0.138,
            0.165,
            0.184,
            0.178,
            0.134,
            0.115,
            0.146,
            0.144,
            0.157,
            0.137
        ],
        [
            0.163,
            0.111,
            0.0,
            0.177,
            0.199,
            0.181,
            0.184,
            0.18,
            0.146,
            0.174,
            0.158,
            0.145,
            0.127,
            0.186,
            0.107,
            0.182
        ],
        [
            0.188,
            0.142,
            0.183,
            0.0,
            0.152,
            0.155,
            0.119,
            0.133,
            0.128,
            0.146,
            0.167,
            0.168,
            0.152,
            0.146,
            0.151,
            0.132
        ],
        [
            0.117,
            0.13,
            0.165,
            0.106,
            0.0,
            0.128,
            0.119,
            0.149,
            0.135,
            0.11,
            0.171,
            0.179,
            0.104,
            0.163,
            0.125,
            0.143
        ],
        [
            0.179,
            0.153,
            0.101,
            0.102,
            0.139,
            0.0,
            0.123,
            0.144,
            0.114,
            0.181,
            0.138,
            0.136,
            0.126,
            0.184,
            0.144,
            0.105
        ],
        [
            0.18,
            0.125,
            0.118,
            0.123,
            0.154,
            0.196,
            0.0,
            0.146,
            0.161,
            0.198,
            0.195,
            0.14,
            0.137,
            0.143,
            0.111,
            0.183
        ],
        [
            0.189,
            0.138,
            0.173,
            0.174,
            0.144,
            0.186,
            0.198,
            0.0,
            0.143,
            0.118,
            0.179,
            0.195,
            0.152,
            0.128,
            0.191,
            0.187
        ],
        [
            0.149,
            0.187,
            0.139,
            0.103,
            0.109,
            0.147,
            0.127,
            0.101,
            0.0,
            0.178,
            0.118,
            0.121,
            0.191,
            0.112,
            0.137,
            0.112
        ],
        [
            0.168,
            0.102,
            0.184,
            0.114,
            0.186,
            0.158,
            0.139,
            0.148,
            0.14,
            0.0,
            0.196,
            0.141,
            0.15,
            0.185,
            0.108,
            0.11
        ],
        [
            0.197,
            0.168,
            0.136,
            0.198,
            0.15,
            0.145,
            0.122,
            0.155,
            0.131,
            0.167,
            0.0,
            0.167,
            0.143,
            0.137,
            0.111,
            0.114
        ],
        [
            0.137,
            0.194,
            0.158,
            0.113,
            0.154,
            0.136,
            0.111,
            0.135,
            0.121,
            0.181,
            0.171,
            0.0,
            0.178,
            0.143,
            0.198,
            0.178
        ],
        [
            0.138,
            0.149,
            0.148,
            0.157,
            0.113,
            0.122,
            0.133,
            0.152,
            0.117,
            0.19,
            0.117,
            0.183,
            0.0,
            0.155,
            0.116,
            0.153
        ],
        [
            0.11,
            0.163,
            0.115,
            0.169,
            0.114,
            0.195,
            0.151,
            0.126,
            0.103,
            0.133,
            0.194,
            0.14,
            0.189,
            0.0,
            0.126,
            0.193
        ],
        [
            0.137,
            0.109,
            0.175,
            0.175,
            0.124,
            0.161,
            0.196,
            0.134,
            0.114,
            0.188,
            0.149,
            0.159,
            0.174,
            0.109,
            0.0,
            0.172
        ],
        [
            0.184,
            0.136,
            0.151,
            0.195,
            0.164,
            0.199,
            0.175,
            0.165,
            0.14,
            0.144,
            0.145,
            0.143,
            0.164,
            0.107,
            0.116,
            0.0
        ]
    ],
    "service_scv": [
        0.0,
        0.643,
        0.951,
        0.951,
        1.042,
        1.493,
        1.0,
        0.577,
        1.211,
        1.247,
        1.343,
        0.506,
        1.428,
        1.199,
        1.176,
        1.186
    ],
    "service": [
        0,
        16,
        15,
        9,
        14,
        2,
        21,
        4,
        3,
        29,
        16,
        14,
        18,
        5,
        7,
        3
    ]
}
