{
    "coords": [
        [
            0,
            0
        ],
        [
            32,
            18
        ],
        [
            4,
            35
        ],
        [
            17,
            43
        ],
        [
            16,
            32
        ],
        [
            9,
            27
        ],
        [
            3,
            38
        ],
        [
            4,
            35
        ],
        [
            38,
            23
        ],
        [
            39,
            28
        ],
        [
            43,
            37
        ],
        [
            45,
            3
        ],
        [
            0,
            32
        ],
        [
            36,
            36
        ],
        [
            40,
            19
        ],
        [
            41,
            25
        ],
        [
            8,
            11
        ],
        [
            39,
            32
        ],
        [
            43,
            48
        ],
        [
            38,
            14
        ],
        [
            27,
            23
        ]
    ],
    "dimension": 21,
    "distances": [
        [
            0.0,
            36.715,
            35.228,
            46.239,
            35.777,
            28.46,
            38.118,
            35.228,
            44.418,
            48.01,
            56.727,
            45.1,
            32.0,
            50.912,
            44.283,
            48.021,
            13.601,
            50.448,
            64.444,
            40.497,
            35.468
        ],
        [
            36.715,
            0.0,
            32.757,
            29.155,
            21.26,
            24.698,
            35.228,
            32.757,
            7.81,
            12.207,
            21.954,
            19.849,
            34.928,
            18.439,
            8.062,
            11.402,
            25.0,
            15.652,
            31.953,
            7.211,
            7.071
        ],
        [
            35.228,
            32.757,
            0.0,
            15.264,
            12.369,
            9.434,
            3.162,
            0.0,
            36.056,
            35.693,
            39.051,
            52.01,
            5.0,
            32.016,
            39.395,
            38.328,
            24.331,
            35.128,
            41.11,
            39.962,
            25.942
        ],
        [
            46.239,
            29.155,
            15.264,
            0.0,
            11.045,
            17.889,
            14.866,
            15.264,
            29.0,
            26.627,
            26.683,
            48.826,
            20.248,
            20.248,
            33.242,
            30.0,
            33.242,
            24.597,
            26.476,
            35.805,
            22.361
        ],
        [
            35.777,
            21.26,
            12.369,
            11.045,
            0.0,
            8.602,
            14.318,
            12.369,
            23.77,
            23.345,
            27.459,
            41.012,
            16.0,
            20.396,
            27.295,
            25.962,
            22.472,
            23.0,
            31.385,
            28.425,
            14.213
        ],
        [
            28.46,
            24.698,
            9.434,
            17.889,
            8.602,
            0.0,
            12.53,
            9.434,
            29.275,
            30.017,
            35.44,
            43.267,
            10.296,
            28.46,
            32.016,
            32.062,
            16.031,
            30.414,
            39.962,
            31.78,
            18.439
        ],
        [
            38.118,
            35.228,
            3.162,
            14.866,
            14.318,
            12.53,
            0.0,
            3.162,
            38.079,
            37.363,
            40.012,
            54.672,
            6.708,
            33.061,
            41.593,
            40.162,
            27.459,
            36.497,
            41.231,
            42.438,
            28.302
        ],
        [
            35.228,
            32.757,
            0.0,
            15.264,
            12.369,
            9.434,
            3.162,
            0.0,
            36.056,
            35.693,
            39.051,
            52.01,
            5.0,
            32.016,
            39.395,
            38.328,
            24.331,
            35.128,
            41.11,
            39.962,
            25.942
        ],
        [
            44.418,
            7.81,
            36.056,
            29.0,
            23.77,
            29.275,
            38.079,
            36.056,
            0.0,
            5.099,
            14.866,
            21.19,
            39.051,
            13.153,
            4.472,
            3.606,
            32.311,
            9.055,
            25.495,
            9.0,
            11.0
        ],
        [
            48.01,
            12.207,
            35.693,
            26.627,
            23.345,
            30.017,
            37.363,
            35.693,
            5.099,
            0.0,
            9.849,
            25.71,
            39.205,
            8.544,
            9.055,
            3.606,
            35.355,
            4.0,
            20.396,
            14.036,
            13.0
        ],
        [
            56.727,
            21.954,
            39.051,
            26.683,
            27.459,
            35.44,
            40.012,
            39.051,
            14.866,
            9.849,
            0.0,
            34.059,
            43.29,
            7.071,
            18.248,
            12.166,
            43.6,
            6.403,
            11.0,
            23.537,
            21.26
        ],
        [
            45.1,
            19.849,
            52.01,
            48.826,
            41.012,
            43.267,
            54.672,
            52.01,
            21.19,
            25.71,
            34.059,
            0.0,
            53.535,
            34.205,
            16.763,
            22.361,
            37.855,
            29.614,
            45.044,
            13.038,
            26.907
        ],
        [
            32.0,
            34.928,
            5.0,
            20.248,
            16.0,
            10.296,
            6.708,
            5.0,
            39.051,
            39.205,
            43.29,
            53.535,
            0.0,
            36.222,
            42.059,
            41.593,
            22.472,
            39.0,
            45.88,
            42.048,
            28.46
        ],
        [
            50.912,
            18.439,
            32.016,
            20.248,
            20.396,
            28.46,
            33.061,
            32.016,
            13.153,
            8.544,
            7.071,
            34.205,
            36.222,
            0.0,
            17.464,
            12.083,
            37.537,
            5.0,
            13.892,
            22.091,
            15.811
        ],
        [
            44.283,
            8.062,
            39.395,
            33.242,
            27.295,
            32.016,
            41.593,
            39.395,
            4.472,
            9.055,
            18.248,
            16.763,
            42.059,
            17.464,
            0.0,
            6.083,
            32.985,
            13.038,
            29.155,
            5.385,
            13.601
        ],
        [
            48.021,
            11.402,
            38.328,
            30.0,
            25.962,
            32.062,
            40.162,
            38.328,
            3.606,
            3.606,
            12.166,
            22.361,
            41.593,
            12.083,
            6.083,
            0.0,
            35.847,
            7.28,
            23.087,
            11.402,
            14.142
        ],
        [
            13.601,
            25.0,
            24.331,
            33.242,
            22.472,
            16.031,
            27.459,
            24.331,
            32.311,
            35.355,
            43.6,
            37.855,
            22.472,
            37.537,
            32.985,
            35.847,
            0.0,
            37.443,
            50.931,
            30.15,
            22.472
        ],
        [
            50.448,
            15.652,
            35.128,
            24.597,
            23.0,
            30.414,
            36.497,
            35.128,
            9.055,
            4.0,
            6.403,
            29.614,
            39.0,
            5.0,
            13.038,
            7.28,
            37.443,
            0.0,
            16.492,
            18.028,
            15.0
        ],
        [
            64.444,
            31.953,
            41.11,
            26.476,
            31.385,
            39.962,
            41.231,
            41.11,
            25.495,
            20.396,
            11.0,
            45.044,
            45.88,
            13.892,
            29.155,
            23.087,
            50.931,
            16.492,
            0.0,
            34.366,
            29.682
        ],
        [
            40.497,
            7.211,
            39.962,
            35.805,
            28.425,
            31.78,
            42.438,
            39.962,
            9.0,
            14.036,
            23.537,
            13.038,
            42.048,
            22.091,
            5.385,
            11.402,
            30.15,
            18.028,
            34.366,
            0.0,
            14.213
        ],
        [
            35.468,
            7.071,
            25.942,
            22.361,
            14.213,
            18.439,
            28.302,
            25.942,
            11.0,
            13.0,
            21.26,
            26.907,
            28.46,
            15.811,
            13.601,
            14.142,
            22.472,
            15.0,
            29.682,
            14.213,
            0.0
        ]
    ],
    "distances_scv": [
        [
            0.0,
            0.15,
            0.15,
            0.15,
            0.15,
            0.15,
            0.15,
            0.15,
            0.15,
            0.15,
            0.15,
            0.15,
            0.15,
            0.15,
            0.15,
            0.15,
            0.15,
            0.15,
            0.15,
            0.15,
            0.15
        ],
        [
            0.15,
            0.0,
            0.15,
            0.15,
            0.15,
            0.15,
            0.15,
            0.15,
            0.15,
            0.15,
            0.15,
            0.15,
            0.15,
            0.15,
            0.15,
            0.15,
            0.15,
            0.15,
            0.15,
            0.15,
            0.15
        ],
        [
            0.15,
            0.15,
            0.0,
            0.15,
            0.15,
            0.15,
            0.15,
            0.15,
            0.15,
            0.15,
            0.15,
            0.15,
            0.15,
            0.15,
            0.15,
            0.15,
            0.15,
            0.15,
            0.15,
            0.15,
            0.15
        ],
        [
            0.15,
            0.15,
            0.15,
            0.0,
            0.15,
            0.15,
            0.15,
            0.15,
            0.15,
            0.15,
            0.15,
            0.15,
            0.15,
            0.15,
            0.15,
            0.15,
            0.15,
            0.15,
            0.15,
            0.15,
            0.15
        ],
        [
            0.15,
            0.15,
            0.15,
            0.15,
            0.0,
            0.15,
            0.15,
            0.15,
            0.15,
            0.15,
            0.15,
            0.15,
            0.15,
            0.15,
            0.15,
            0.15,
            0.15,
            0.15,
            0.15,
            0.15,
            0.15
        ],
        [
            0.15,
            0.15,
            0.15,
            0.15,
            0.15,
            0.0,
            0.15,
            0.15,
            0.15,
            0.15,
            0.15,
            0.15,
            0.15,
            0.15,
            0.15,
            0.15,
            0.15,
            0.15,
            0.15,
            0.15,
            0.15
        ],
        [
            0.15,
            0.15,
            0.15,
            0.15,
            0.15,
            0.15,
            0.0,
            0.15,
            0.15,
            0.15,
            0.15,
            0.15,
            0.15,
            0.15,
            0.15,
            0.15,
            0.15,
            0.15,
            0.15,
            0.15,
            0.15
        ],
        [
            0.15,
            0.15,
            0.15,
            0.15,
            0.15,
            0.15,
            0.15,
            0.0,
            0.15,
            0.15,
            0.15,
            0.15,
            0.15,
            0.15,
            0.15,
            0.15,
            0.15,
            0.15,
            0.15,
            0.15,
            0.15
        ],
        [
            0.15,
            0.15,
            0.15,
            0.15,
            0.15,
            0.15,
            0.15,
            0.15,
            0.0,
            0.15,
            0.15,
            0.15,
            0.15,
            0.15,
            0.15,
            0.15,
            0.15,
            0.15,
            0.15,
            0.15,
            0.15
        ],
        [
            0.15,
            0.15,
            0.15,
            0.15,
            0.15,
            0.15,
            0.15,
            0.15,
            0.15,
            0.0,
            0.15,
            0.15,
            0.15,
            0.15,
            0.15,
            0.15,
            0.15,
            0.15,
            0.15,
            0.15,
            0.15
        ],
        [
            0.15,
            0.15,
            0.15,
            0.15,
            0.15,
            0.15,
            0.15,
            0.15,
            0.15,
            0.15,
            0.0,
            0.15,
            0.15,
            0.15,
            0.15,
            0.15,
            0.15,
            0.15,
            0.15,
            0.15,
            0.15
        ],
        [
            0.15,
            0.15,
            0.15,
            0.15,
            0.15,
            0.15,
            0.15,
            0.15,
            0.15,
            0.15,
            0.15,
            0.0,
            0.15,
            0.15,
            0.15,
            0.15,
            0.15,
            0.15,
            0.15,
            0.15,
            0.15
        ],
        [
            0.15,
            0.15,
            0.15,
            0.15,
            0.15,
            0.15,
            0.15,
            0.15,
            0.15,
            0.15,
            0.15,
            0.15,
            0.0,
            0.15,
            0.15,
            0.15,
            0.15,
            0.15,
            0.15,
            0.15,
            0.15
        ],
        [
            0.15,
            0.15,
            0.15,
            0.15,
            0.15,
            0.15,
            0.15,
            0.15,
            0.15,
            0.15,
            0.15,
            0.15,
            0.15,
            0.0,
            0.15,
            0.15,
            0.15,
            0.15,
            0.15,
            0.15,
            0.15
        ],
        [
            0.15,
            0.15,
            0.15,
            0.15,
            0.15,
            0.15,
            0.15,
            0.15,
            0.15,
            0.15,
            0.15,
            0.15,
            0.15,
            0.15,
            0.0,
            0.15,
            0.15,
            0.15,
            0.15,
            0.15,
            0.15
        ],
        [
            0.15,
            0.15,
            0.15,
            0.15,
            0.15,
            0.15,
            0.15,
            0.15,
            0.15,
            0.15,
            0.15,
            0.15,
            0.15,
            0.15,
            0.15,
            0.0,
            0.15,
            0.15,
            0.15,
            0.15,
            0.15
        ],
        [
            0.15,
            0.15,
            0.15,
            0.15,
            0.15,
            0.15,
            0.15,
            0.15,
            0.15,
            0.15,
            0.15,
            0.15,
            0.15,
            0.15,
            0.15,
            0.15,
            0.0,
            0.15,
            0.15,
            0.15,
            0.15
        ],
        [
            0.15,
            0.15,
            0.15,
            0.15,
            0.15,
            0.15,
            0.15,
            0.15,
            0.15,
            0.15,
            0.15,
            0.15,
            0.15,
            0.15,
            0.15,
            0.15,
            0.15,
            0.0,
            0.15,
            0.15,
            0.15
        ],
        [
            0.15,
            0.15,
            0.15,
            0.15,
            0.15,
            0.15,
            0.15,
            0.15,
            0.15,
            0.15,
            0.15,
            0.15,
            0.15,
            0.15,
            0.15,
            0.15,
            0.15,
            0.15,
            0.0,
            0.15,
            0.15
        ],
        [
            0.15,
            0.15,
            0.15,
            0.15,
            0.15,
            0.15,
            0.15,
            0.15,
            0.15,
            0.15,
            0.15,
            0.15,
            0.15,
            0.15,
            0.15,
            0.15,
            0.15,
            0.15,
            0.15,
            0.0,
            0.15
        ],
        [
            0.15,
            0.15,
            0.15,
            0.15,
            0.15,
            0.15,
            0.15,
            0.15,
            0.15,
            0.15,
            0.15,
            0.15,
            0.15,
            0.15,
            0.15,
            0.15,
            0.15,
            0.15,
            0.15,
            0.15,
            0.0
        ]
    ],
    "service_scv": [
        0.0,
        0.978,
        0.893,
        0.702,
        1.202,
        1.331,
        1.082,
        0.575,
        1.393,
        1.246,
        0.865,
        1.207,
        0.753,
        0.661,
        1.407,
        1.374,
        0.825,
        1.257,
        0.589,
        0.824,
        1.257
    ],
    "service": [
        0,
        56,
        35,
        37,
        58,
        35,
        46,
        31,
        60,
        45,
        31,
        55,
        40,
        37,
        58,
        31,
        54,
        39,
        43,
        36,
        45
    ]
}
