{
    "coords": [
        [
            0,
            0
        ],
        [
            40,
            42
        ],
        [
            3,
            40
        ],
        [
            47,
            13
        ],
        [
            8,
            3
        ],
        [
            39,
            47
        ],
        [
            30,
            30
        ],
        [
            39,
            0
        ],
        [
            41,
            45
        ],
        [
            6,
            49
        ],
        [
            42,
            14
        ],
        [
            23,
            40
        ],
        [
            45,
            4
        ],
        [
            32,
            21
        ],
        [
            17,
            40
        ],
        [
            34,
            20
        ],
        [
            44,
            25
        ],
        [
            42,
            5
        ],
        [
            45,
            40
        ],
        [
            26,
            24
        ],
        [
            15,
            12
        ]
    ],
    "dimension": 21,
    "distances": [
        [
            0.0,
            58.0,
            40.112,
            48.765,
            8.544,
            61.074,
            42.426,
            39.0,
            60.877,
            49.366,
            44.272,
            46.141,
            45.177,
            38.275,
            43.463,
            39.446,
            50.606,
            42.297,
            60.208,
            35.384,
            19.209
        ],
        [
            58.0,
            0.0,
            37.054,
            29.833,
            50.448,
            5.099,
            15.62,
            42.012,
            3.162,
            34.713,
            28.071,
            17.117,
            38.328,
            22.472,
            23.087,
            22.804,
            17.464,
            37.054,
            5.385,
            22.804,
            39.051
        ],
        [
            40.112,
            37.054,
            0.0,
            51.624,
            37.336,
            36.674,
            28.792,
            53.814,
            38.328,
            9.487,
            46.872,
            20.0,
            55.317,
            34.67,
            14.0,
            36.892,
            43.658,
            52.402,
            42.0,
            28.018,
            30.463
        ],
        [
            48.765,
            29.833,
            51.624,
            0.0,
            40.262,
            34.928,
            24.042,
            15.264,
            32.558,
            54.562,
            5.099,
            36.125,
            9.22,
            17.0,
            40.361,
            14.765,
            12.369,
            9.434,
            27.074,
            23.707,
            32.016
        ],
        [
            8.544,
            50.448,
            37.336,
            40.262,
            0.0,
            53.824,
            34.828,
            31.145,
            53.413,
            46.043,
            35.735,
            39.925,
            37.014,
            30.0,
            38.079,
            31.064,
            42.19,
            34.059,
            52.326,
            27.659,
            11.402
        ],
        [
            61.074,
            5.099,
            36.674,
            34.928,
            53.824,
            0.0,
            19.235,
            47.0,
            2.828,
            33.061,
            33.136,
            17.464,
            43.417,
            26.926,
            23.087,
            27.459,
            22.561,
            42.107,
            9.22,
            26.42,
            42.438
        ],
        [
            42.426,
            15.62,
            28.792,
            24.042,
            34.828,
            19.235,
            0.0,
            31.321,
            18.601,
            30.61,
            20.0,
            12.207,
            30.017,
            9.22,
            16.401,
            10.77,
            14.866,
            27.731,
            18.028,
            7.211,
            23.431
        ],
        [
            39.0,
            42.012,
            53.814,
            15.264,
            31.145,
            47.0,
            31.321,
            0.0,
            45.044,
            59.076,
            14.318,
            43.081,
            7.211,
            22.136,
            45.651,
            20.616,
            25.495,
            5.831,
            40.447,
            27.295,
            26.833
        ],
        [
            60.877,
            3.162,
            38.328,
            32.558,
            53.413,
            2.828,
            18.601,
            45.044,
            0.0,
            35.228,
            31.016,
            18.682,
            41.195,
            25.632,
            24.515,
            25.962,
            20.224,
            40.012,
            6.403,
            25.807,
            42.012
        ],
        [
            49.366,
            34.713,
            9.487,
            54.562,
            46.043,
            33.061,
            30.61,
            59.076,
            35.228,
            0.0,
            50.21,
            19.235,
            59.548,
            38.21,
            14.213,
            40.311,
            44.944,
            56.851,
            40.025,
            32.016,
            38.079
        ],
        [
            44.272,
            28.071,
            46.872,
            5.099,
            35.735,
            33.136,
            20.0,
            14.318,
            31.016,
            50.21,
            0.0,
            32.202,
            10.44,
            12.207,
            36.069,
            10.0,
            11.18,
            9.0,
            26.173,
            18.868,
            27.074
        ],
        [
            46.141,
            17.117,
            20.0,
            36.125,
            39.925,
            17.464,
            12.207,
            43.081,
            18.682,
            19.235,
            32.202,
            0.0,
            42.19,
            21.024,
            6.0,
            22.825,
            25.807,
            39.825,
            22.0,
            16.279,
            29.12
        ],
        [
            45.177,
            38.328,
            55.317,
            9.22,
            37.014,
            43.417,
            30.017,
            7.211,
            41.195,
            59.548,
            10.44,
            42.19,
            0.0,
            21.401,
            45.607,
            19.416,
            21.024,
            3.162,
            36.0,
            27.586,
            31.048
        ],
        [
            38.275,
            22.472,
            34.67,
            17.0,
            30.0,
            26.926,
            9.22,
            22.136,
            25.632,
            38.21,
            12.207,
            21.024,
            21.401,
            0.0,
            24.207,
            2.236,
            12.649,
            18.868,
            23.022,
            6.708,
            19.235
        ],
        [
            43.463,
            23.087,
            14.0,
            40.361,
            38.079,
            23.087,
            16.401,
            45.651,
            24.515,
            14.213,
            36.069,
            6.0,
            45.607,
            24.207,
            0.0,
            26.249,
            30.887,
            43.012,
            28.0,
            18.358,
            28.071
        ],
        [
            39.446,
            22.804,
            36.892,
            14.765,
            31.064,
            27.459,
            10.77,
            20.616,
            25.962,
            40.311,
            10.0,
            22.825,
            19.416,
            2.236,
            26.249,
            0.0,
            11.18,
            17.0,
            22.825,
            8.944,
            20.616
        ],
        [
            50.606,
            17.464,
            43.658,
            12.369,
            42.19,
            22.561,
            14.866,
            25.495,
            20.224,
            44.944,
            11.18,
            25.807,
            21.024,
            12.649,
            30.887,
            11.18,
            0.0,
            20.1,
            15.033,
            18.028,
            31.78
        ],
        [
            42.297,
            37.054,
            52.402,
            9.434,
            34.059,
            42.107,
            27.731,
            5.831,
            40.012,
            56.851,
            9.0,
            39.825,
            3.162,
            18.868,
            43.012,
            17.0,
            20.1,
            0.0,
            35.128,
            24.839,
            27.893
        ],
        [
            60.208,
            5.385,
            42.0,
            27.074,
            52.326,
            9.22,
            18.028,
            40.447,
            6.403,
            40.025,
            26.173,
            22.0,
            36.0,
            23.022,
            28.0,
            22.825,
            15.033,
            35.128,
            0.0,
            24.839,
            41.037
        ],
        [
            35.384,
            22.804,
            28.018,
            23.707,
            27.659,
            26.42,
            7.211,
            27.295,
            25.807,
            32.016,
            18.868,
            16.279,
            27.586,
            6.708,
            18.358,
            8.944,
            18.028,
            24.839,
            24.839,
            0.0,
            16.279
        ],
        [
            19.209,
            39.051,
            30.463,
            32.016,
            11.402,
            42.438,
            23.431,
            26.833,
            42.012,
            38.079,
            27.074,
            29.12,
            31.048,
            19.235,
            28.071,
            20.616,
            31.78,
            27.893,
            41.037,
            16.279,
            0.0
        ]
    ],
    "distances_scv": [
        [
            0.0,
            0.198,
            0.154,
            0.174,
            0.199,
            0.103,
            0.16,
            0.197,
            0.112,
            0.122,
            0.155,
            0.172,
            0.155,
            0.155,
            0.105,
            0.174,
            0.132,
            0.107,
            0.196,
            0.166,
            0.146
        ],
        [
            0.173,
            0.0,
            0.112,
            0.16,
            0.175,
            0.174,
            0.155,
            0.193,
            0.195,
            0.187,
            0.137,
            0.127,
            0.153,
            0.165,
            0.116,
            0.156,
            0.144,
            0.1,
            0.142,
            0.14,
            0.196
        ],
        [
            0.105,
            0.193,
            0.0,
            0.16,
            0.119,
            0.179,
            0.116,
            0.132,
            0.167,
            0.143,
            0.146,
            0.13,
            0.104,
            0.136,
            0.183,
            0.183,
            0.108,
            0.155,
            0.135,
            0.14,
            0.199
        ],
        [
            0.181,
            0.151,
            0.151,
            0.0,
            0.138,
            0.178,
            0.173,
            0.174,
            0.146,
            0.169,
            0.184,
            0.13,
            0.176,
            0.148,
            0.153,
            0.146,
            0.137,
            0.175,
            0.139,
            0.118,
            0.179
        ],
        [
            0.14,
            0.158,
            0.198,
            0.165,
            0.0,
            0.128,
            0.171,
            0.196,
            0.171,
            0.177,
            0.132,
            0.131,
            0.136,
            0.148,
            0.189,
            0.147,
            0.118,
            0.153,
            0.126,
            0.164,
            0.134
        ],
        [
            0.195,
            0.144,
            0.158,
            0.158,
            0.141,
            0.0,
            0.104,
            0.174,
            0.126,
            0.106,
            0.118,
            0.175,
            0.191,
            0.178,
            0.128,
            0.15,
            0.112,
            0.142,
            0.126,
            0.103,
            0.129
        ],
        [
            0.193,
            0.153,
            0.127,
            0.111,
            0.19,
            0.109,
            0.0,
            0.111,
            0.175,
            0.193,
            0.11,
            0.164,
            0.165,
            0.153,
            0.1,
            0.169,
            0.143,
            0.193,
            0.2,
            0.164,
            0.112
        ],
        [
            0.132,
            0.163,
            0.187,
            0.142,
            0.136,
            0.161,
            0.186,
            0.0,
            0.16,
            0.162,
            0.148,
            0.136,
            0.195,
            0.182,
            0.116,
            0.1,
            0.126,
            0.142,
            0.116,
            0.134,
            0.168
        ],
        [
            0.174,
            0.182,
            0.181,
            0.132,
            0.153,
            0.174,
            0.161,
            0.158,
            0.0,
            0.195,
            0.19,
            0.127,
            0.112,
            0.129,
            0.18,
            0.132,
            0.174,
            0.159,
            0.199,
            0.112,
            0.183
        ],
        [
            0.105,
            0.164,
            0.154,
            0.124,
            0.126,
            0.139,
            0.148,
            0.116,
            0.144,
            0.0,
            0.15,
            0.154,
            0.139,
            0.149,
            0.157,
            0.152,
            0.118,
            0.122,
            0.127,
            0.2,
            0.15
        ],
        [
            0.171,
            0.12,
            0.152,
            0.144,
            0.12,
            0.122,
            0.124,
            0.174,
            0.174,
            0.187,
            0.0,
            0.152,
            0.173,
            0.156,
            0.186,
            0.102,
            0.17,
            0.113,
            0.152,
            0.139,
            0.145
        ],
        [
            0.177,
            0.109,
            0.105,
            0.194,
            0.149,
            0.141,
            0.115,
            0.15,
            0.167,
            0.189,
            0.139,
            0.0,
            0.176,
            0.13,
            0.171,
            0.18,
            0.196,
            0.117,
            0.126,
            0.139,
            0.182
        ],
        [
            0.144,
            0.143,
            0.184,
            0.112,
            0.111,
            0.109,
            0.151,
            0.121,
            0.136,
            0.149,
            0.153,
            0.139,
            0.0,
            0.182,
            0.187,
            0.156,
            0.129,
            0.2,
            0.112,
            0.188,
            0.163
        ],
        [
            0.126,
            0.159,
            0.155,
            0.101,
            0.147,
            0.178,
            0.164,
            0.113,
            0.121,
            0.17,
            0.103,
            0.169,
            0.153,
            0.0,
            0.142,
            0.148,
            0.11,
            0.193,
            0.142,
            0.166,
            0.11
        ],
        [
            0.188,
            0.17,
            0.125,
            0.19,
            0.188,
            0.146,
            0.128,
            0.183,
            0.1,
            0.195,
            0.196,
            0.108,
            0.194,
            0.128,
            0.0,
            0.186,
            0.118,
            0.134,
            0.196,
            0.178,
            0.17
        ],
        [
            0.123,
            0.173,
            0.104,
            0.126,
            0.125,
            0.106,
            0.147,
            0.103,
            0.198,
            0.149,
            0.177,
            0.153,
            0.112,
            0.145,
            0.101,
            0.0,
            0.164,
            0.118,
            0.192,
            0.163,
            0.103
        ],
        [
            0.143,
            0.19,
            0.126,
            0.112,
            0.128,
            0.148,
            0.139,
            0.124,
            0.147,
            0.148,
            0.17,
            0.2,
            0.163,
            0.108,
            0.115,
            0.13,
            0.0,
            0.106,
            0.165,
            0.141,
            0.125
        ],
        [
            0.164,
            0.176,
            0.177,
            0.122,
            0.119,
            0.119,
            0.122,
            0.122,
            0.152,
            0.132,
            0.162,
            0.197,
            0.179,
            0.109,
            0.194,
            0.139,
            0.118,
            0.0,
            0.106,
            0.128,
            0.147
        ],
        [
            0.111,
            0.197,
            0.143,
            0.154,
            0.132,
            0.19,
            0.186,
            0.148,
            0.1,
            0.166,
            0.134,
            0.114,
            0.146,
            0.173,
            0.166,
            0.11,
            0.191,
            0.148,
            0.0,
            0.142,
            0.191
        ],
        [
            0.184,
            0.104,
            0.189,
            0.168,
            0.158,
            0.1,
            0.163,
            0.164,
            0.187,
            0.139,
            0.106,
            0.174,
            0.137,
            0.133,
            0.167,
            0.104,
            0.103,
            0.197,
            0.187,
            0.0,
            0.148
        ],
        [
            0.139,
            0.118,
            0.103,
            0.179,
            0.125,
            0.175,
            0.106,
            0.124,
            0.143,
            0.138,
            0.121,
            0.178,
            0.107,
            0.161,
            0.156,
            0.152,
            0.118,
            0.165,
            0.172,
            0.157,
            0.0
        ]
    ],
    "service_scv": [
        0.0,
        0.402,
        0.348,
        0.322,
        0.225,
        0.499,
        0.393,
        0.433,
        0.324,
        0.347,
        0.376,
        0.213,
        0.202,
        0.407,
        0.226,
        0.111,
        0.285,
        0.445,
        0.269,
        0.325,
        0.461
    ],
    "service": [
        0.0,
        21.409,
        15.854,
        28.253,
        26.098,
        44.164,
        19.686,
        7.886,
        29.776,
        58.899,
        54.633,
        20.729,
        25.943,
        34.839,
        20.106,
        26.377,
        25.922,
        14.302,
        20.775,
        22.778,
        33.575
    ]
}
