{
    "coords": [
        [
            0,
            0
        ],
        [
            42,
            28
        ],
        [
            21,
            18
        ],
        [
            14,
            16
        ],
        [
            32,
            34
        ],
        [
            17,
            48
        ],
        [
            39,
            48
        ],
        [
            35,
            33
        ],
        [
            27,
            41
        ],
        [
            46,
            22
        ],
        [
            30,
            15
        ],
        [
            43,
            27
        ],
        [
            26,
            30
        ],
        [
            14,
            45
        ],
        [
            20,
            20
        ],
        [
            3,
            27
        ],
        [
            30,
            20
        ],
        [
            31,
            7
        ],
        [
            35,
            2
        ],
        [
            46,
            11
        ],
        [
            11,
            30
        ]
    ],
    "dimension": 21,
    "distances": [
        [
            0.0,
            50.478,
            27.659,
            21.26,
            46.69,
            50.922,
            61.847,
            48.104,
            49.092,
            50.99,
            33.541,
            50.774,
            39.699,
            47.127,
            28.284,
            27.166,
            36.056,
            31.78,
            35.057,
            47.297,
            31.953
        ],
        [
            50.478,
            0.0,
            23.259,
            30.463,
            11.662,
            32.016,
            20.224,
            8.602,
            19.849,
            7.211,
            17.692,
            1.414,
            16.125,
            32.757,
            23.409,
            39.013,
            14.422,
            23.707,
            26.926,
            17.464,
            31.064
        ],
        [
            27.659,
            23.259,
            0.0,
            7.28,
            19.416,
            30.265,
            34.986,
            20.518,
            23.77,
            25.318,
            9.487,
            23.77,
            13.0,
            27.893,
            2.236,
            20.125,
            9.22,
            14.866,
            21.26,
            25.962,
            15.62
        ],
        [
            21.26,
            30.463,
            7.28,
            0.0,
            25.456,
            32.14,
            40.608,
            27.019,
            28.178,
            32.558,
            16.031,
            31.016,
            18.439,
            29.0,
            7.211,
            15.556,
            16.492,
            19.235,
            25.239,
            32.388,
            14.318
        ],
        [
            46.69,
            11.662,
            19.416,
            25.456,
            0.0,
            20.518,
            15.652,
            3.162,
            8.602,
            18.439,
            19.105,
            13.038,
            7.211,
            21.095,
            18.439,
            29.833,
            14.142,
            27.019,
            32.14,
            26.926,
            21.378
        ],
        [
            50.922,
            32.016,
            30.265,
            32.14,
            20.518,
            0.0,
            22.0,
            23.431,
            12.207,
            38.949,
            35.468,
            33.422,
            20.125,
            4.243,
            28.16,
            25.239,
            30.871,
            43.324,
            49.396,
            47.011,
            18.974
        ],
        [
            61.847,
            20.224,
            34.986,
            40.608,
            15.652,
            22.0,
            0.0,
            15.524,
            13.892,
            26.926,
            34.205,
            21.378,
            22.204,
            25.179,
            33.838,
            41.677,
            29.411,
            41.773,
            46.174,
            37.656,
            33.287
        ],
        [
            48.104,
            8.602,
            20.518,
            27.019,
            3.162,
            23.431,
            15.524,
            0.0,
            11.314,
            15.556,
            18.682,
            10.0,
            9.487,
            24.187,
            19.849,
            32.558,
            13.928,
            26.306,
            31.0,
            24.597,
            24.187
        ],
        [
            49.092,
            19.849,
            23.77,
            28.178,
            8.602,
            12.207,
            13.892,
            11.314,
            0.0,
            26.87,
            26.173,
            21.26,
            11.045,
            13.601,
            22.136,
            27.785,
            21.213,
            34.234,
            39.812,
            35.511,
            19.416
        ],
        [
            50.99,
            7.211,
            25.318,
            32.558,
            18.439,
            38.949,
            26.926,
            15.556,
            26.87,
            0.0,
            17.464,
            5.831,
            21.541,
            39.408,
            26.077,
            43.29,
            16.125,
            21.213,
            22.825,
            11.0,
            35.903
        ],
        [
            33.541,
            17.692,
            9.487,
            16.031,
            19.105,
            35.468,
            34.205,
            18.682,
            26.173,
            17.464,
            0.0,
            17.692,
            15.524,
            34.0,
            11.18,
            29.547,
            5.0,
            8.062,
            13.928,
            16.492,
            24.207
        ],
        [
            50.774,
            1.414,
            23.77,
            31.016,
            13.038,
            33.422,
            21.378,
            10.0,
            21.26,
            5.831,
            17.692,
            0.0,
            17.263,
            34.132,
            24.042,
            40.0,
            14.765,
            23.324,
            26.249,
            16.279,
            32.14
        ],
        [
            39.699,
            16.125,
            13.0,
            18.439,
            7.211,
            20.125,
            22.204,
            9.487,
            11.045,
            21.541,
            15.524,
            17.263,
            0.0,
            19.209,
            11.662,
            23.195,
            10.77,
            23.537,
            29.411,
            27.586,
            15.0
        ],
        [
            47.127,
            32.757,
            27.893,
            29.0,
            21.095,
            4.243,
            25.179,
            24.187,
            13.601,
            39.408,
            34.0,
            34.132,
            19.209,
            0.0,
            25.71,
            21.095,
            29.682,
            41.629,
            47.854,
            46.69,
            15.297
        ],
        [
            28.284,
            23.409,
            2.236,
            7.211,
            18.439,
            28.16,
            33.838,
            19.849,
            22.136,
            26.077,
            11.18,
            24.042,
            11.662,
            25.71,
            0.0,
            18.385,
            10.0,
            17.029,
            23.431,
            27.514,
            13.454
        ],
        [
            27.166,
            39.013,
            20.125,
            15.556,
            29.833,
            25.239,
            41.677,
            32.558,
            27.785,
            43.29,
            29.547,
            40.0,
            23.195,
            21.095,
            18.385,
            0.0,
            27.893,
            34.409,
            40.608,
            45.88,
            8.544
        ],
        [
            36.056,
            14.422,
            9.22,
            16.492,
            14.142,
            30.871,
            29.411,
            13.928,
            21.213,
            16.125,
            5.0,
            14.765,
            10.77,
            29.682,
            10.0,
            27.893,
            0.0,
            13.038,
            18.682,
            18.358,
            21.471
        ],
        [
            31.78,
            23.707,
            14.866,
            19.235,
            27.019,
            43.324,
            41.773,
            26.306,
            34.234,
            21.213,
            8.062,
            23.324,
            23.537,
            41.629,
            17.029,
            34.409,
            13.038,
            0.0,
            6.403,
            15.524,
            30.48
        ],
        [
            35.057,
            26.926,
            21.26,
            25.239,
            32.14,
            49.396,
            46.174,
            31.0,
            39.812,
            22.825,
            13.928,
            26.249,
            29.411,
            47.854,
            23.431,
            40.608,
            18.682,
            6.403,
            0.0,
            14.213,
            36.878
        ],
        [
            47.297,
            17.464,
            25.962,
            32.388,
            26.926,
            47.011,
            37.656,
            24.597,
            35.511,
            11.0,
            16.492,
            16.279,
            27.586,
            46.69,
            27.514,
            45.88,
            18.358,
            15.524,
            14.213,
            0.0,
            39.825
        ],
        [
            31.953,
            31.064,
            15.62,
            14.318,
            21.378,
            18.974,
            33.287,
            24.187,
            19.416,
            35.903,
            24.207,
            32.14,
            15.0,
            15.297,
            13.454,
            8.544,
            21.471,
            30.48,
            36.878,
            39.825,
            0.0
        ]
    ],
    "distances_scv": [
        [
            0.0,
            0.103,
            0.284,
            0.425,
            0.485,
            0.164,
            0.127,
            0.16,
            0.231,
            0.246,
            0.337,
            0.119,
            0.47,
            0.366,
            0.314,
            0.495,
            0.272,
            0.219,
            0.4,
            0.424,
            0.387
        ],
        [
            0.446,
            0.0,
            0.472,
            0.209,
            0.349,
            0.202,
            0.308,
            0.476,
            0.236,
            0.496,
            0.299,
            0.472,
            0.298,
            0.254,
            0.426,
            0.214,
            0.424,
            0.213,
            0.249,
            0.402,
            0.253
        ],
        [
            0.4,
            0.167,
            0.0,
            0.145,
            0.441,
            0.426,
            0.419,
            0.464,
            0.101,
            0.418,
            0.11,
            0.166,
            0.116,
            0.154,
            0.11,
            0.455,
            0.194,
            0.316,
            0.358,
            0.24,
            0.3
        ],
        [
            0.36,
            0.47,
            0.289,
            0.0,
            0.447,
            0.325,
            0.325,
            0.445,
            0.449,
            0.328,
            0.317,
            0.479,
            0.434,
            0.167,
            0.42,
            0.228,
            0.227,
            0.414,
            0.411,
            0.493,
            0.375
        ],
        [
            0.187,
            0.127,
            0.166,
            0.133,
            0.0,
            0.339,
            0.382,
            0.201,
            0.281,
            0.382,
            0.222,
            0.157,
            0.142,
            0.117,
            0.19,
            0.431,
            0.327,
            0.126,
            0.238,
            0.293,
            0.264
        ],
        [
            0.108,
            0.181,
            0.201,
            0.234,
            0.292,
            0.0,
            0.262,
            0.268,
            0.491,
            0.16,
            0.396,
            0.339,
            0.495,
            0.469,
            0.127,
            0.132,
            0.353,
            0.203,
            0.235,
            0.268,
            0.352
        ],
        [
            0.278,
            0.155,
            0.398,
            0.388,
            0.225,
            0.148,
            0.0,
            0.119,
            0.236,
            0.496,
            0.332,
            0.176,
            0.487,
            0.127,
            0.116,
            0.308,
            0.191,
            0.303,
            0.137,
            0.424,
            0.41
        ],
        [
            0.286,
            0.295,
            0.298,
            0.461,
            0.133,
            0.305,
            0.327,
            0.0,
            0.364,
            0.428,
            0.16,
            0.132,
            0.252,
            0.159,
            0.308,
            0.493,
            0.223,
            0.153,
            0.483,
            0.193,
            0.175
        ],
        [
            0.114,
            0.138,
            0.447,
            0.332,
            0.287,
            0.167,
            0.249,
            0.111,
            0.0,
            0.182,
            0.388,
            0.298,
            0.453,
            0.108,
            0.375,
            0.36,
            0.195,
            0.2,
            0.327,
            0.159,
            0.291
        ],
        [
            0.217,
            0.358,
            0.12,
            0.167,
            0.277,
            0.175,
            0.369,
            0.199,
            0.418,
            0.0,
            0.381,
            0.149,
            0.366,
            0.118,
            0.468,
            0.384,
            0.441,
            0.108,
            0.173,
            0.211,
            0.157
        ],
        [
            0.263,
            0.258,
            0.223,
            0.189,
            0.21,
            0.177,
            0.468,
            0.326,
            0.342,
            0.106,
            0.0,
            0.359,
            0.116,
            0.107,
            0.189,
            0.404,
            0.391,
            0.205,
            0.386,
            0.405,
            0.445
        ],
        [
            0.428,
            0.326,
            0.449,
            0.137,
            0.153,
            0.202,
            0.246,
            0.215,
            0.11,
            0.211,
            0.138,
            0.0,
            0.121,
            0.228,
            0.482,
            0.112,
            0.287,
            0.457,
            0.404,
            0.48,
            0.26
        ],
        [
            0.106,
            0.129,
            0.496,
            0.348,
            0.294,
            0.165,
            0.16,
            0.482,
            0.388,
            0.264,
            0.184,
            0.416,
            0.0,
            0.141,
            0.217,
            0.169,
            0.258,
            0.192,
            0.281,
            0.172,
            0.477
        ],
        [
            0.179,
            0.495,
            0.42,
            0.427,
            0.447,
            0.409,
            0.159,
            0.253,
            0.198,
            0.364,
            0.212,
            0.301,
            0.188,
            0.0,
            0.379,
            0.33,
            0.436,
            0.377,
            0.359,
            0.383,
            0.244
        ],
        [
            0.383,
            0.38,
            0.258,
            0.233,
            0.321,
            0.328,
            0.343,
            0.396,
            0.484,
            0.37,
            0.471,
            0.202,
            0.405,
            0.344,
            0.0,
            0.16,
            0.126,
            0.498,
            0.337,
            0.353,
            0.162
        ],
        [
            0.322,
            0.423,
            0.244,
            0.341,
            0.39,
            0.397,
            0.443,
            0.429,
            0.498,
            0.42,
            0.348,
            0.291,
            0.499,
            0.488,
            0.169,
            0.0,
            0.259,
            0.369,
            0.106,
            0.32,
            0.288
        ],
        [
            0.327,
            0.147,
            0.296,
            0.182,
            0.42,
            0.296,
            0.384,
            0.259,
            0.496,
            0.188,
            0.133,
            0.195,
            0.415,
            0.243,
            0.256,
            0.362,
            0.0,
            0.401,
            0.424,
            0.113,
            0.297
        ],
        [
            0.46,
            0.178,
            0.464,
            0.355,
            0.176,
            0.25,
            0.427,
            0.479,
            0.187,
            0.217,
            0.172,
            0.323,
            0.226,
            0.261,
            0.323,
            0.454,
            0.444,
            0.0,
            0.171,
            0.279,
            0.396
        ],
        [
            0.148,
            0.281,
            0.455,
            0.469,
            0.499,
            0.295,
            0.37,
            0.306,
            0.254,
            0.428,
            0.277,
            0.403,
            0.187,
            0.118,
            0.397,
            0.33,
            0.28,
            0.124,
            0.0,
            0.142,
            0.178
        ],
        [
            0.179,
            0.322,
            0.187,
            0.413,
            0.137,
            0.216,
            0.395,
            0.302,
            0.334,
            0.441,
            0.317,
            0.428,
            0.261,
            0.498,
            0.428,
            0.192,
            0.417,
            0.46,
            0.273,
            0.0,
            0.233
        ],
        [
            0.328,
            0.295,
            0.185,
            0.461,
            0.116,
            0.195,
            0.127,
            0.244,
            0.103,
            0.489,
            0.437,
            0.369,
            0.387,
            0.314,
            0.176,
            0.233,
            0.311,
            0.417,
            0.457,
            0.367,
            0.0
        ]
    ],
    "service_scv": [
        0.0,
        1.249,
        0.714,
        0.861,
        0.933,
        1.115,
        0.631,
        1.001,
        1.039,
        1.016,
        1.266,
        1.167,
        1.338,
        1.144,
        0.963,
        1.242,
        1.137,
        0.804,
        1.359,
        1.296,
        1.334
    ],
    "service": [
        0.0,
        60.877,
        39.13,
        41.243,
        32.803,
        40.604,
        17.018,
        40.607,
        42.466,
        45.619,
        9.607,
        28.268,
        51.248,
        42.464,
        10.476,
        18.385,
        13.924,
        36.6,
        43.522,
        26.533,
        5.229
    ]
}
