{
    "coords": [
        [
            0,
            0
        ],
        [
            44,
            25
        ],
        [
            47,
            48
        ],
        [
            48,
            4
        ],
        [
            22,
            30
        ],
        [
            14,
            18
        ],
        [
            31,
            40
        ],
        [
            29,
            8
        ],
        [
            33,
            43
        ],
        [
            10,
            27
        ],
        [
            16,
            45
        ],
        [
            3,
            23
        ],
        [
            44,
            21
        ],
        [
            6,
            39
        ],
        [
            48,
            49
        ],
        [
            46,
            18
        ],
        [
            36,
            48
        ],
        [
            28,
            46
        ],
        [
            29,
            8
        ],
        [
            23,
            30
        ],
        [
            15,
            35
        ]
    ],
    "dimension": 21,
    "distances": [
        [
            0.0,
            50.606,
            67.179,
            48.166,
            37.202,
            22.804,
            50.606,
            30.083,
            54.203,
            28.792,
            47.76,
            23.195,
            48.754,
            39.459,
            68.593,
            49.396,
            60.0,
            53.852,
            30.083,
            37.802,
            38.079
        ],
        [
            50.606,
            0.0,
            23.195,
            21.378,
            22.561,
            30.806,
            19.849,
            22.672,
            21.095,
            34.059,
            34.409,
            41.049,
            4.0,
            40.497,
            24.331,
            7.28,
            24.352,
            26.401,
            22.672,
            21.587,
            30.676
        ],
        [
            67.179,
            23.195,
            0.0,
            44.011,
            30.806,
            44.598,
            17.889,
            43.863,
            14.866,
            42.544,
            31.145,
            50.606,
            27.166,
            41.976,
            1.414,
            30.017,
            11.0,
            19.105,
            43.863,
            30.0,
            34.54
        ],
        [
            48.166,
            21.378,
            44.011,
            0.0,
            36.77,
            36.77,
            39.812,
            19.416,
            41.785,
            44.418,
            52.01,
            48.847,
            17.464,
            54.672,
            45.0,
            14.142,
            45.607,
            46.519,
            19.416,
            36.069,
            45.277
        ],
        [
            37.202,
            22.561,
            30.806,
            36.77,
            0.0,
            14.422,
            13.454,
            23.087,
            17.029,
            12.369,
            16.155,
            20.248,
            23.77,
            18.358,
            32.202,
            26.833,
            22.804,
            17.088,
            23.087,
            1.0,
            8.602
        ],
        [
            22.804,
            30.806,
            44.598,
            36.77,
            14.422,
            0.0,
            27.803,
            18.028,
            31.401,
            9.849,
            27.074,
            12.083,
            30.15,
            22.472,
            46.011,
            32.0,
            37.202,
            31.305,
            18.028,
            15.0,
            17.029
        ],
        [
            50.606,
            19.849,
            17.889,
            39.812,
            13.454,
            27.803,
            0.0,
            32.062,
            3.606,
            24.698,
            15.811,
            32.757,
            23.022,
            25.02,
            19.235,
            26.627,
            9.434,
            6.708,
            32.062,
            12.806,
            16.763
        ],
        [
            30.083,
            22.672,
            43.863,
            19.416,
            23.087,
            18.028,
            32.062,
            0.0,
            35.228,
            26.87,
            39.217,
            30.017,
            19.849,
            38.601,
            45.188,
            19.723,
            40.608,
            38.013,
            0.0,
            22.804,
            30.414
        ],
        [
            54.203,
            21.095,
            14.866,
            41.785,
            17.029,
            31.401,
            3.606,
            35.228,
            0.0,
            28.018,
            17.117,
            36.056,
            24.597,
            27.295,
            16.155,
            28.178,
            5.831,
            5.831,
            35.228,
            16.401,
            19.698
        ],
        [
            28.792,
            34.059,
            42.544,
            44.418,
            12.369,
            9.849,
            24.698,
            26.87,
            28.018,
            0.0,
            18.974,
            8.062,
            34.525,
            12.649,
            43.909,
            37.108,
            33.422,
            26.173,
            26.87,
            13.342,
            9.434
        ],
        [
            47.76,
            34.409,
            31.145,
            52.01,
            16.155,
            27.074,
            15.811,
            39.217,
            17.117,
            18.974,
            0.0,
            25.554,
            36.878,
            11.662,
            32.249,
            40.361,
            20.224,
            12.042,
            39.217,
            16.553,
            10.05
        ],
        [
            23.195,
            41.049,
            50.606,
            48.847,
            20.248,
            12.083,
            32.757,
            30.017,
            36.056,
            8.062,
            25.554,
            0.0,
            41.049,
            16.279,
            51.971,
            43.29,
            41.4,
            33.971,
            30.017,
            21.19,
            16.971
        ],
        [
            48.754,
            4.0,
            27.166,
            17.464,
            23.77,
            30.15,
            23.022,
            19.849,
            24.597,
            34.525,
            36.878,
            41.049,
            0.0,
            42.048,
            28.284,
            3.606,
            28.16,
            29.682,
            19.849,
            22.847,
            32.202
        ],
        [
            39.459,
            40.497,
            41.976,
            54.672,
            18.358,
            22.472,
            25.02,
            38.601,
            27.295,
            12.649,
            11.662,
            16.279,
            42.048,
            0.0,
            43.174,
            45.177,
            31.321,
            23.087,
            38.601,
            19.235,
            9.849
        ],
        [
            68.593,
            24.331,
            1.414,
            45.0,
            32.202,
            46.011,
            19.235,
            45.188,
            16.155,
            43.909,
            32.249,
            51.971,
            28.284,
            43.174,
            0.0,
            31.064,
            12.042,
            20.224,
            45.188,
            31.401,
            35.847
        ],
        [
            49.396,
            7.28,
            30.017,
            14.142,
            26.833,
            32.0,
            26.627,
            19.723,
            28.178,
            37.108,
            40.361,
            43.29,
            3.606,
            45.177,
            31.064,
            0.0,
            31.623,
            33.287,
            19.723,
            25.942,
            35.355
        ],
        [
            60.0,
            24.352,
            11.0,
            45.607,
            22.804,
            37.202,
            9.434,
            40.608,
            5.831,
            33.422,
            20.224,
            41.4,
            28.16,
            31.321,
            12.042,
            31.623,
            0.0,
            8.246,
            40.608,
            22.204,
            24.698
        ],
        [
            53.852,
            26.401,
            19.105,
            46.519,
            17.088,
            31.305,
            6.708,
            38.013,
            5.831,
            26.173,
            12.042,
            33.971,
            29.682,
            23.087,
            20.224,
            33.287,
            8.246,
            0.0,
            38.013,
            16.763,
            17.029
        ],
        [
            30.083,
            22.672,
            43.863,
            19.416,
            23.087,
            18.028,
            32.062,
            0.0,
            35.228,
            26.87,
            39.217,
            30.017,
            19.849,
            38.601,
            45.188,
            19.723,
            40.608,
            38.013,
            0.0,
            22.804,
            30.414
        ],
        [
            37.802,
            21.587,
            30.0,
            36.069,
            1.0,
            15.0,
            12.806,
            22.804,
            16.401,
            13.342,
            16.553,
            21.19,
            22.847,
            19.235,
            31.401,
            25.942,
            22.204,
            16.763,
            22.804,
            0.0,
            9.434
        ],
        [
            38.079,
            30.676,
            34.54,
            45.277,
            8.602,
            17.029,
            16.763,
            30.414,
            19.698,
            9.434,
            10.05,
            16.971,
            32.202,
            9.849,
            35.847,
            35.355,
            24.698,
            17.029,
            30.414,
            9.434,
            0.0
        ]
    ],
    "distances_scv": [
        [
            0.0,
            0.15,
            0.15,
            0.15,
            0.15,
            0.15,
            0.15,
            0.15,
            0.15,
            0.15,
            0.15,
            0.15,
            0.15,
            0.15,
            0.15,
            0.15,
            0.15,
            0.15,
            0.15,
            0.15,
            0.15
        ],
        [
            0.15,
            0.0,
            0.15,
            0.15,
            0.15,
            0.15,
            0.15,
            0.15,
            0.15,
            0.15,
            0.15,
            0.15,
            0.15,
            0.15,
            0.15,
            0.15,
            0.15,
            0.15,
            0.15,
            0.15,
            0.15
        ],
        [
            0.15,
            0.15,
            0.0,
            0.15,
            0.15,
            0.15,
            0.15,
            0.15,
            0.15,
            0.15,
            0.15,
            0.15,
            0.15,
            0.15,
            0.15,
            0.15,
            0.15,
            0.15,
            0.15,
            0.15,
            0.15
        ],
        [
            0.15,
            0.15,
            0.15,
            0.0,
            0.15,
            0.15,
            0.15,
            0.15,
            0.15,
            0.15,
            0.15,
            0.15,
            0.15,
            0.15,
            0.15,
            0.15,
            0.15,
            0.15,
            0.15,
            0.15,
            0.15
        ],
        [
            0.15,
            0.15,
            0.15,
            0.15,
            0.0,
            0.15,
            0.15,
            0.15,
            0.15,
            0.15,
            0.15,
            0.15,
            0.15,
            0.15,
            0.15,
            0.15,
            0.15,
            0.15,
            0.15,
            0.15,
            0.15
        ],
        [
            0.15,
            0.15,
            0.15,
            0.15,
            0.15,
            0.0,
            0.15,
            0.15,
            0.15,
            0.15,
            0.15,
            0.15,
            0.15,
            0.15,
            0.15,
            0.15,
            0.15,
            0.15,
            0.15,
            0.15,
            0.15
        ],
        [
            0.15,
            0.15,
            0.15,
            0.15,
            0.15,
            0.15,
            0.0,
            0.15,
            0.15,
            0.15,
            0.15,
            0.15,
            0.15,
            0.15,
            0.15,
            0.15,
            0.15,
            0.15,
            0.15,
            0.15,
            0.15
        ],
        [
            0.15,
            0.15,
            0.15,
            0.15,
            0.15,
            0.15,
            0.15,
            0.0,
            0.15,
            0.15,
            0.15,
            0.15,
            0.15,
            0.15,
            0.15,
            0.15,
            0.15,
            0.15,
            0.15,
            0.15,
            0.15
        ],
        [
            0.15,
            0.15,
            0.15,
            0.15,
            0.15,
            0.15,
            0.15,
            0.15,
            0.0,
            0.15,
            0.15,
            0.15,
            0.15,
            0.15,
            0.15,
            0.15,
            0.15,
            0.15,
            0.15,
            0.15,
            0.15
        ],
        [
            0.15,
            0.15,
            0.15,
            0.15,
            0.15,
            0.15,
            0.15,
            0.15,
            0.15,
            0.0,
            0.15,
            0.15,
            0.15,
            0.15,
            0.15,
            0.15,
            0.15,
            0.15,
            0.15,
            0.15,
            0.15
        ],
        [
            0.15,
            0.15,
            0.15,
            0.15,
            0.15,
            0.15,
            0.15,
            0.15,
            0.15,
            0.15,
            0.0,
            0.15,
            0.15,
            0.15,
            0.15,
            0.15,
            0.15,
            0.15,
            0.15,
            0.15,
            0.15
        ],
        [
            0.15,
            0.15,
            0.15,
            0.15,
            0.15,
            0.15,
            0.15,
            0.15,
            0.15,
            0.15,
            0.15,
            0.0,
            0.15,
            0.15,
            0.15,
            0.15,
            0.15,
            0.15,
            0.15,
            0.15,
            0.15
        ],
        [
            0.15,
            0.15,
            0.15,
            0.15,
            0.15,
            0.15,
            0.15,
            0.15,
            0.15,
            0.15,
            0.15,
            0.15,
            0.0,
            0.15,
            0.15,
            0.15,
            0.15,
            0.15,
            0.15,
            0.15,
            0.15
        ],
        [
            0.15,
            0.15,
            0.15,
            0.15,
            0.15,
            0.15,
            0.15,
            0.15,
            0.15,
            0.15,
            0.15,
            0.15,
            0.15,
            0.0,
            0.15,
            0.15,
            0.15,
            0.15,
            0.15,
            0.15,
            0.15
        ],
        [
            0.15,
            0.15,
            0.15,
            0.15,
            0.15,
            0.15,
            0.15,
            0.15,
            0.15,
            0.15,
            0.15,
            0.15,
            0.15,
            0.15,
            0.0,
            0.15,
            0.15,
            0.15,
            0.15,
            0.15,
            0.15
        ],
        [
            0.15,
            0.15,
            0.15,
            0.15,
            0.15,
            0.15,
            0.15,
            0.15,
            0.15,
            0.15,
            0.15,
            0.15,
            0.15,
            0.15,
            0.15,
            0.0,
            0.15,
            0.15,
            0.15,
            0.15,
            0.15
        ],
        [
            0.15,
            0.15,
            0.15,
            0.15,
            0.15,
            0.15,
            0.15,
            0.15,
            0.15,
            0.15,
            0.15,
            0.15,
            0.15,
            0.15,
            0.15,
            0.15,
            0.0,
            0.15,
            0.15,
            0.15,
            0.15
        ],
        [
            0.15,
            0.15,
            0.15,
            0.15,
            0.15,
            0.15,
            0.15,
            0.15,
            0.15,
            0.15,
            0.15,
            0.15,
            0.15,
            0.15,
            0.15,
            0.15,
            0.15,
            0.0,
            0.15,
            0.15,
            0.15
        ],
        [
            0.15,
            0.15,
            0.15,
            0.15,
            0.15,
            0.15,
            0.15,
            0.15,
            0.15,
            0.15,
            0.15,
            0.15,
            0.15,
            0.15,
            0.15,
            0.15,
            0.15,
            0.15,
            0.0,
            0.15,
            0.15
        ],
        [
            0.15,
            0.15,
            0.15,
            0.15,
            0.15,
            0.15,
            0.15,
            0.15,
            0.15,
            0.15,
            0.15,
            0.15,
            0.15,
            0.15,
            0.15,
            0.15,
            0.15,
            0.15,
            0.15,
            0.0,
            0.15
        ],
        [
            0.15,
            0.15,
            0.15,
            0.15,
            0.15,
            0.15,
            0.15,
            0.15,
            0.15,
            0.15,
            0.15,
            0.15,
            0.15,
            0.15,
            0.15,
            0.15,
            0.15,
            0.15,
            0.15,
            0.15,
            0.0
        ]
    ],
    "service_scv": [
        0.0,
        1.496,
        0.669,
        1.317,
        1.135,
        1.252,
        1.03,
        1.051,
        0.843,
        0.578,
        1.129,
        1.115,
        0.831,
        1.42,
        1.428,
        0.867,
        0.962,
        0.715,
        1.221,
        0.694,
        0.817
    ],
    "service": [
        0,
        51,
        59,
        37,
        42,
        36,
        51,
        41,
        31,
        57,
        43,
        48,
        50,
        51,
        48,
        48,
        31,
        51,
        36,
        44,
        56
    ]
}
