{
    "coords": [
        [
            0,
            0
        ],
        [
            25,
            13
        ],
        [
            15,
            2
        ],
        [
            3,
            0
        ],
        [
            8,
            40
        ],
        [
            32,
            45
        ],
        [
            25,
            30
        ],
        [
            48,
            36
        ],
        [
            31,
            27
        ],
        [
            27,
            46
        ],
        [
            13,
            40
        ],
        [
            33,
            0
        ],
        [
            19,
            42
        ],
        [
            27,
            1
        ],
        [
            38,
            36
        ],
        [
            42,
            8
        ],
        [
            4,
            43
        ],
        [
            1,
            27
        ],
        [
            4,
            14
        ],
        [
            24,
            21
        ],
        [
            20,
            1
        ]
    ],
    "dimension": 21,
    "distances": [
        [
            0.0,
            28.178,
            15.133,
            3.0,
            40.792,
            55.218,
            39.051,
            60.0,
            41.11,
            53.339,
            42.059,
            33.0,
            46.098,
            27.019,
            52.345,
            42.755,
            43.186,
            27.019,
            14.56,
            31.89,
            20.025
        ],
        [
            28.178,
            0.0,
            14.866,
            25.554,
            31.906,
            32.757,
            17.0,
            32.527,
            15.232,
            33.061,
            29.547,
            15.264,
            29.614,
            12.166,
            26.42,
            17.72,
            36.62,
            27.785,
            21.024,
            8.062,
            13.0
        ],
        [
            15.133,
            14.866,
            0.0,
            12.166,
            38.639,
            46.239,
            29.732,
            47.381,
            29.682,
            45.607,
            38.053,
            18.111,
            40.2,
            12.042,
            41.049,
            27.659,
            42.45,
            28.653,
            16.279,
            21.024,
            5.099
        ],
        [
            3.0,
            25.554,
            12.166,
            0.0,
            40.311,
            53.535,
            37.202,
            57.628,
            38.897,
            51.884,
            41.231,
            30.0,
            44.944,
            24.021,
            50.21,
            39.812,
            43.012,
            27.074,
            14.036,
            29.698,
            17.029
        ],
        [
            40.792,
            31.906,
            38.639,
            40.311,
            0.0,
            24.515,
            19.723,
            40.2,
            26.42,
            19.925,
            5.0,
            47.17,
            11.18,
            43.382,
            30.265,
            46.69,
            5.0,
            14.765,
            26.306,
            24.839,
            40.804
        ],
        [
            55.218,
            32.757,
            46.239,
            53.535,
            24.515,
            0.0,
            16.553,
            18.358,
            18.028,
            5.099,
            19.647,
            45.011,
            13.342,
            44.283,
            10.817,
            38.328,
            28.071,
            35.847,
            41.773,
            25.298,
            45.607
        ],
        [
            39.051,
            17.0,
            29.732,
            37.202,
            19.723,
            16.553,
            0.0,
            23.77,
            6.708,
            16.125,
            15.62,
            31.048,
            13.416,
            29.069,
            14.318,
            27.803,
            24.698,
            24.187,
            26.401,
            9.055,
            29.428
        ],
        [
            60.0,
            32.527,
            47.381,
            57.628,
            40.2,
            18.358,
            23.77,
            0.0,
            19.235,
            23.259,
            35.228,
            39.0,
            29.614,
            40.817,
            10.0,
            28.636,
            44.553,
            47.854,
            49.193,
            28.302,
            44.822
        ],
        [
            41.11,
            15.232,
            29.682,
            38.897,
            26.42,
            18.028,
            6.708,
            19.235,
            0.0,
            19.416,
            22.204,
            27.074,
            19.209,
            26.306,
            11.402,
            21.954,
            31.385,
            30.0,
            29.967,
            9.22,
            28.231
        ],
        [
            53.339,
            33.061,
            45.607,
            51.884,
            19.925,
            5.099,
            16.125,
            23.259,
            19.416,
            0.0,
            15.232,
            46.39,
            8.944,
            45.0,
            14.866,
            40.853,
            23.195,
            32.202,
            39.408,
            25.179,
            45.541
        ],
        [
            42.059,
            29.547,
            38.053,
            41.231,
            5.0,
            19.647,
            15.62,
            35.228,
            22.204,
            15.232,
            0.0,
            44.721,
            6.325,
            41.437,
            25.318,
            43.186,
            9.487,
            17.692,
            27.514,
            21.954,
            39.623
        ],
        [
            33.0,
            15.264,
            18.111,
            30.0,
            47.17,
            45.011,
            31.048,
            39.0,
            27.074,
            46.39,
            44.721,
            0.0,
            44.272,
            6.083,
            36.346,
            12.042,
            51.865,
            41.869,
            32.202,
            22.847,
            13.038
        ],
        [
            46.098,
            29.614,
            40.2,
            44.944,
            11.18,
            13.342,
            13.416,
            29.614,
            19.209,
            8.944,
            6.325,
            44.272,
            0.0,
            41.773,
            19.925,
            41.049,
            15.033,
            23.431,
            31.765,
            21.587,
            41.012
        ],
        [
            27.019,
            12.166,
            12.042,
            24.021,
            43.382,
            44.283,
            29.069,
            40.817,
            26.306,
            45.0,
            41.437,
            6.083,
            41.773,
            0.0,
            36.688,
            16.553,
            47.885,
            36.77,
            26.42,
            20.224,
            7.0
        ],
        [
            52.345,
            26.42,
            41.049,
            50.21,
            30.265,
            10.817,
            14.318,
            10.0,
            11.402,
            14.866,
            25.318,
            36.346,
            19.925,
            36.688,
            0.0,
            28.284,
            34.713,
            38.079,
            40.497,
            20.518,
            39.357
        ],
        [
            42.755,
            17.72,
            27.659,
            39.812,
            46.69,
            38.328,
            27.803,
            28.636,
            21.954,
            40.853,
            43.186,
            12.042,
            41.049,
            16.553,
            28.284,
            0.0,
            51.662,
            45.188,
            38.471,
            22.204,
            23.087
        ],
        [
            43.186,
            36.62,
            42.45,
            43.012,
            5.0,
            28.071,
            24.698,
            44.553,
            31.385,
            23.195,
            9.487,
            51.865,
            15.033,
            47.885,
            34.713,
            51.662,
            0.0,
            16.279,
            29.0,
            29.732,
            44.944
        ],
        [
            27.019,
            27.785,
            28.653,
            27.074,
            14.765,
            35.847,
            24.187,
            47.854,
            30.0,
            32.202,
            17.692,
            41.869,
            23.431,
            36.77,
            38.079,
            45.188,
            16.279,
            0.0,
            13.342,
            23.77,
            32.202
        ],
        [
            14.56,
            21.024,
            16.279,
            14.036,
            26.306,
            41.773,
            26.401,
            49.193,
            29.967,
            39.408,
            27.514,
            32.202,
            31.765,
            26.42,
            40.497,
            38.471,
            29.0,
            13.342,
            0.0,
            21.19,
            20.616
        ],
        [
            31.89,
            8.062,
            21.024,
            29.698,
            24.839,
            25.298,
            9.055,
            28.302,
            9.22,
            25.179,
            21.954,
            22.847,
            21.587,
            20.224,
            20.518,
            22.204,
            29.732,
            23.77,
            21.19,
            0.0,
            20.396
        ],
        [
            20.025,
            13.0,
            5.099,
            17.029,
            40.804,
            45.607,
            29.428,
            44.822,
            28.231,
            45.541,
            39.623,
            13.038,
            41.012,
            7.0,
            39.357,
            23.087,
            44.944,
            32.202,
            20.616,
            20.396,
            0.0
        ]
    ],
    "distances_scv": [
        [
            0.0,
            0.15,
            0.15,
            0.15,
            0.15,
            0.15,
            0.15,
            0.15,
            0.15,
            0.15,
            0.15,
            0.15,
            0.15,
            0.15,
            0.15,
            0.15,
            0.15,
            0.15,
            0.15,
            0.15,
            0.15
        ],
        [
            0.15,
            0.0,
            0.15,
            0.15,
            0.15,
            0.15,
            0.15,
            0.15,
            0.15,
            0.15,
            0.15,
            0.15,
            0.15,
            0.15,
            0.15,
            0.15,
            0.15,
            0.15,
            0.15,
            0.15,
            0.15
        ],
        [
            0.15,
            0.15,
            0.0,
            0.15,
            0.15,
            0.15,
            0.15,
            0.15,
            0.15,
            0.15,
            0.15,
            0.15,
            0.15,
            0.15,
            0.15,
            0.15,
            0.15,
            0.15,
            0.15,
            0.15,
            0.15
        ],
        [
            0.15,
            0.15,
            0.15,
            0.0,
            0.15,
            0.15,
            0.15,
            0.15,
            0.15,
            0.15,
            0.15,
            0.15,
            0.15,
            0.15,
            0.15,
            0.15,
            0.15,
            0.15,
            0.15,
            0.15,
            0.15
        ],
        [
            0.15,
            0.15,
            0.15,
            0.15,
            0.0,
            0.15,
            0.15,
            0.15,
            0.15,
            0.15,
            0.15,
            0.15,
            0.15,
            0.15,
            0.15,
            0.15,
            0.15,
            0.15,
            0.15,
            0.15,
            0.15
        ],
        [
            0.15,
            0.15,
            0.15,
            0.15,
            0.15,
            0.0,
            0.15,
            0.15,
            0.15,
            0.15,
            0.15,
            0.15,
            0.15,
            0.15,
            0.15,
            0.15,
            0.15,
            0.15,
            0.15,
            0.15,
            0.15
        ],
        [
            0.15,
            0.15,
            0.15,
            0.15,
            0.15,
            0.15,
            0.0,
            0.15,
            0.15,
            0.15,
            0.15,
            0.15,
            0.15,
            0.15,
            0.15,
            0.15,
            0.15,
            0.15,
            0.15,
            0.15,
            0.15
        ],
        [
            0.15,
            0.15,
            0.15,
            0.15,
            0.15,
            0.15,
            0.15,
            0.0,
            0.15,
            0.15,
            0.15,
            0.15,
            0.15,
            0.15,
            0.15,
            0.15,
            0.15,
            0.15,
            0.15,
            0.15,
            0.15
        ],
        [
            0.15,
            0.15,
            0.15,
            0.15,
            0.15,
            0.15,
            0.15,
            0.15,
            0.0,
            0.15,
            0.15,
            0.15,
            0.15,
            0.15,
            0.15,
            0.15,
            0.15,
            0.15,
            0.15,
            0.15,
            0.15
        ],
        [
            0.15,
            0.15,
            0.15,
            0.15,
            0.15,
            0.15,
            0.15,
            0.15,
            0.15,
            0.0,
            0.15,
            0.15,
            0.15,
            0.15,
            0.15,
            0.15,
            0.15,
            0.15,
            0.15,
            0.15,
            0.15
        ],
        [
            0.15,
            0.15,
            0.15,
            0.15,
            0.15,
            0.15,
            0.15,
            0.15,
            0.15,
            0.15,
            0.0,
            0.15,
            0.15,
            0.15,
            0.15,
            0.15,
            0.15,
            0.15,
            0.15,
            0.15,
            0.15
        ],
        [
            0.15,
            0.15,
            0.15,
            0.15,
            0.15,
            0.15,
            0.15,
            0.15,
            0.15,
            0.15,
            0.15,
            0.0,
            0.15,
            0.15,
            0.15,
            0.15,
            0.15,
            0.15,
            0.15,
            0.15,
            0.15
        ],
        [
            0.15,
            0.15,
            0.15,
            0.15,
            0.15,
            0.15,
            0.15,
            0.15,
            0.15,
            0.15,
            0.15,
            0.15,
            0.0,
            0.15,
            0.15,
            0.15,
            0.15,
            0.15,
            0.15,
            0.15,
            0.15
        ],
        [
            0.15,
            0.15,
            0.15,
            0.15,
            0.15,
            0.15,
            0.15,
            0.15,
            0.15,
            0.15,
            0.15,
            0.15,
            0.15,
            0.0,
            0.15,
            0.15,
            0.15,
            0.15,
            0.15,
            0.15,
            0.15
        ],
        [
            0.15,
            0.15,
            0.15,
            0.15,
            0.15,
            0.15,
            0.15,
            0.15,
            0.15,
            0.15,
            0.15,
            0.15,
            0.15,
            0.15,
            0.0,
            0.15,
            0.15,
            0.15,
            0.15,
            0.15,
            0.15
        ],
        [
            0.15,
            0.15,
            0.15,
            0.15,
            0.15,
            0.15,
            0.15,
            0.15,
            0.15,
            0.15,
            0.15,
            0.15,
            0.15,
            0.15,
            0.15,
            0.0,
            0.15,
            0.15,
            0.15,
            0.15,
            0.15
        ],
        [
            0.15,
            0.15,
            0.15,
            0.15,
            0.15,
            0.15,
            0.15,
            0.15,
            0.15,
            0.15,
            0.15,
            0.15,
            0.15,
            0.15,
            0.15,
            0.15,
            0.0,
            0.15,
            0.15,
            0.15,
            0.15
        ],
        [
            0.15,
            0.15,
            0.15,
            0.15,
            0.15,
            0.15,
            0.15,
            0.15,
            0.15,
            0.15,
            0.15,
            0.15,
            0.15,
            0.15,
            0.15,
            0.15,
            0.15,
            0.0,
            0.15,
            0.15,
            0.15
        ],
        [
            0.15,
            0.15,
            0.15,
            0.15,
            0.15,
            0.15,
            0.15,
            0.15,
            0.15,
            0.15,
            0.15,
            0.15,
            0.15,
            0.15,
            0.15,
            0.15,
            0.15,
            0.15,
            0.0,
            0.15,
            0.15
        ],
        [
            0.15,
            0.15,
            0.15,
            0.15,
            0.15,
            0.15,
            0.15,
            0.15,
            0.15,
            0.15,
            0.15,
            0.15,
            0.15,
            0.15,
            0.15,
            0.15,
            0.15,
            0.15,
            0.15,
            0.0,
            0.15
        ],
        [
            0.15,
            0.15,
            0.15,
            0.15,
            0.15,
            0.15,
            0.15,
            0.15,
            0.15,
            0.15,
            0.15,
            0.15,
            0.15,
            0.15,
            0.15,
            0.15,
            0.15,
            0.15,
            0.15,
            0.15,
            0.0
        ]
    ],
    "service_scv": [
        0.0,
        0.174,
        0.421,
        0.437,
        0.289,
        0.253,
        0.247,
        0.276,
        0.352,
        0.335,
        0.274,
        0.373,
        0.387,
        0.345,
        0.286,
        0.368,
        0.357,
        0.269,
        0.256,
        0.341,
        0.364
    ],
    "service": [
        0,
        36,
        36,
        50,
        32,
        54,
        36,
        49,
        49,
        36,
        43,
        34,
        60,
        46,
        35,
        55,
        53,
        37,
        41,
        33,
        47
    ]
}
