{
    "coords": [
        [
            0,
            0
        ],
        [
            34,
            44
        ],
        [
            28,
            38
        ],
        [
            41,
            11
        ],
        [
            2,
            15
        ],
        [
            14,
            43
        ],
        [
            45,
            0
        ],
        [
            24,
            41
        ],
        [
            6,
            39
        ],
        [
            5,
            23
        ],
        [
            40,
            15
        ],
        [
            17,
            13
        ],
        [
            35,
            12
        ],
        [
            49,
            22
        ],
        [
            23,
            25
        ],
        [
            29,
            27
        ],
        [
            25,
            49
        ],
        [
            40,
            39
        ],
        [
            35,
            31
        ],
        [
            17,
            49
        ],
        [
            23,
            10
        ]
    ],
    "dimension": 21,
    "distances": [
        [
            0.0,
            55.606,
            47.202,
            42.45,
            15.133,
            45.222,
            45.0,
            47.508,
            39.459,
            23.537,
            42.72,
            21.401,
            37.0,
            53.712,
            33.971,
            39.623,
            55.009,
            55.866,
            46.755,
            51.865,
            25.08
        ],
        [
            55.606,
            0.0,
            8.485,
            33.734,
            43.186,
            20.025,
            45.354,
            10.44,
            28.443,
            35.805,
            29.614,
            35.355,
            32.016,
            26.627,
            21.954,
            17.72,
            10.296,
            7.81,
            13.038,
            17.72,
            35.735
        ],
        [
            47.202,
            8.485,
            0.0,
            29.967,
            34.713,
            14.866,
            41.629,
            5.0,
            22.023,
            27.459,
            25.942,
            27.313,
            26.926,
            26.401,
            13.928,
            11.045,
            11.402,
            12.042,
            9.899,
            15.556,
            28.443
        ],
        [
            42.45,
            33.734,
            29.967,
            0.0,
            39.205,
            41.869,
            11.705,
            34.482,
            44.822,
            37.947,
            4.123,
            24.083,
            6.083,
            13.601,
            22.804,
            20.0,
            41.231,
            28.018,
            20.881,
            44.944,
            18.028
        ],
        [
            15.133,
            43.186,
            34.713,
            39.205,
            0.0,
            30.463,
            45.541,
            34.059,
            24.331,
            8.544,
            38.0,
            15.133,
            33.136,
            47.518,
            23.259,
            29.547,
            41.049,
            44.944,
            36.674,
            37.162,
            21.587
        ],
        [
            45.222,
            20.025,
            14.866,
            41.869,
            30.463,
            0.0,
            53.009,
            10.198,
            8.944,
            21.932,
            38.21,
            30.15,
            37.443,
            40.817,
            20.125,
            21.932,
            12.53,
            26.306,
            24.187,
            6.708,
            34.205
        ],
        [
            45.0,
            45.354,
            41.629,
            11.705,
            45.541,
            53.009,
            0.0,
            46.065,
            55.154,
            46.141,
            15.811,
            30.871,
            15.62,
            22.361,
            33.302,
            31.385,
            52.924,
            39.319,
            32.573,
            56.436,
            24.166
        ],
        [
            47.508,
            10.44,
            5.0,
            34.482,
            34.059,
            10.198,
            46.065,
            0.0,
            18.111,
            26.173,
            30.529,
            28.862,
            31.016,
            31.401,
            16.031,
            14.866,
            8.062,
            16.125,
            14.866,
            10.63,
            31.016
        ],
        [
            39.459,
            28.443,
            22.023,
            44.822,
            24.331,
            8.944,
            55.154,
            18.111,
            0.0,
            16.031,
            41.617,
            28.231,
            39.623,
            46.239,
            22.023,
            25.942,
            21.471,
            34.0,
            30.083,
            14.866,
            33.615
        ],
        [
            23.537,
            35.805,
            27.459,
            37.947,
            8.544,
            21.932,
            46.141,
            26.173,
            16.031,
            0.0,
            35.903,
            15.62,
            31.953,
            44.011,
            18.111,
            24.331,
            32.802,
            38.484,
            31.048,
            28.636,
            22.204
        ],
        [
            42.72,
            29.614,
            25.942,
            4.123,
            38.0,
            38.21,
            15.811,
            30.529,
            41.617,
            35.903,
            0.0,
            23.087,
            5.831,
            11.402,
            19.723,
            16.279,
            37.162,
            24.0,
            16.763,
            41.049,
            17.72
        ],
        [
            21.401,
            35.355,
            27.313,
            24.083,
            15.133,
            30.15,
            30.871,
            28.862,
            28.231,
            15.62,
            23.087,
            0.0,
            18.028,
            33.242,
            13.416,
            18.439,
            36.878,
            34.713,
            25.456,
            36.0,
            6.708
        ],
        [
            37.0,
            32.016,
            26.926,
            6.083,
            33.136,
            37.443,
            15.62,
            31.016,
            39.623,
            31.953,
            5.831,
            18.028,
            0.0,
            17.205,
            17.692,
            16.155,
            38.328,
            27.459,
            19.0,
            41.146,
            12.166
        ],
        [
            53.712,
            26.627,
            26.401,
            13.601,
            47.518,
            40.817,
            22.361,
            31.401,
            46.239,
            44.011,
            11.402,
            33.242,
            17.205,
            0.0,
            26.173,
            20.616,
            36.125,
            19.235,
            16.643,
            41.869,
            28.636
        ],
        [
            33.971,
            21.954,
            13.928,
            22.804,
            23.259,
            20.125,
            33.302,
            16.031,
            22.023,
            18.111,
            19.723,
            13.416,
            17.692,
            26.173,
            0.0,
            6.325,
            24.083,
            22.023,
            13.416,
            24.739,
            15.0
        ],
        [
            39.623,
            17.72,
            11.045,
            20.0,
            29.547,
            21.932,
            31.385,
            14.866,
            25.942,
            24.331,
            16.279,
            18.439,
            16.155,
            20.616,
            6.325,
            0.0,
            22.361,
            16.279,
            7.211,
            25.06,
            18.028
        ],
        [
            55.009,
            10.296,
            11.402,
            41.231,
            41.049,
            12.53,
            52.924,
            8.062,
            21.471,
            32.802,
            37.162,
            36.878,
            38.328,
            36.125,
            24.083,
            22.361,
            0.0,
            18.028,
            20.591,
            8.0,
            39.051
        ],
        [
            55.866,
            7.81,
            12.042,
            28.018,
            44.944,
            26.306,
            39.319,
            16.125,
            34.0,
            38.484,
            24.0,
            34.713,
            27.459,
            19.235,
            22.023,
            16.279,
            18.028,
            0.0,
            9.434,
            25.08,
            33.615
        ],
        [
            46.755,
            13.038,
            9.899,
            20.881,
            36.674,
            24.187,
            32.573,
            14.866,
            30.083,
            31.048,
            16.763,
            25.456,
            19.0,
            16.643,
            13.416,
            7.211,
            20.591,
            9.434,
            0.0,
            25.456,
            24.187
        ],
        [
            51.865,
            17.72,
            15.556,
            44.944,
            37.162,
            6.708,
            56.436,
            10.63,
            14.866,
            28.636,
            41.049,
            36.0,
            41.146,
            41.869,
            24.739,
            25.06,
            8.0,
            25.08,
            25.456,
            0.0,
            39.459
        ],
        [
            25.08,
            35.735,
            28.443,
            18.028,
            21.587,
            34.205,
            24.166,
            31.016,
            33.615,
            22.204,
            17.72,
            6.708,
            12.166,
            28.636,
            15.0,
            18.028,
            39.051,
            33.615,
            24.187,
            39.459,
            0.0
        ]
    ],
    "distances_scv": [
        [
            0.0,
            0.345,
            0.118,
            0.114,
            0.306,
            0.286,
            0.467,
            0.352,
            0.306,
            0.299,
            0.199,
            0.105,
            0.177,
            0.377,
            0.18,
            0.248,
            0.101,
            0.432,
            0.162,
            0.207,
            0.452
        ],
        [
            0.304,
            0.0,
            0.356,
            0.397,
            0.137,
            0.316,
            0.303,
            0.449,
            0.245,
            0.339,
            0.124,
            0.255,
            0.229,
            0.16,
            0.427,
            0.252,
            0.491,
            0.336,
            0.342,
            0.355,
            0.371
        ],
        [
            0.16,
            0.276,
            0.0,
            0.261,
            0.139,
            0.487,
            0.186,
            0.369,
            0.22,
            0.45,
            0.365,
            0.153,
            0.438,
            0.478,
            0.462,
            0.328,
            0.158,
            0.177,
            0.471,
            0.321,
            0.172
        ],
        [
            0.454,
            0.357,
            0.328,
            0.0,
            0.264,
            0.196,
            0.115,
            0.45,
            0.287,
            0.319,
            0.229,
            0.401,
            0.11,
            0.249,
            0.112,
            0.149,
            0.487,
            0.363,
            0.271,
            0.309,
            0.449
        ],
        [
            0.238,
            0.336,
            0.373,
            0.242,
            0.0,
            0.406,
            0.464,
            0.16,
            0.473,
            0.102,
            0.401,
            0.424,
            0.155,
            0.268,
            0.426,
            0.106,
            0.351,
            0.417,
            0.305,
            0.39,
            0.191
        ],
        [
            0.179,
            0.245,
            0.172,
            0.238,
            0.479,
            0.0,
            0.236,
            0.209,
            0.481,
            0.278,
            0.492,
            0.306,
            0.308,
            0.459,
            0.397,
            0.332,
            0.271,
            0.451,
            0.265,
            0.469,
            0.127
        ],
        [
            0.272,
            0.308,
            0.48,
            0.2,
            0.422,
            0.371,
            0.0,
            0.352,
            0.489,
            0.233,
            0.259,
            0.181,
            0.12,
            0.185,
            0.466,
            0.436,
            0.145,
            0.342,
            0.292,
            0.338,
            0.364
        ],
        [
            0.223,
            0.485,
            0.286,
            0.351,
            0.354,
            0.174,
            0.125,
            0.0,
            0.406,
            0.426,
            0.392,
            0.145,
            0.465,
            0.421,
            0.451,
            0.309,
            0.466,
            0.119,
            0.112,
            0.108,
            0.201
        ],
        [
            0.199,
            0.175,
            0.327,
            0.116,
            0.336,
            0.166,
            0.371,
            0.108,
            0.0,
            0.475,
            0.315,
            0.425,
            0.363,
            0.344,
            0.177,
            0.33,
            0.116,
            0.421,
            0.484,
            0.442,
            0.12
        ],
        [
            0.235,
            0.227,
            0.145,
            0.351,
            0.419,
            0.225,
            0.445,
            0.419,
            0.152,
            0.0,
            0.453,
            0.179,
            0.329,
            0.355,
            0.344,
            0.138,
            0.364,
            0.353,
            0.43,
            0.421,
            0.231
        ],
        [
            0.389,
            0.447,
            0.457,
            0.165,
            0.111,
            0.36,
            0.186,
            0.325,
            0.478,
            0.252,
            0.0,
            0.283,
            0.363,
            0.14,
            0.252,
            0.153,
            0.365,
            0.432,
            0.251,
            0.249,
            0.316
        ],
        [
            0.186,
            0.199,
            0.232,
            0.283,
            0.133,
            0.401,
            0.332,
            0.22,
            0.131,
            0.405,
            0.152,
            0.0,
            0.152,
            0.133,
            0.463,
            0.208,
            0.223,
            0.433,
            0.348,
            0.175,
            0.274
        ],
        [
            0.454,
            0.25,
            0.384,
            0.139,
            0.391,
            0.411,
            0.43,
            0.37,
            0.248,
            0.126,
            0.308,
            0.403,
            0.0,
            0.206,
            0.314,
            0.399,
            0.459,
            0.15,
            0.174,
            0.42,
            0.358
        ],
        [
            0.388,
            0.499,
            0.476,
            0.437,
            0.411,
            0.258,
            0.356,
            0.174,
            0.404,
            0.403,
            0.389,
            0.278,
            0.251,
            0.0,
            0.113,
            0.438,
            0.317,
            0.255,
            0.319,
            0.389,
            0.253
        ],
        [
            0.432,
            0.468,
            0.255,
            0.155,
            0.404,
            0.497,
            0.159,
            0.385,
            0.43,
            0.468,
            0.149,
            0.137,
            0.495,
            0.147,
            0.0,
            0.33,
            0.279,
            0.4,
            0.176,
            0.466,
            0.187
        ],
        [
            0.408,
            0.127,
            0.289,
            0.113,
            0.226,
            0.225,
            0.388,
            0.282,
            0.123,
            0.498,
            0.455,
            0.467,
            0.199,
            0.258,
            0.191,
            0.0,
            0.113,
            0.301,
            0.149,
            0.171,
            0.444
        ],
        [
            0.294,
            0.173,
            0.368,
            0.206,
            0.311,
            0.213,
            0.306,
            0.351,
            0.314,
            0.258,
            0.416,
            0.449,
            0.172,
            0.155,
            0.145,
            0.492,
            0.0,
            0.192,
            0.488,
            0.183,
            0.303
        ],
        [
            0.299,
            0.466,
            0.116,
            0.226,
            0.34,
            0.127,
            0.195,
            0.286,
            0.452,
            0.404,
            0.432,
            0.404,
            0.383,
            0.44,
            0.373,
            0.394,
            0.221,
            0.0,
            0.403,
            0.166,
            0.468
        ],
        [
            0.339,
            0.232,
            0.475,
            0.162,
            0.306,
            0.137,
            0.486,
            0.33,
            0.421,
            0.213,
            0.421,
            0.381,
            0.357,
            0.48,
            0.273,
            0.266,
            0.377,
            0.434,
            0.0,
            0.368,
            0.184
        ],
        [
            0.321,
            0.408,
            0.126,
            0.391,
            0.106,
            0.483,
            0.287,
            0.264,
            0.388,
            0.309,
            0.392,
            0.134,
            0.325,
            0.323,
            0.473,
            0.116,
            0.281,
            0.352,
            0.32,
            0.0,
            0.337
        ],
        [
            0.189,
            0.178,
            0.451,
            0.179,
            0.282,
            0.4,
            0.383,
            0.321,
            0.423,
            0.286,
            0.348,
            0.428,
            0.371,
            0.357,
            0.262,
            0.323,
            0.258,
            0.398,
            0.252,
            0.287,
            0.0
        ]
    ],
    "service_scv": [
        0.0,
        0.249,
        0.333,
        0.479,
        0.456,
        0.251,
        0.207,
        0.454,
        0.298,
        0.374,
        0.129,
        0.447,
        0.225,
        0.298,
        0.179,
        0.268,
        0.431,
        0.431,
        0.289,
        0.407,
        0.283
    ],
    "service": [
        0.0,
        44.377,
        16.406,
        29.41,
        4.172,
        39.772,
        13.778,
        2.905,
        29.112,
        46.585,
        7.133,
        13.679,
        18.851,
        13.058,
        35.691,
        17.889,
        19.177,
        38.75,
        18.667,
        36.492,
        15.429
    ]
}
