{
    "coords": [
        [
            0,
            0
        ],
        [
            5,
            14
        ],
        [
            20,
            40
        ],
        [
            22,
            4
        ],
        [
            16,
            30
        ],
        [
            40,
            36
        ],
        [
            49,
            9
        ],
        [
            44,
            2
        ],
        [
            27,
            13
        ],
        [
            10,
            32
        ],
        [
            15,
            28
        ],
        [
            13,
            7
        ],
        [
            37,
            21
        ],
        [
            33,
            33
        ],
        [
            47,
            21
        ],
        [
            10,
            31
        ],
        [
            46,
            48
        ],
        [
            43,
            34
        ],
        [
            19,
            19
        ],
        [
            1,
            9
        ],
        [
            16,
            17
        ]
    ],
    "dimension": 21,
    "distances": [
        [
            0.0,
            14.866,
            44.721,
            22.361,
            34.0,
            53.814,
            49.82,
            44.045,
            29.967,
            33.526,
            31.765,
            14.765,
            42.544,
            46.669,
            51.478,
            32.573,
            66.483,
            54.818,
            26.87,
            9.055,
            23.345
        ],
        [
            14.866,
            0.0,
            30.017,
            19.723,
            19.416,
            41.34,
            44.283,
            40.804,
            22.023,
            18.682,
            17.205,
            10.63,
            32.757,
            33.838,
            42.579,
            17.72,
            53.263,
            42.942,
            14.866,
            6.403,
            11.402
        ],
        [
            44.721,
            30.017,
            0.0,
            36.056,
            10.77,
            20.396,
            42.45,
            44.944,
            27.893,
            12.806,
            13.0,
            33.734,
            25.495,
            14.765,
            33.015,
            13.454,
            27.203,
            23.77,
            21.024,
            36.359,
            23.345
        ],
        [
            22.361,
            19.723,
            36.056,
            0.0,
            26.683,
            36.715,
            27.459,
            22.091,
            10.296,
            30.463,
            25.0,
            9.487,
            22.672,
            31.016,
            30.232,
            29.547,
            50.12,
            36.62,
            15.297,
            21.587,
            14.318
        ],
        [
            34.0,
            19.416,
            10.77,
            26.683,
            0.0,
            24.739,
            39.115,
            39.598,
            20.248,
            6.325,
            2.236,
            23.195,
            22.847,
            17.263,
            32.28,
            6.083,
            34.986,
            27.295,
            11.402,
            25.807,
            13.0
        ],
        [
            53.814,
            41.34,
            20.396,
            36.715,
            24.739,
            0.0,
            28.46,
            34.234,
            26.42,
            30.265,
            26.249,
            39.623,
            15.297,
            7.616,
            16.553,
            30.414,
            13.416,
            3.606,
            27.019,
            47.434,
            30.61
        ],
        [
            49.82,
            44.283,
            42.45,
            27.459,
            39.115,
            28.46,
            0.0,
            8.602,
            22.361,
            45.277,
            38.949,
            36.056,
            16.971,
            28.844,
            12.166,
            44.777,
            39.115,
            25.71,
            31.623,
            48.0,
            33.956
        ],
        [
            44.045,
            40.804,
            44.944,
            22.091,
            39.598,
            34.234,
            8.602,
            0.0,
            20.248,
            45.343,
            38.949,
            31.401,
            20.248,
            32.894,
            19.235,
            44.688,
            46.043,
            32.016,
            30.232,
            43.566,
            31.765
        ],
        [
            29.967,
            22.023,
            27.893,
            10.296,
            20.248,
            26.42,
            22.361,
            20.248,
            0.0,
            25.495,
            19.209,
            15.232,
            12.806,
            20.881,
            21.541,
            24.759,
            39.825,
            26.401,
            10.0,
            26.306,
            11.705
        ],
        [
            33.526,
            18.682,
            12.806,
            30.463,
            6.325,
            30.265,
            45.277,
            45.343,
            25.495,
            0.0,
            6.403,
            25.179,
            29.155,
            23.022,
            38.601,
            1.0,
            39.395,
            33.061,
            15.811,
            24.698,
            16.155
        ],
        [
            31.765,
            17.205,
            13.0,
            25.0,
            2.236,
            26.249,
            38.949,
            38.949,
            19.209,
            6.403,
            0.0,
            21.095,
            23.087,
            18.682,
            32.757,
            5.831,
            36.892,
            28.636,
            9.849,
            23.601,
            11.045
        ],
        [
            14.765,
            10.63,
            33.734,
            9.487,
            23.195,
            39.623,
            36.056,
            31.401,
            15.232,
            25.179,
            21.095,
            0.0,
            27.785,
            32.802,
            36.77,
            24.187,
            52.631,
            40.361,
            13.416,
            12.166,
            10.44
        ],
        [
            42.544,
            32.757,
            25.495,
            22.672,
            22.847,
            15.297,
            16.971,
            20.248,
            12.806,
            29.155,
            23.087,
            27.785,
            0.0,
            12.649,
            10.0,
            28.792,
            28.46,
            14.318,
            18.111,
            37.947,
            21.378
        ],
        [
            46.669,
            33.838,
            14.765,
            31.016,
            17.263,
            7.616,
            28.844,
            32.894,
            20.881,
            23.022,
            18.682,
            32.802,
            12.649,
            0.0,
            18.439,
            23.087,
            19.849,
            10.05,
            19.799,
            40.0,
            23.345
        ],
        [
            51.478,
            42.579,
            33.015,
            30.232,
            32.28,
            16.553,
            12.166,
            19.235,
            21.541,
            38.601,
            32.757,
            36.77,
            10.0,
            18.439,
            0.0,
            38.328,
            27.019,
            13.601,
            28.071,
            47.539,
            31.257
        ],
        [
            32.573,
            17.72,
            13.454,
            29.547,
            6.083,
            30.414,
            44.777,
            44.688,
            24.759,
            1.0,
            5.831,
            24.187,
            28.792,
            23.087,
            38.328,
            0.0,
            39.812,
            33.136,
            15.0,
            23.77,
            15.232
        ],
        [
            66.483,
            53.263,
            27.203,
            50.12,
            34.986,
            13.416,
            39.115,
            46.043,
            39.825,
            39.395,
            36.892,
            52.631,
            28.46,
            19.849,
            27.019,
            39.812,
            0.0,
            14.318,
            39.623,
            59.548,
            43.139
        ],
        [
            54.818,
            42.942,
            23.77,
            36.62,
            27.295,
            3.606,
            25.71,
            32.016,
            26.401,
            33.061,
            28.636,
            40.361,
            14.318,
            10.05,
            13.601,
            33.136,
            14.318,
            0.0,
            28.302,
            48.877,
            31.906
        ],
        [
            26.87,
            14.866,
            21.024,
            15.297,
            11.402,
            27.019,
            31.623,
            30.232,
            10.0,
            15.811,
            9.849,
            13.416,
            18.111,
            19.799,
            28.071,
            15.0,
            39.623,
            28.302,
            0.0,
            20.591,
            3.606
        ],
        [
            9.055,
            6.403,
            36.359,
            21.587,
            25.807,
            47.434,
            48.0,
            43.566,
            26.306,
            24.698,
            23.601,
            12.166,
            37.947,
            40.0,
            47.539,
            23.77,
            59.548,
            48.877,
            20.591,
            0.0,
            17.0
        ],
        [
            23.345,
            11.402,
            23.345,
            14.318,
            13.0,
            30.61,
            33.956,
            31.765,
            11.705,
            16.155,
            11.045,
            10.44,
            21.378,
            23.345,
            31.257,
            15.232,
            43.139,
            31.906,
            3.606,
            17.0,
            0.0
        ]
    ],
    "distances_scv": [
        [
            0.0,
            0.15,
            0.15,
            0.15,
            0.15,
            0.15,
            0.15,
            0.15,
            0.15,
            0.15,
            0.15,
            0.15,
            0.15,
            0.15,
            0.15,
            0.15,
            0.15,
            0.15,
            0.15,
            0.15,
            0.15
        ],
        [
            0.15,
            0.0,
            0.15,
            0.15,
            0.15,
            0.15,
            0.15,
            0.15,
            0.15,
            0.15,
            0.15,
            0.15,
            0.15,
            0.15,
            0.15,
            0.15,
            0.15,
            0.15,
            0.15,
            0.15,
            0.15
        ],
        [
            0.15,
            0.15,
            0.0,
            0.15,
            0.15,
            0.15,
            0.15,
            0.15,
            0.15,
            0.15,
            0.15,
            0.15,
            0.15,
            0.15,
            0.15,
            0.15,
            0.15,
            0.15,
            0.15,
            0.15,
            0.15
        ],
        [
            0.15,
            0.15,
            0.15,
            0.0,
            0.15,
            0.15,
            0.15,
            0.15,
            0.15,
            0.15,
            0.15,
            0.15,
            0.15,
            0.15,
            0.15,
            0.15,
            0.15,
            0.15,
            0.15,
            0.15,
            0.15
        ],
        [
            0.15,
            0.15,
            0.15,
            0.15,
            0.0,
            0.15,
            0.15,
            0.15,
            0.15,
            0.15,
            0.15,
            0.15,
            0.15,
            0.15,
            0.15,
            0.15,
            0.15,
            0.15,
            0.15,
            0.15,
            0.15
        ],
        [
            0.15,
            0.15,
            0.15,
            0.15,
            0.15,
            0.0,
            0.15,
            0.15,
            0.15,
            0.15,
            0.15,
            0.15,
            0.15,
            0.15,
            0.15,
            0.15,
            0.15,
            0.15,
            0.15,
            0.15,
            0.15
        ],
        [
            0.15,
            0.15,
            0.15,
            0.15,
            0.15,
            0.15,
            0.0,
            0.15,
            0.15,
            0.15,
            0.15,
            0.15,
            0.15,
            0.15,
            0.15,
            0.15,
            0.15,
            0.15,
            0.15,
            0.15,
            0.15
        ],
        [
            0.15,
            0.15,
            0.15,
            0.15,
            0.15,
            0.15,
            0.15,
            0.0,
            0.15,
            0.15,
            0.15,
            0.15,
            0.15,
            0.15,
            0.15,
            0.15,
            0.15,
            0.15,
            0.15,
            0.15,
            0.15
        ],
        [
            0.15,
            0.15,
            0.15,
            0.15,
            0.15,
            0.15,
            0.15,
            0.15,
            0.0,
            0.15,
            0.15,
            0.15,
            0.15,
            0.15,
            0.15,
            0.15,
            0.15,
            0.15,
            0.15,
            0.15,
            0.15
        ],
        [
            0.15,
            0.15,
            0.15,
            0.15,
            0.15,
            0.15,
            0.15,
            0.15,
            0.15,
            0.0,
            0.15,
            0.15,
            0.15,
            0.15,
            0.15,
            0.15,
            0.15,
            0.15,
            0.15,
            0.15,
            0.15
        ],
        [
            0.15,
            0.15,
            0.15,
            0.15,
            0.15,
            0.15,
            0.15,
            0.15,
            0.15,
            0.15,
            0.0,
            0.15,
            0.15,
            0.15,
            0.15,
            0.15,
            0.15,
            0.15,
            0.15,
            0.15,
            0.15
        ],
        [
            0.15,
            0.15,
            0.15,
            0.15,
            0.15,
            0.15,
            0.15,
            0.15,
            0.15,
            0.15,
            0.15,
            0.0,
            0.15,
            0.15,
            0.15,
            0.15,
            0.15,
            0.15,
            0.15,
            0.15,
            0.15
        ],
        [
            0.15,
            0.15,
            0.15,
            0.15,
            0.15,
            0.15,
            0.15,
            0.15,
            0.15,
            0.15,
            0.15,
            0.15,
            0.0,
            0.15,
            0.15,
            0.15,
            0.15,
            0.15,
            0.15,
            0.15,
            0.15
        ],
        [
            0.15,
            0.15,
            0.15,
            0.15,
            0.15,
            0.15,
            0.15,
            0.15,
            0.15,
            0.15,
            0.15,
            0.15,
            0.15,
            0.0,
            0.15,
            0.15,
            0.15,
            0.15,
            0.15,
            0.15,
            0.15
        ],
        [
            0.15,
            0.15,
            0.15,
            0.15,
            0.15,
            0.15,
            0.15,
            0.15,
            0.15,
            0.15,
            0.15,
            0.15,
            0.15,
            0.15,
            0.0,
            0.15,
            0.15,
            0.15,
            0.15,
            0.15,
            0.15
        ],
        [
            0.15,
            0.15,
            0.15,
            0.15,
            0.15,
            0.15,
            0.15,
            0.15,
            0.15,
            0.15,
            0.15,
            0.15,
            0.15,
            0.15,
            0.15,
            0.0,
            0.15,
            0.15,
            0.15,
            0.15,
            0.15
        ],
        [
            0.15,
            0.15,
            0.15,
            0.15,
            0.15,
            0.15,
            0.15,
            0.15,
            0.15,
            0.15,
            0.15,
            0.15,
            0.15,
            0.15,
            0.15,
            0.15,
            0.0,
            0.15,
            0.15,
            0.15,
            0.15
        ],
        [
            0.15,
            0.15,
            0.15,
            0.15,
            0.15,
            0.15,
            0.15,
            0.15,
            0.15,
            0.15,
            0.15,
            0.15,
            0.15,
            0.15,
            0.15,
            0.15,
            0.15,
            0.0,
            0.15,
            0.15,
            0.15
        ],
        [
            0.15,
            0.15,
            0.15,
            0.15,
            0.15,
            0.15,
            0.15,
            0.15,
            0.15,
            0.15,
            0.15,
            0.15,
            0.15,
            0.15,
            0.15,
            0.15,
            0.15,
            0.15,
            0.0,
            0.15,
            0.15
        ],
        [
            0.15,
            0.15,
            0.15,
            0.15,
            0.15,
            0.15,
            0.15,
            0.15,
            0.15,
            0.15,
            0.15,
            0.15,
            0.15,
            0.15,
            0.15,
            0.15,
            0.15,
            0.15,
            0.15,
            0.0,
            0.15
        ],
        [
            0.15,
            0.15,
            0.15,
            0.15,
            0.15,
            0.15,
            0.15,
            0.15,
            0.15,
            0.15,
            0.15,
            0.15,
            0.15,
            0.15,
            0.15,
            0.15,
            0.15,
            0.15,
            0.15,
            0.15,
            0.0
        ]
    ],
    "service_scv": [
        0.0,
        0.212,
        0.473,
        0.292,
        0.332,
        0.315,
        0.267,
        0.459,
        0.364,
        0.476,
        0.368,
        0.474,
        0.33,
        0.316,
        0.35,
        0.152,
        0.419,
        0.199,
        0.48,
        0.166,
        0.398
    ],
    "service": [
        0,
        50,
        41,
        33,
        38,
        48,
        40,
        41,
        47,
        52,
        33,
        32,
        32,
        50,
        38,
        54,
        45,
        32,
        39,
        31,
        47
    ]
}
