{
    "coords": [
        [
            0,
            0
        ],
        [
            24,
            3
        ],
        [
            28,
            33
        ],
        [
            3,
            23
        ],
        [
            17,
            33
        ],
        [
            34,
            1
        ],
        [
            9,
            2
        ],
        [
            38,
            8
        ],
        [
            44,
            48
        ],
        [
            30,
            15
        ],
        [
            15,
            29
        ],
        [
            40,
            49
        ],
        [
            3,
            35
        ],
        [
            5,
            10
        ],
        [
            13,
            21
        ],
        [
            32,
            5
        ],
        [
            27,
            14
        ],
        [
            0,
            15
        ],
        [
            23,
            0
        ],
        [
            35,
            42
        ],
        [
            47,
            44
        ]
    ],
    "dimension": 21,
    "distances": [
        [
            0.0,
            24.187,
            43.278,
            23.195,
            37.121,
            34.015,
            9.22,
            38.833,
            65.115,
            33.541,
            32.65,
            63.253,
            35.128,
            11.18,
            24.698,
            32.388,
            30.414,
            15.0,
            23.0,
            54.672,
            64.382
        ],
        [
            24.187,
            0.0,
            30.265,
            29.0,
            30.806,
            10.198,
            15.033,
            14.866,
            49.244,
            13.416,
            27.514,
            48.703,
            38.275,
            20.248,
            21.095,
            8.246,
            11.402,
            26.833,
            3.162,
            40.522,
            47.011
        ],
        [
            43.278,
            30.265,
            0.0,
            26.926,
            11.0,
            32.558,
            36.359,
            26.926,
            21.932,
            18.111,
            13.601,
            20.0,
            25.08,
            32.527,
            19.209,
            28.284,
            19.026,
            33.287,
            33.377,
            11.402,
            21.954
        ],
        [
            23.195,
            29.0,
            26.926,
            0.0,
            17.205,
            38.013,
            21.84,
            38.079,
            48.021,
            28.16,
            13.416,
            45.222,
            12.0,
            13.153,
            10.198,
            34.132,
            25.632,
            8.544,
            30.48,
            37.216,
            48.754
        ],
        [
            37.121,
            30.806,
            11.0,
            17.205,
            0.0,
            36.235,
            32.016,
            32.65,
            30.887,
            22.204,
            4.472,
            28.018,
            14.142,
            25.942,
            12.649,
            31.765,
            21.471,
            24.759,
            33.541,
            20.125,
            31.953
        ],
        [
            34.015,
            10.198,
            32.558,
            38.013,
            36.235,
            0.0,
            25.02,
            8.062,
            48.052,
            14.56,
            33.838,
            48.374,
            46.011,
            30.364,
            29.0,
            4.472,
            14.765,
            36.77,
            11.045,
            41.012,
            44.922
        ],
        [
            9.22,
            15.033,
            36.359,
            21.84,
            32.016,
            25.02,
            0.0,
            29.614,
            57.801,
            24.698,
            27.659,
            56.303,
            33.541,
            8.944,
            19.416,
            23.195,
            21.633,
            15.811,
            14.142,
            47.707,
            56.639
        ],
        [
            38.833,
            14.866,
            26.926,
            38.079,
            32.65,
            8.062,
            29.614,
            0.0,
            40.447,
            10.63,
            31.145,
            41.049,
            44.204,
            33.061,
            28.178,
            6.708,
            12.53,
            38.639,
            17.0,
            34.132,
            37.108
        ],
        [
            65.115,
            49.244,
            21.932,
            48.021,
            30.887,
            48.052,
            57.801,
            40.447,
            0.0,
            35.847,
            34.67,
            4.123,
            43.012,
            54.452,
            41.11,
            44.643,
            38.013,
            55.0,
            52.393,
            10.817,
            5.0
        ],
        [
            33.541,
            13.416,
            18.111,
            28.16,
            22.204,
            14.56,
            24.698,
            10.63,
            35.847,
            0.0,
            20.518,
            35.44,
            33.601,
            25.495,
            18.028,
            10.198,
            3.162,
            30.0,
            16.553,
            27.459,
            33.615
        ],
        [
            32.65,
            27.514,
            13.601,
            13.416,
            4.472,
            33.838,
            27.659,
            31.145,
            34.67,
            20.518,
            0.0,
            32.016,
            13.416,
            21.471,
            8.246,
            29.411,
            19.209,
            20.518,
            30.083,
            23.854,
            35.341
        ],
        [
            63.253,
            48.703,
            20.0,
            45.222,
            28.018,
            48.374,
            56.303,
            41.049,
            4.123,
            35.44,
            32.016,
            0.0,
            39.56,
            52.402,
            38.897,
            44.721,
            37.336,
            52.498,
            51.865,
            8.602,
            8.602
        ],
        [
            35.128,
            38.275,
            25.08,
            12.0,
            14.142,
            46.011,
            33.541,
            44.204,
            43.012,
            33.601,
            13.416,
            39.56,
            0.0,
            25.08,
            17.205,
            41.725,
            31.89,
            20.224,
            40.311,
            32.757,
            44.911
        ],
        [
            11.18,
            20.248,
            32.527,
            13.153,
            25.942,
            30.364,
            8.944,
            33.061,
            54.452,
            25.495,
            21.471,
            52.402,
            25.08,
            0.0,
            13.601,
            27.459,
            22.361,
            7.071,
            20.591,
            43.863,
            54.037
        ],
        [
            24.698,
            21.095,
            19.209,
            10.198,
            12.649,
            29.0,
            19.416,
            28.178,
            41.11,
            18.028,
            8.246,
            38.897,
            17.205,
            13.601,
            0.0,
            24.839,
            15.652,
            14.318,
            23.259,
            30.414,
            41.049
        ],
        [
            32.388,
            8.246,
            28.284,
            34.132,
            31.765,
            4.472,
            23.195,
            6.708,
            44.643,
            10.198,
            29.411,
            44.721,
            41.725,
            27.459,
            24.839,
            0.0,
            10.296,
            33.526,
            10.296,
            37.121,
            41.785
        ],
        [
            30.414,
            11.402,
            19.026,
            25.632,
            21.471,
            14.765,
            21.633,
            12.53,
            38.013,
            3.162,
            19.209,
            37.336,
            31.89,
            22.361,
            15.652,
            10.296,
            0.0,
            27.019,
            14.56,
            29.12,
            36.056
        ],
        [
            15.0,
            26.833,
            33.287,
            8.544,
            24.759,
            36.77,
            15.811,
            38.639,
            55.0,
            30.0,
            20.518,
            52.498,
            20.224,
            7.071,
            14.318,
            33.526,
            27.019,
            0.0,
            27.459,
            44.204,
            55.227
        ],
        [
            23.0,
            3.162,
            33.377,
            30.48,
            33.541,
            11.045,
            14.142,
            17.0,
            52.393,
            16.553,
            30.083,
            51.865,
            40.311,
            20.591,
            23.259,
            10.296,
            14.56,
            27.459,
            0.0,
            43.681,
            50.12
        ],
        [
            54.672,
            40.522,
            11.402,
            37.216,
            20.125,
            41.012,
            47.707,
            34.132,
            10.817,
            27.459,
            23.854,
            8.602,
            32.757,
            43.863,
            30.414,
            37.121,
            29.12,
            44.204,
            43.681,
            0.0,
            12.166
        ],
        [
            64.382,
            47.011,
            21.954,
            48.754,
            31.953,
            44.922,
            56.639,
            37.108,
            5.0,
            33.615,
            35.341,
            8.602,
            44.911,
            54.037,
            41.049,
            41.785,
            36.056,
            55.227,
            50.12,
            12.166,
            0.0
        ]
    ],
    "distances_scv": [
        [
            0.0,
            0.354,
            0.338,
            0.364,
            0.498,
            0.331,
            0.157,
            0.377,
            0.376,
            0.442,
            0.372,
            0.229,
            0.116,
            0.279,
            0.351,
            0.394,
            0.368,
            0.339,
            0.342,
            0.193,
            0.257
        ],
        [
            0.267,
            0.0,
            0.481,
            0.133,
            0.488,
            0.417,
            0.189,
            0.245,
            0.199,
            0.348,
            0.112,
            0.27,
            0.401,
            0.282,
            0.351,
            0.271,
            0.351,
            0.446,
            0.37,
            0.459,
            0.436
        ],
        [
            0.301,
            0.266,
            0.0,
            0.373,
            0.227,
            0.35,
            0.256,
            0.492,
            0.193,
            0.268,
            0.44,
            0.29,
            0.205,
            0.191,
            0.39,
            0.366,
            0.227,
            0.224,
            0.308,
            0.447,
            0.364
        ],
        [
            0.123,
            0.351,
            0.477,
            0.0,
            0.448,
            0.46,
            0.189,
            0.241,
            0.189,
            0.297,
            0.373,
            0.408,
            0.126,
            0.471,
            0.128,
            0.468,
            0.29,
            0.127,
            0.105,
            0.153,
            0.106
        ],
        [
            0.478,
            0.335,
            0.196,
            0.134,
            0.0,
            0.256,
            0.166,
            0.216,
            0.403,
            0.114,
            0.424,
            0.466,
            0.449,
            0.148,
            0.42,
            0.379,
            0.123,
            0.158,
            0.255,
            0.274,
            0.367
        ],
        [
            0.349,
            0.341,
            0.195,
            0.492,
            0.458,
            0.0,
            0.461,
            0.42,
            0.23,
            0.436,
            0.36,
            0.337,
            0.239,
            0.11,
            0.465,
            0.461,
            0.32,
            0.354,
            0.416,
            0.102,
            0.188
        ],
        [
            0.13,
            0.489,
            0.288,
            0.253,
            0.415,
            0.296,
            0.0,
            0.484,
            0.346,
            0.257,
            0.263,
            0.351,
            0.264,
            0.307,
            0.363,
            0.264,
            0.389,
            0.496,
            0.478,
            0.136,
            0.399
        ],
        [
            0.258,
            0.317,
            0.125,
            0.486,
            0.438,
            0.471,
            0.148,
            0.0,
            0.29,
            0.287,
            0.436,
            0.348,
            0.451,
            0.111,
            0.198,
            0.16,
            0.457,
            0.443,
            0.368,
            0.177,
            0.395
        ],
        [
            0.347,
            0.394,
            0.276,
            0.371,
            0.487,
            0.492,
            0.464,
            0.119,
            0.0,
            0.166,
            0.208,
            0.313,
            0.437,
            0.454,
            0.252,
            0.458,
            0.292,
            0.1,
            0.424,
            0.29,
            0.206
        ],
        [
            0.156,
            0.316,
            0.372,
            0.495,
            0.445,
            0.38,
            0.341,
            0.161,
            0.39,
            0.0,
            0.293,
            0.47,
            0.367,
            0.206,
            0.385,
            0.244,
            0.423,
            0.244,
            0.368,
            0.259,
            0.128
        ],
        [
            0.105,
            0.193,
            0.466,
            0.3,
            0.418,
            0.29,
            0.411,
            0.454,
            0.492,
            0.366,
            0.0,
            0.271,
            0.205,
            0.476,
            0.437,
            0.405,
            0.203,
            0.115,
            0.321,
            0.184,
            0.369
        ],
        [
            0.126,
            0.254,
            0.381,
            0.27,
            0.348,
            0.225,
            0.277,
            0.462,
            0.455,
            0.413,
            0.249,
            0.0,
            0.324,
            0.17,
            0.482,
            0.208,
            0.309,
            0.478,
            0.37,
            0.476,
            0.471
        ],
        [
            0.279,
            0.281,
            0.346,
            0.423,
            0.205,
            0.331,
            0.117,
            0.173,
            0.128,
            0.205,
            0.183,
            0.433,
            0.0,
            0.142,
            0.156,
            0.463,
            0.248,
            0.424,
            0.219,
            0.217,
            0.423
        ],
        [
            0.194,
            0.467,
            0.344,
            0.139,
            0.366,
            0.335,
            0.253,
            0.368,
            0.14,
            0.336,
            0.492,
            0.107,
            0.384,
            0.0,
            0.455,
            0.195,
            0.11,
            0.105,
            0.271,
            0.167,
            0.324
        ],
        [
            0.259,
            0.227,
            0.416,
            0.137,
            0.101,
            0.195,
            0.184,
            0.23,
            0.222,
            0.125,
            0.218,
            0.384,
            0.104,
            0.191,
            0.0,
            0.393,
            0.225,
            0.274,
            0.207,
            0.238,
            0.468
        ],
        [
            0.483,
            0.39,
            0.251,
            0.184,
            0.227,
            0.193,
            0.229,
            0.106,
            0.354,
            0.301,
            0.402,
            0.131,
            0.232,
            0.286,
            0.169,
            0.0,
            0.494,
            0.222,
            0.219,
            0.101,
            0.139
        ],
        [
            0.407,
            0.395,
            0.411,
            0.287,
            0.477,
            0.452,
            0.18,
            0.238,
            0.266,
            0.267,
            0.314,
            0.32,
            0.1,
            0.369,
            0.22,
            0.309,
            0.0,
            0.462,
            0.132,
            0.223,
            0.126
        ],
        [
            0.275,
            0.45,
            0.108,
            0.388,
            0.139,
            0.261,
            0.124,
            0.313,
            0.367,
            0.424,
            0.149,
            0.253,
            0.218,
            0.266,
            0.273,
            0.176,
            0.39,
            0.0,
            0.222,
            0.267,
            0.451
        ],
        [
            0.396,
            0.366,
            0.393,
            0.153,
            0.376,
            0.197,
            0.375,
            0.28,
            0.474,
            0.405,
            0.124,
            0.124,
            0.485,
            0.167,
            0.325,
            0.139,
            0.215,
            0.358,
            0.0,
            0.237,
            0.187
        ],
        [
            0.287,
            0.334,
            0.173,
            0.157,
            0.144,
            0.145,
            0.396,
            0.301,
            0.301,
            0.136,
            0.112,
            0.404,
            0.448,
            0.345,
            0.211,
            0.238,
            0.128,
            0.176,
            0.488,
            0.0,
            0.288
        ],
        [
            0.348,
            0.491,
            0.464,
            0.346,
            0.338,
            0.39,
            0.219,
            0.283,
            0.456,
            0.339,
            0.433,
            0.186,
            0.438,
            0.232,
            0.145,
            0.445,
            0.377,
            0.143,
            0.225,
            0.416,
            0.0
        ]
    ],
    "service_scv": [
        0.0,
        0.472,
        0.374,
        0.308,
        0.422,
        0.309,
        0.39,
        0.142,
        0.246,
        0.171,
        0.378,
        0.431,
        0.169,
        0.439,
        0.392,
        0.34,
        0.431,
        0.145,
        0.461,
        0.171,
        0.356
    ],
    "service": [
        0.0,
        30.392,
        6.159,
        35.078,
        37.004,
        33.411,
        52.568,
        13.86,
        43.981,
        15.87,
        37.569,
        40.228,
        23.248,
        68.303,
        3.38,
        8.235,
        23.481,
        17.061,
        47.501,
        21.705,
        50.46
    ]
}
