{
    "coords": [
        [
            0,
            0
        ],
        [
            13,
            23
        ],
        [
            44,
            6
        ],
        [
            12,
            26
        ],
        [
            12,
            20
        ],
        [
            17,
            3
        ],
        [
            1,
            4
        ],
        [
            33,
            49
        ],
        [
            46,
            34
        ],
        [
            46,
            22
        ],
        [
            27,
            32
        ],
        [
            20,
            13
        ],
        [
            35,
            15
        ],
        [
            27,
            3
        ],
        [
            10,
            2
        ],
        [
            30,
            40
        ],
        [
            43,
            40
        ],
        [
            46,
            0
        ],
        [
            38,
            16
        ],
        [
            32,
            4
        ],
        [
            10,
            23
        ]
    ],
    "dimension": 21,
    "distances": [
        [
            0.0,
            26.42,
            44.407,
            28.636,
            23.324,
            17.263,
            4.123,
            59.076,
            57.201,
            50.99,
            41.869,
            23.854,
            38.079,
            27.166,
            10.198,
            50.0,
            58.728,
            46.0,
            41.231,
            32.249,
            25.08
        ],
        [
            26.42,
            0.0,
            35.355,
            3.162,
            3.162,
            20.396,
            22.472,
            32.802,
            34.785,
            33.015,
            16.643,
            12.207,
            23.409,
            24.413,
            21.213,
            24.042,
            34.482,
            40.224,
            25.962,
            26.87,
            3.0
        ],
        [
            44.407,
            35.355,
            0.0,
            37.736,
            34.928,
            27.166,
            43.046,
            44.385,
            28.071,
            16.125,
            31.064,
            25.0,
            12.728,
            17.263,
            34.234,
            36.77,
            34.015,
            6.325,
            11.662,
            12.166,
            38.013
        ],
        [
            28.636,
            3.162,
            37.736,
            0.0,
            6.0,
            23.537,
            24.597,
            31.145,
            34.928,
            34.234,
            16.155,
            15.264,
            25.495,
            27.459,
            24.083,
            22.804,
            34.015,
            42.802,
            27.857,
            29.732,
            3.606
        ],
        [
            23.324,
            3.162,
            34.928,
            6.0,
            0.0,
            17.72,
            19.416,
            35.805,
            36.77,
            34.059,
            19.209,
            10.63,
            23.537,
            22.672,
            18.111,
            26.907,
            36.892,
            39.446,
            26.306,
            25.612,
            3.606
        ],
        [
            17.263,
            20.396,
            27.166,
            23.537,
            17.72,
            0.0,
            16.031,
            48.703,
            42.45,
            34.67,
            30.676,
            10.44,
            21.633,
            10.0,
            7.071,
            39.217,
            45.222,
            29.155,
            24.698,
            15.033,
            21.19
        ],
        [
            4.123,
            22.472,
            43.046,
            24.597,
            19.416,
            16.031,
            0.0,
            55.218,
            54.083,
            48.466,
            38.21,
            21.024,
            35.735,
            26.019,
            9.22,
            46.228,
            55.317,
            45.177,
            38.897,
            31.0,
            21.024
        ],
        [
            59.076,
            32.802,
            44.385,
            31.145,
            35.805,
            48.703,
            55.218,
            0.0,
            19.849,
            29.967,
            18.028,
            38.275,
            34.059,
            46.39,
            52.326,
            9.487,
            13.454,
            50.695,
            33.377,
            45.011,
            34.713
        ],
        [
            57.201,
            34.785,
            28.071,
            34.928,
            36.77,
            42.45,
            54.083,
            19.849,
            0.0,
            12.0,
            19.105,
            33.422,
            21.954,
            36.359,
            48.166,
            17.088,
            6.708,
            34.0,
            19.698,
            33.106,
            37.643
        ],
        [
            50.99,
            33.015,
            16.125,
            34.234,
            34.059,
            34.67,
            48.466,
            29.967,
            12.0,
            0.0,
            21.471,
            27.514,
            13.038,
            26.87,
            41.183,
            24.083,
            18.248,
            22.0,
            10.0,
            22.804,
            36.014
        ],
        [
            41.869,
            16.643,
            31.064,
            16.155,
            19.209,
            30.676,
            38.21,
            18.028,
            19.105,
            21.471,
            0.0,
            20.248,
            18.788,
            29.0,
            34.482,
            8.544,
            17.889,
            37.216,
            19.416,
            28.443,
            19.235
        ],
        [
            23.854,
            12.207,
            25.0,
            15.264,
            10.63,
            10.44,
            21.024,
            38.275,
            33.422,
            27.514,
            20.248,
            0.0,
            15.133,
            12.207,
            14.866,
            28.792,
            35.468,
            29.069,
            18.248,
            15.0,
            14.142
        ],
        [
            38.079,
            23.409,
            12.728,
            25.495,
            23.537,
            21.633,
            35.735,
            34.059,
            21.954,
            13.038,
            18.788,
            15.133,
            0.0,
            14.422,
            28.178,
            25.495,
            26.249,
            18.601,
            3.162,
            11.402,
            26.249
        ],
        [
            27.166,
            24.413,
            17.263,
            27.459,
            22.672,
            10.0,
            26.019,
            46.39,
            36.359,
            26.87,
            29.0,
            12.207,
            14.422,
            0.0,
            17.029,
            37.121,
            40.311,
            19.235,
            17.029,
            5.099,
            26.249
        ],
        [
            10.198,
            21.213,
            34.234,
            24.083,
            18.111,
            7.071,
            9.22,
            52.326,
            48.166,
            41.183,
            34.482,
            14.866,
            28.178,
            17.029,
            0.0,
            42.942,
            50.329,
            36.056,
            31.305,
            22.091,
            21.0
        ],
        [
            50.0,
            24.042,
            36.77,
            22.804,
            26.907,
            39.217,
            46.228,
            9.487,
            17.088,
            24.083,
            8.544,
            28.792,
            25.495,
            37.121,
            42.942,
            0.0,
            13.0,
            43.081,
            25.298,
            36.056,
            26.249
        ],
        [
            58.728,
            34.482,
            34.015,
            34.015,
            36.892,
            45.222,
            55.317,
            13.454,
            6.708,
            18.248,
            17.889,
            35.468,
            26.249,
            40.311,
            50.329,
            13.0,
            0.0,
            40.112,
            24.515,
            37.643,
            37.121
        ],
        [
            46.0,
            40.224,
            6.325,
            42.802,
            39.446,
            29.155,
            45.177,
            50.695,
            34.0,
            22.0,
            37.216,
            29.069,
            18.601,
            19.235,
            36.056,
            43.081,
            40.112,
            0.0,
            17.889,
            14.56,
            42.72
        ],
        [
            41.231,
            25.962,
            11.662,
            27.857,
            26.306,
            24.698,
            38.897,
            33.377,
            19.698,
            10.0,
            19.416,
            18.248,
            3.162,
            17.029,
            31.305,
            25.298,
            24.515,
            17.889,
            0.0,
            13.416,
            28.862
        ],
        [
            32.249,
            26.87,
            12.166,
            29.732,
            25.612,
            15.033,
            31.0,
            45.011,
            33.106,
            22.804,
            28.443,
            15.0,
            11.402,
            5.099,
            22.091,
            36.056,
            37.643,
            14.56,
            13.416,
            0.0,
            29.069
        ],
        [
            25.08,
            3.0,
            38.013,
            3.606,
            3.606,
            21.19,
            21.024,
            34.713,
            37.643,
            36.014,
            19.235,
            14.142,
            26.249,
            26.249,
            21.0,
            26.249,
            37.121,
            42.72,
            28.862,
            29.069,
            0.0
        ]
    ],
    "distances_scv": [
        [
            0.0,
            0.32,
            0.154,
            0.381,
            0.345,
            0.287,
            0.219,
            0.467,
            0.133,
            0.158,
            0.251,
            0.204,
            0.346,
            0.378,
            0.382,
            0.41,
            0.17,
            0.399,
            0.198,
            0.314,
            0.188
        ],
        [
            0.425,
            0.0,
            0.272,
            0.353,
            0.379,
            0.138,
            0.494,
            0.216,
            0.279,
            0.222,
            0.116,
            0.198,
            0.231,
            0.33,
            0.128,
            0.472,
            0.18,
            0.312,
            0.242,
            0.244,
            0.464
        ],
        [
            0.456,
            0.344,
            0.0,
            0.162,
            0.286,
            0.168,
            0.299,
            0.128,
            0.107,
            0.313,
            0.257,
            0.499,
            0.25,
            0.313,
            0.256,
            0.409,
            0.251,
            0.203,
            0.283,
            0.421,
            0.309
        ],
        [
            0.372,
            0.341,
            0.194,
            0.0,
            0.256,
            0.419,
            0.208,
            0.425,
            0.243,
            0.233,
            0.468,
            0.448,
            0.316,
            0.43,
            0.447,
            0.408,
            0.334,
            0.395,
            0.122,
            0.231,
            0.309
        ],
        [
            0.149,
            0.183,
            0.172,
            0.196,
            0.0,
            0.216,
            0.47,
            0.11,
            0.326,
            0.353,
            0.376,
            0.227,
            0.495,
            0.341,
            0.381,
            0.126,
            0.253,
            0.197,
            0.452,
            0.244,
            0.194
        ],
        [
            0.438,
            0.173,
            0.258,
            0.465,
            0.11,
            0.0,
            0.299,
            0.281,
            0.489,
            0.458,
            0.359,
            0.112,
            0.174,
            0.322,
            0.272,
            0.486,
            0.285,
            0.48,
            0.175,
            0.441,
            0.358
        ],
        [
            0.445,
            0.383,
            0.349,
            0.173,
            0.136,
            0.125,
            0.0,
            0.192,
            0.196,
            0.186,
            0.279,
            0.36,
            0.447,
            0.461,
            0.171,
            0.485,
            0.359,
            0.223,
            0.407,
            0.203,
            0.37
        ],
        [
            0.218,
            0.32,
            0.135,
            0.464,
            0.133,
            0.402,
            0.203,
            0.0,
            0.49,
            0.165,
            0.413,
            0.316,
            0.22,
            0.156,
            0.478,
            0.335,
            0.452,
            0.284,
            0.218,
            0.381,
            0.386
        ],
        [
            0.261,
            0.29,
            0.294,
            0.479,
            0.142,
            0.354,
            0.29,
            0.429,
            0.0,
            0.477,
            0.413,
            0.409,
            0.448,
            0.181,
            0.197,
            0.138,
            0.351,
            0.485,
            0.174,
            0.182,
            0.299
        ],
        [
            0.488,
            0.351,
            0.396,
            0.319,
            0.403,
            0.345,
            0.412,
            0.214,
            0.45,
            0.0,
            0.22,
            0.208,
            0.435,
            0.271,
            0.3,
            0.452,
            0.264,
            0.322,
            0.38,
            0.249,
            0.217
        ],
        [
            0.389,
            0.376,
            0.298,
            0.376,
            0.37,
            0.33,
            0.428,
            0.404,
            0.389,
            0.457,
            0.0,
            0.424,
            0.167,
            0.13,
            0.15,
            0.102,
            0.138,
            0.44,
            0.342,
            0.41,
            0.268
        ],
        [
            0.366,
            0.379,
            0.181,
            0.115,
            0.141,
            0.244,
            0.201,
            0.42,
            0.449,
            0.158,
            0.477,
            0.0,
            0.472,
            0.273,
            0.271,
            0.248,
            0.46,
            0.12,
            0.269,
            0.474,
            0.395
        ],
        [
            0.424,
            0.435,
            0.211,
            0.332,
            0.206,
            0.28,
            0.253,
            0.11,
            0.469,
            0.104,
            0.22,
            0.474,
            0.0,
            0.369,
            0.268,
            0.253,
            0.254,
            0.315,
            0.368,
            0.175,
            0.308
        ],
        [
            0.316,
            0.163,
            0.164,
            0.308,
            0.122,
            0.236,
            0.424,
            0.194,
            0.271,
            0.393,
            0.488,
            0.467,
            0.19,
            0.0,
            0.285,
            0.301,
            0.111,
            0.35,
            0.453,
            0.125,
            0.217
        ],
        [
            0.399,
            0.411,
            0.42,
            0.45,
            0.332,
            0.226,
            0.153,
            0.233,
            0.325,
            0.145,
            0.229,
            0.306,
            0.18,
            0.135,
            0.0,
            0.352,
            0.171,
            0.242,
            0.312,
            0.226,
            0.171
        ],
        [
            0.36,
            0.357,
            0.253,
            0.479,
            0.105,
            0.205,
            0.344,
            0.399,
            0.481,
            0.191,
            0.187,
            0.269,
            0.117,
            0.193,
            0.218,
            0.0,
            0.12,
            0.408,
            0.248,
            0.118,
            0.219
        ],
        [
            0.236,
            0.345,
            0.35,
            0.145,
            0.129,
            0.43,
            0.245,
            0.379,
            0.181,
            0.191,
            0.218,
            0.304,
            0.2,
            0.416,
            0.496,
            0.394,
            0.0,
            0.472,
            0.455,
            0.149,
            0.224
        ],
        [
            0.189,
            0.379,
            0.497,
            0.133,
            0.402,
            0.223,
            0.26,
            0.171,
            0.188,
            0.446,
            0.476,
            0.147,
            0.374,
            0.169,
            0.496,
            0.206,
            0.147,
            0.0,
            0.242,
            0.185,
            0.33
        ],
        [
            0.485,
            0.424,
            0.382,
            0.147,
            0.252,
            0.491,
            0.281,
            0.335,
            0.194,
            0.128,
            0.285,
            0.115,
            0.313,
            0.437,
            0.419,
            0.259,
            0.399,
            0.143,
            0.0,
            0.347,
            0.14
        ],
        [
            0.253,
            0.483,
            0.383,
            0.335,
            0.369,
            0.493,
            0.419,
            0.353,
            0.315,
            0.155,
            0.475,
            0.451,
            0.414,
            0.391,
            0.257,
            0.314,
            0.117,
            0.293,
            0.381,
            0.0,
            0.384
        ],
        [
            0.259,
            0.214,
            0.15,
            0.214,
            0.35,
            0.23,
            0.104,
            0.317,
            0.205,
            0.412,
            0.395,
            0.27,
            0.318,
            0.307,
            0.331,
            0.36,
            0.464,
            0.287,
            0.231,
            0.457,
            0.0
        ]
    ],
    "service_scv": [
        0.0,
        1.423,
        1.376,
        1.385,
        0.854,
        1.315,
        1.287,
        1.186,
        1.142,
        0.81,
        1.056,
        1.432,
        1.478,
        1.03,
        1.236,
        1.47,
        0.789,
        0.991,
        1.361,
        0.513,
        0.664
    ],
    "service": [
        0,
        13,
        8,
        2,
        2,
        9,
        2,
        23,
        24,
        21,
        4,
        17,
        24,
        30,
        12,
        18,
        29,
        7,
        29,
        11,
        14
    ]
}
