{
    "coords": [
        [
            0,
            0
        ],
        [
            25,
            17
        ],
        [
            47,
            18
        ],
        [
            32,
            18
        ],
        [
            22,
            49
        ],
        [
            9,
            31
        ],
        [
            21,
            33
        ],
        [
            37,
            16
        ],
        [
            33,
            33
        ],
        [
            22,
            6
        ],
        [
            30,
            2
        ],
        [
            44,
            42
        ],
        [
            42,
            0
        ],
        [
            48,
            48
        ],
        [
            29,
            41
        ],
        [
            38,
            39
        ],
        [
            7,
            2
        ],
        [
            13,
            10
        ],
        [
            27,
            42
        ],
        [
            37,
            21
        ],
        [
            27,
            31
        ]
    ],
    "dimension": 21,
    "distances": [
        [
            0.0,
            30.232,
            50.329,
            36.715,
            53.712,
            32.28,
            39.115,
            40.311,
            46.669,
            22.804,
            30.067,
            60.828,
            42.0,
            67.882,
            50.22,
            54.452,
            7.28,
            16.401,
            49.93,
            42.544,
            41.11
        ],
        [
            30.232,
            0.0,
            22.023,
            7.071,
            32.14,
            21.26,
            16.492,
            12.042,
            17.889,
            11.402,
            15.811,
            31.401,
            24.042,
            38.601,
            24.331,
            25.554,
            23.431,
            13.892,
            25.08,
            12.649,
            14.142
        ],
        [
            50.329,
            22.023,
            0.0,
            15.0,
            39.825,
            40.162,
            30.017,
            10.198,
            20.518,
            27.731,
            23.345,
            24.187,
            18.682,
            30.017,
            29.206,
            22.847,
            43.081,
            34.928,
            31.241,
            10.44,
            23.854
        ],
        [
            36.715,
            7.071,
            15.0,
            0.0,
            32.573,
            26.42,
            18.601,
            5.385,
            15.033,
            15.62,
            16.125,
            26.833,
            20.591,
            34.0,
            23.195,
            21.84,
            29.682,
            20.616,
            24.515,
            5.831,
            13.928
        ],
        [
            53.712,
            32.14,
            39.825,
            32.573,
            0.0,
            22.204,
            16.031,
            36.249,
            19.416,
            43.0,
            47.676,
            23.087,
            52.924,
            26.019,
            10.63,
            18.868,
            49.336,
            40.025,
            8.602,
            31.765,
            18.682
        ],
        [
            32.28,
            21.26,
            40.162,
            26.42,
            22.204,
            0.0,
            12.166,
            31.765,
            24.083,
            28.178,
            35.805,
            36.688,
            45.277,
            42.544,
            22.361,
            30.083,
            29.069,
            21.378,
            21.095,
            29.732,
            18.0
        ],
        [
            39.115,
            16.492,
            30.017,
            18.601,
            16.031,
            12.166,
            0.0,
            23.345,
            12.0,
            27.019,
            32.28,
            24.698,
            39.115,
            30.887,
            11.314,
            18.028,
            34.015,
            24.352,
            10.817,
            20.0,
            6.325
        ],
        [
            40.311,
            12.042,
            10.198,
            5.385,
            36.249,
            31.765,
            23.345,
            0.0,
            17.464,
            18.028,
            15.652,
            26.926,
            16.763,
            33.838,
            26.249,
            23.022,
            33.106,
            24.739,
            27.857,
            5.0,
            18.028
        ],
        [
            46.669,
            17.889,
            20.518,
            15.033,
            19.416,
            24.083,
            12.0,
            17.464,
            0.0,
            29.155,
            31.145,
            14.213,
            34.205,
            21.213,
            8.944,
            7.81,
            40.46,
            30.48,
            10.817,
            12.649,
            6.325
        ],
        [
            22.804,
            11.402,
            27.731,
            15.62,
            43.0,
            28.178,
            27.019,
            18.028,
            29.155,
            0.0,
            8.944,
            42.19,
            20.881,
            49.396,
            35.693,
            36.674,
            15.524,
            9.849,
            36.346,
            21.213,
            25.495
        ],
        [
            30.067,
            15.811,
            23.345,
            16.125,
            47.676,
            35.805,
            32.28,
            15.652,
            31.145,
            8.944,
            0.0,
            42.379,
            12.166,
            49.396,
            39.013,
            37.855,
            23.0,
            18.788,
            40.112,
            20.248,
            29.155
        ],
        [
            60.828,
            31.401,
            24.187,
            26.833,
            23.087,
            36.688,
            24.698,
            26.926,
            14.213,
            42.19,
            42.379,
            0.0,
            42.048,
            7.211,
            15.033,
            6.708,
            54.489,
            44.553,
            17.0,
            22.136,
            20.248
        ],
        [
            42.0,
            24.042,
            18.682,
            20.591,
            52.924,
            45.277,
            39.115,
            16.763,
            34.205,
            20.881,
            12.166,
            42.048,
            0.0,
            48.374,
            43.012,
            39.205,
            35.057,
            30.676,
            44.598,
            21.587,
            34.438
        ],
        [
            67.882,
            38.601,
            30.017,
            34.0,
            26.019,
            42.544,
            30.887,
            33.838,
            21.213,
            49.396,
            49.396,
            7.211,
            48.374,
            0.0,
            20.248,
            13.454,
            61.62,
            51.662,
            21.84,
            29.155,
            27.019
        ],
        [
            50.22,
            24.331,
            29.206,
            23.195,
            10.63,
            22.361,
            11.314,
            26.249,
            8.944,
            35.693,
            39.013,
            15.033,
            43.012,
            20.248,
            0.0,
            9.22,
            44.777,
            34.886,
            2.236,
            21.541,
            10.198
        ],
        [
            54.452,
            25.554,
            22.847,
            21.84,
            18.868,
            30.083,
            18.028,
            23.022,
            7.81,
            36.674,
            37.855,
            6.708,
            39.205,
            13.454,
            9.22,
            0.0,
            48.27,
            38.288,
            11.402,
            18.028,
            13.601
        ],
        [
            7.28,
            23.431,
            43.081,
            29.682,
            49.336,
            29.069,
            34.015,
            33.106,
            40.46,
            15.524,
            23.0,
            54.489,
            35.057,
            61.62,
            44.777,
            48.27,
            0.0,
            10.0,
            44.721,
            35.511,
            35.228
        ],
        [
            16.401,
            13.892,
            34.928,
            20.616,
            40.025,
            21.378,
            24.352,
            24.739,
            30.48,
            9.849,
            18.788,
            44.553,
            30.676,
            51.662,
            34.886,
            38.288,
            10.0,
            0.0,
            34.928,
            26.401,
            25.239
        ],
        [
            49.93,
            25.08,
            31.241,
            24.515,
            8.602,
            21.095,
            10.817,
            27.857,
            10.817,
            36.346,
            40.112,
            17.0,
            44.598,
            21.84,
            2.236,
            11.402,
            44.721,
            34.928,
            0.0,
            23.259,
            11.0
        ],
        [
            42.544,
            12.649,
            10.44,
            5.831,
            31.765,
            29.732,
            20.0,
            5.0,
            12.649,
            21.213,
            20.248,
            22.136,
            21.587,
            29.155,
            21.541,
            18.028,
            35.511,
            26.401,
            23.259,
            0.0,
            14.142
        ],
        [
            41.11,
            14.142,
            23.854,
            13.928,
            18.682,
            18.0,
            6.325,
            18.028,
            6.325,
            25.495,
            29.155,
            20.248,
            34.438,
            27.019,
            10.198,
            13.601,
            35.228,
            25.239,
            11.0,
            14.142,
            0.0
        ]
    ],
    "distances_scv": [
        [
            0.0,
            0.15,
            0.15,
            0.15,
            0.15,
            0.15,
            0.15,
            0.15,
            0.15,
            0.15,
            0.15,
            0.15,
            0.15,
            0.15,
            0.15,
            0.15,
            0.15,
            0.15,
            0.15,
            0.15,
            0.15
        ],
        [
            0.15,
            0.0,
            0.15,
            0.15,
            0.15,
            0.15,
            0.15,
            0.15,
            0.15,
            0.15,
            0.15,
            0.15,
            0.15,
            0.15,
            0.15,
            0.15,
            0.15,
            0.15,
            0.15,
            0.15,
            0.15
        ],
        [
            0.15,
            0.15,
            0.0,
            0.15,
            0.15,
            0.15,
            0.15,
            0.15,
            0.15,
            0.15,
            0.15,
            0.15,
            0.15,
            0.15,
            0.15,
            0.15,
            0.15,
            0.15,
            0.15,
            0.15,
            0.15
        ],
        [
            0.15,
            0.15,
            0.15,
            0.0,
            0.15,
            0.15,
            0.15,
            0.15,
            0.15,
            0.15,
            0.15,
            0.15,
            0.15,
            0.15,
            0.15,
            0.15,
            0.15,
            0.15,
            0.15,
            0.15,
            0.15
        ],
        [
            0.15,
            0.15,
            0.15,
            0.15,
            0.0,
            0.15,
            0.15,
            0.15,
            0.15,
            0.15,
            0.15,
            0.15,
            0.15,
            0.15,
            0.15,
            0.15,
            0.15,
            0.15,
            0.15,
            0.15,
            0.15
        ],
        [
            0.15,
            0.15,
            0.15,
            0.15,
            0.15,
            0.0,
            0.15,
            0.15,
            0.15,
            0.15,
            0.15,
            0.15,
            0.15,
            0.15,
            0.15,
            0.15,
            0.15,
            0.15,
            0.15,
            0.15,
            0.15
        ],
        [
            0.15,
            0.15,
            0.15,
            0.15,
            0.15,
            0.15,
            0.0,
            0.15,
            0.15,
            0.15,
            0.15,
            0.15,
            0.15,
            0.15,
            0.15,
            0.15,
            0.15,
            0.15,
            0.15,
            0.15,
            0.15
        ],
        [
            0.15,
            0.15,
            0.15,
            0.15,
            0.15,
            0.15,
            0.15,
            0.0,
            0.15,
            0.15,
            0.15,
            0.15,
            0.15,
            0.15,
            0.15,
            0.15,
            0.15,
            0.15,
            0.15,
            0.15,
            0.15
        ],
        [
            0.15,
            0.15,
            0.15,
            0.15,
            0.15,
            0.15,
            0.15,
            0.15,
            0.0,
            0.15,
            0.15,
            0.15,
            0.15,
            0.15,
            0.15,
            0.15,
            0.15,
            0.15,
            0.15,
            0.15,
            0.15
        ],
        [
            0.15,
            0.15,
            0.15,
            0.15,
            0.15,
            0.15,
            0.15,
            0.15,
            0.15,
            0.0,
            0.15,
            0.15,
            0.15,
            0.15,
            0.15,
            0.15,
            0.15,
            0.15,
            0.15,
            0.15,
            0.15
        ],
        [
            0.15,
            0.15,
            0.15,
            0.15,
            0.15,
            0.15,
            0.15,
            0.15,
            0.15,
            0.15,
            0.0,
            0.15,
            0.15,
            0.15,
            0.15,
            0.15,
            0.15,
            0.15,
            0.15,
            0.15,
            0.15
        ],
        [
            0.15,
            0.15,
            0.15,
            0.15,
            0.15,
            0.15,
            0.15,
            0.15,
            0.15,
            0.15,
            0.15,
            0.0,
            0.15,
            0.15,
            0.15,
            0.15,
            0.15,
            0.15,
            0.15,
            0.15,
            0.15
        ],
        [
            0.15,
            0.15,
            0.15,
            0.15,
            0.15,
            0.15,
            0.15,
            0.15,
            0.15,
            0.15,
            0.15,
            0.15,
            0.0,
            0.15,
            0.15,
            0.15,
            0.15,
            0.15,
            0.15,
            0.15,
            0.15
        ],
        [
            0.15,
            0.15,
            0.15,
            0.15,
            0.15,
            0.15,
            0.15,
            0.15,
            0.15,
            0.15,
            0.15,
            0.15,
            0.15,
            0.0,
            0.15,
            0.15,
            0.15,
            0.15,
            0.15,
            0.15,
            0.15
        ],
        [
            0.15,
            0.15,
            0.15,
            0.15,
            0.15,
            0.15,
            0.15,
            0.15,
            0.15,
            0.15,
            0.15,
            0.15,
            0.15,
            0.15,
            0.0,
            0.15,
            0.15,
            0.15,
            0.15,
            0.15,
            0.15
        ],
        [
            0.15,
            0.15,
            0.15,
            0.15,
            0.15,
            0.15,
            0.15,
            0.15,
            0.15,
            0.15,
            0.15,
            0.15,
            0.15,
            0.15,
            0.15,
            0.0,
            0.15,
            0.15,
            0.15,
            0.15,
            0.15
        ],
        [
            0.15,
            0.15,
            0.15,
            0.15,
            0.15,
            0.15,
            0.15,
            0.15,
            0.15,
            0.15,
            0.15,
            0.15,
            0.15,
            0.15,
            0.15,
            0.15,
            0.0,
            0.15,
            0.15,
            0.15,
            0.15
        ],
        [
            0.15,
            0.15,
            0.15,
            0.15,
            0.15,
            0.15,
            0.15,
            0.15,
            0.15,
            0.15,
            0.15,
            0.15,
            0.15,
            0.15,
            0.15,
            0.15,
            0.15,
            0.0,
            0.15,
            0.15,
            0.15
        ],
        [
            0.15,
            0.15,
            0.15,
            0.15,
            0.15,
            0.15,
            0.15,
            0.15,
            0.15,
            0.15,
            0.15,
            0.15,
            0.15,
            0.15,
            0.15,
            0.15,
            0.15,
            0.15,
            0.0,
            0.15,
            0.15
        ],
        [
            0.15,
            0.15,
            0.15,
            0.15,
            0.15,
            0.15,
            0.15,
            0.15,
            0.15,
            0.15,
            0.15,
            0.15,
            0.15,
            0.15,
            0.15,
            0.15,
            0.15,
            0.15,
            0.15,
            0.0,
            0.15
        ],
        [
            0.15,
            0.15,
            0.15,
            0.15,
            0.15,
            0.15,
            0.15,
            0.15,
            0.15,
            0.15,
            0.15,
            0.15,
            0.15,
            0.15,
            0.15,
            0.15,
            0.15,
            0.15,
            0.15,
            0.15,
            0.0
        ]
    ],
    "service_scv": [
        0.0,
        0.471,
        0.454,
        0.377,
        0.23,
        0.161,
        0.476,
        0.475,
        0.365,
        0.338,
        0.407,
        0.288,
        0.262,
        0.272,
        0.272,
        0.339,
        0.155,
        0.229,
        0.347,
        0.46,
        0.334
    ],
    "service": [
        0,
        45,
        43,
        38,
        32,
        59,
        60,
        36,
        37,
        42,
        34,
        52,
        47,
        44,
        48,
        48,
        48,
        37,
        41,
        56,
        39
    ]
}
