{
    "coords": [
        [
            0,
            0
        ],
        [
            48,
            14
        ],
        [
            5,
            30
        ],
        [
            33,
            38
        ],
        [
            32,
            35
        ],
        [
            45,
            45
        ],
        [
            46,
            43
        ],
        [
            36,
            45
        ],
        [
            0,
            1
        ],
        [
            39,
            21
        ],
        [
            37,
            24
        ],
        [
            45,
            3
        ],
        [
            33,
            0
        ],
        [
            7,
            41
        ],
        [
            14,
            49
        ],
        [
            17,
            39
        ],
        [
            48,
            15
        ],
        [
            48,
            35
        ],
        [
            48,
            14
        ],
        [
            25,
            37
        ],
        [
            48,
            13
        ]
    ],
    "dimension": 21,
    "distances": [
        [
            0.0,
            50.0,
            30.414,
            50.329,
            47.424,
            63.64,
            62.968,
            57.628,
            1.0,
            44.294,
            44.102,
            45.1,
            33.0,
            41.593,
            50.961,
            42.544,
            50.289,
            59.405,
            50.0,
            44.654,
            49.729
        ],
        [
            50.0,
            0.0,
            45.88,
            28.302,
            26.401,
            31.145,
            29.069,
            33.242,
            49.729,
            11.402,
            14.866,
            11.402,
            20.518,
            49.092,
            48.795,
            39.825,
            1.0,
            21.0,
            0.0,
            32.527,
            1.0
        ],
        [
            30.414,
            45.88,
            0.0,
            29.12,
            27.459,
            42.72,
            43.012,
            34.438,
            29.428,
            35.171,
            32.558,
            48.26,
            41.037,
            11.18,
            21.024,
            15.0,
            45.541,
            43.29,
            45.88,
            21.19,
            46.239
        ],
        [
            50.329,
            28.302,
            29.12,
            0.0,
            3.162,
            13.892,
            13.928,
            7.616,
            49.578,
            18.028,
            14.56,
            37.0,
            38.0,
            26.173,
            21.954,
            16.031,
            27.459,
            15.297,
            28.302,
            8.062,
            29.155
        ],
        [
            47.424,
            26.401,
            27.459,
            3.162,
            0.0,
            16.401,
            16.125,
            10.77,
            46.69,
            15.652,
            12.083,
            34.54,
            35.014,
            25.71,
            22.804,
            15.524,
            25.612,
            16.0,
            26.401,
            7.28,
            27.203
        ],
        [
            63.64,
            31.145,
            42.72,
            13.892,
            16.401,
            0.0,
            2.236,
            9.0,
            62.936,
            24.739,
            22.472,
            42.0,
            46.573,
            38.21,
            31.257,
            28.636,
            30.15,
            10.44,
            31.145,
            21.541,
            32.14
        ],
        [
            62.968,
            29.069,
            43.012,
            13.928,
            16.125,
            2.236,
            0.0,
            10.198,
            62.29,
            23.087,
            21.024,
            40.012,
            44.922,
            39.051,
            32.558,
            29.275,
            28.071,
            8.246,
            29.069,
            21.84,
            30.067
        ],
        [
            57.628,
            33.242,
            34.438,
            7.616,
            10.77,
            9.0,
            10.198,
            0.0,
            56.851,
            24.187,
            21.024,
            42.953,
            45.1,
            29.275,
            22.361,
            19.925,
            32.311,
            15.62,
            33.242,
            13.601,
            34.176
        ],
        [
            1.0,
            49.729,
            29.428,
            49.578,
            46.69,
            62.936,
            62.29,
            56.851,
            0.0,
            43.829,
            43.566,
            45.044,
            33.015,
            40.608,
            50.0,
            41.629,
            50.0,
            58.822,
            49.729,
            43.829,
            49.477
        ],
        [
            44.294,
            11.402,
            35.171,
            18.028,
            15.652,
            24.739,
            23.087,
            24.187,
            43.829,
            0.0,
            3.606,
            18.974,
            21.84,
            37.736,
            37.537,
            28.425,
            10.817,
            16.643,
            11.402,
            21.26,
            12.042
        ],
        [
            44.102,
            14.866,
            32.558,
            14.56,
            12.083,
            22.472,
            21.024,
            21.024,
            43.566,
            3.606,
            0.0,
            22.472,
            24.331,
            34.482,
            33.971,
            25.0,
            14.213,
            15.556,
            14.866,
            17.692,
            15.556
        ],
        [
            45.1,
            11.402,
            48.26,
            37.0,
            34.54,
            42.0,
            40.012,
            42.953,
            45.044,
            18.974,
            22.472,
            0.0,
            12.369,
            53.74,
            55.471,
            45.607,
            12.369,
            32.14,
            11.402,
            39.446,
            10.44
        ],
        [
            33.0,
            20.518,
            41.037,
            38.0,
            35.014,
            46.573,
            44.922,
            45.1,
            33.015,
            21.84,
            24.331,
            12.369,
            0.0,
            48.549,
            52.555,
            42.154,
            21.213,
            38.079,
            20.518,
            37.855,
            19.849
        ],
        [
            41.593,
            49.092,
            11.18,
            26.173,
            25.71,
            38.21,
            39.051,
            29.275,
            40.608,
            37.736,
            34.482,
            53.74,
            48.549,
            0.0,
            10.63,
            10.198,
            48.549,
            41.437,
            49.092,
            18.439,
            49.649
        ],
        [
            50.961,
            48.795,
            21.024,
            21.954,
            22.804,
            31.257,
            32.558,
            22.361,
            50.0,
            37.537,
            33.971,
            55.471,
            52.555,
            10.63,
            0.0,
            10.44,
            48.083,
            36.77,
            48.795,
            16.279,
            49.518
        ],
        [
            42.544,
            39.825,
            15.0,
            16.031,
            15.524,
            28.636,
            29.275,
            19.925,
            41.629,
            28.425,
            25.0,
            45.607,
            42.154,
            10.198,
            10.44,
            0.0,
            39.205,
            31.257,
            39.825,
            8.246,
            40.46
        ],
        [
            50.289,
            1.0,
            45.541,
            27.459,
            25.612,
            30.15,
            28.071,
            32.311,
            50.0,
            10.817,
            14.213,
            12.369,
            21.213,
            48.549,
            48.083,
            39.205,
            0.0,
            20.0,
            1.0,
            31.828,
            2.0
        ],
        [
            59.405,
            21.0,
            43.29,
            15.297,
            16.0,
            10.44,
            8.246,
            15.62,
            58.822,
            16.643,
            15.556,
            32.14,
            38.079,
            41.437,
            36.77,
            31.257,
            20.0,
            0.0,
            21.0,
            23.087,
            22.0
        ],
        [
            50.0,
            0.0,
            45.88,
            28.302,
            26.401,
            31.145,
            29.069,
            33.242,
            49.729,
            11.402,
            14.866,
            11.402,
            20.518,
            49.092,
            48.795,
            39.825,
            1.0,
            21.0,
            0.0,
            32.527,
            1.0
        ],
        [
            44.654,
            32.527,
            21.19,
            8.062,
            7.28,
            21.541,
            21.84,
            13.601,
            43.829,
            21.26,
            17.692,
            39.446,
            37.855,
            18.439,
            16.279,
            8.246,
            31.828,
            23.087,
            32.527,
            0.0,
            33.242
        ],
        [
            49.729,
            1.0,
            46.239,
            29.155,
            27.203,
            32.14,
            30.067,
            34.176,
            49.477,
            12.042,
            15.556,
            10.44,
            19.849,
            49.649,
            49.518,
            40.46,
            2.0,
            22.0,
            1.0,
            33.242,
            0.0
        ]
    ],
    "distances_scv": [
        [
            0.0,
            0.199,
            0.199,
            0.188,
            0.191,
            0.171,
            0.155,
            0.192,
            0.109,
            0.137,
            0.161,
            0.148,
            0.179,
            0.12,
            0.106,
            0.113,
            0.196,
            0.113,
            0.123,
            0.138,
            0.162
        ],
        [
            0.178,
            0.0,
            0.193,
            0.176,
            0.132,
            0.119,
            0.16,
            0.159,
            0.127,
            0.117,
            0.177,
            0.167,
            0.18,
            0.122,
            0.172,
            0.107,
            0.101,
            0.118,
            0.178,
            0.154,
            0.162
        ],
        [
            0.159,
            0.164,
            0.0,
            0.172,
            0.101,
            0.138,
            0.105,
            0.113,
            0.19,
            0.16,
            0.179,
            0.161,
            0.157,
            0.179,
            0.162,
            0.151,
            0.156,
            0.157,
            0.134,
            0.167,
            0.141
        ],
        [
            0.165,
            0.148,
            0.175,
            0.0,
            0.104,
            0.178,
            0.19,
            0.133,
            0.173,
            0.185,
            0.15,
            0.113,
            0.173,
            0.184,
            0.131,
            0.122,
            0.177,
            0.152,
            0.102,
            0.12,
            0.122
        ],
        [
            0.158,
            0.156,
            0.152,
            0.134,
            0.0,
            0.15,
            0.157,
            0.157,
            0.172,
            0.199,
            0.175,
            0.149,
            0.198,
            0.113,
            0.195,
            0.15,
            0.148,
            0.185,
            0.161,
            0.182,
            0.137
        ],
        [
            0.155,
            0.165,
            0.124,
            0.176,
            0.116,
            0.0,
            0.127,
            0.181,
            0.148,
            0.104,
            0.12,
            0.156,
            0.106,
            0.132,
            0.121,
            0.169,
            0.115,
            0.137,
            0.145,
            0.19,
            0.14
        ],
        [
            0.114,
            0.142,
            0.137,
            0.157,
            0.112,
            0.142,
            0.0,
            0.141,
            0.195,
            0.136,
            0.187,
            0.133,
            0.14,
            0.17,
            0.154,
            0.193,
            0.189,
            0.128,
            0.132,
            0.165,
            0.179
        ],
        [
            0.111,
            0.191,
            0.135,
            0.114,
            0.127,
            0.18,
            0.126,
            0.0,
            0.16,
            0.191,
            0.131,
            0.151,
            0.139,
            0.194,
            0.186,
            0.149,
            0.198,
            0.122,
            0.142,
            0.156,
            0.177
        ],
        [
            0.17,
            0.142,
            0.194,
            0.198,
            0.185,
            0.145,
            0.182,
            0.127,
            0.0,
            0.108,
            0.18,
            0.198,
            0.13,
            0.172,
            0.126,
            0.177,
            0.117,
            0.152,
            0.179,
            0.197,
            0.167
        ],
        [
            0.169,
            0.141,
            0.117,
            0.181,
            0.108,
            0.175,
            0.131,
            0.105,
            0.115,
            0.0,
            0.132,
            0.113,
            0.132,
            0.18,
            0.173,
            0.146,
            0.137,
            0.199,
            0.151,
            0.167,
            0.184
        ],
        [
            0.151,
            0.163,
            0.145,
            0.184,
            0.176,
            0.145,
            0.183,
            0.124,
            0.135,
            0.167,
            0.0,
            0.193,
            0.102,
            0.193,
            0.129,
            0.189,
            0.131,
            0.178,
            0.153,
            0.144,
            0.154
        ],
        [
            0.2,
            0.19,
            0.13,
            0.124,
            0.193,
            0.112,
            0.108,
            0.166,
            0.119,
            0.101,
            0.165,
            0.0,
            0.123,
            0.173,
            0.196,
            0.145,
            0.147,
            0.106,
            0.15,
            0.12,
            0.154
        ],
        [
            0.11,
            0.128,
            0.187,
            0.133,
            0.18,
            0.166,
            0.111,
            0.146,
            0.152,
            0.148,
            0.119,
            0.13,
            0.0,
            0.159,
            0.141,
            0.145,
            0.145,
            0.149,
            0.156,
            0.19,
            0.102
        ],
        [
            0.161,
            0.108,
            0.109,
            0.195,
            0.163,
            0.151,
            0.18,
            0.152,
            0.187,
            0.189,
            0.198,
            0.106,
            0.139,
            0.0,
            0.17,
            0.162,
            0.135,
            0.114,
            0.151,
            0.111,
            0.176
        ],
        [
            0.148,
            0.109,
            0.176,
            0.125,
            0.15,
            0.171,
            0.138,
            0.12,
            0.156,
            0.174,
            0.186,
            0.12,
            0.142,
            0.171,
            0.0,
            0.103,
            0.189,
            0.136,
            0.185,
            0.183,
            0.169
        ],
        [
            0.198,
            0.121,
            0.146,
            0.122,
            0.118,
            0.128,
            0.134,
            0.119,
            0.153,
            0.189,
            0.151,
            0.116,
            0.114,
            0.176,
            0.133,
            0.0,
            0.184,
            0.196,
            0.159,
            0.106,
            0.124
        ],
        [
            0.17,
            0.174,
            0.108,
            0.197,
            0.113,
            0.2,
            0.163,
            0.147,
            0.181,
            0.181,
            0.11,
            0.118,
            0.194,
            0.193,
            0.184,
            0.1,
            0.0,
            0.128,
            0.157,
            0.111,
            0.176
        ],
        [
            0.111,
            0.127,
            0.123,
            0.189,
            0.134,
            0.125,
            0.133,
            0.142,
            0.153,
            0.164,
            0.138,
            0.17,
            0.168,
            0.147,
            0.124,
            0.18,
            0.145,
            0.0,
            0.144,
            0.185,
            0.174
        ],
        [
            0.192,
            0.109,
            0.129,
            0.142,
            0.131,
            0.186,
            0.104,
            0.118,
            0.189,
            0.11,
            0.198,
            0.147,
            0.191,
            0.172,
            0.164,
            0.128,
            0.175,
            0.124,
            0.0,
            0.13,
            0.141
        ],
        [
            0.106,
            0.144,
            0.153,
            0.169,
            0.162,
            0.104,
            0.179,
            0.104,
            0.149,
            0.106,
            0.143,
            0.114,
            0.187,
            0.19,
            0.125,
            0.11,
            0.159,
            0.161,
            0.166,
            0.0,
            0.186
        ],
        [
            0.107,
            0.129,
            0.195,
            0.119,
            0.123,
            0.173,
            0.126,
            0.174,
            0.106,
            0.13,
            0.181,
            0.164,
            0.153,
            0.18,
            0.111,
            0.121,
            0.123,
            0.115,
            0.125,
            0.169,
            0.0
        ]
    ],
    "service_scv": [
        0.0,
        0.155,
        0.377,
        0.169,
        0.372,
        0.341,
        0.216,
        0.487,
        0.144,
        0.42,
        0.299,
        0.321,
        0.425,
        0.289,
        0.415,
        0.148,
        0.248,
        0.451,
        0.184,
        0.443,
        0.373
    ],
    "service": [
        0,
        25,
        28,
        7,
        26,
        14,
        24,
        24,
        14,
        12,
        21,
        21,
        2,
        21,
        30,
        24,
        30,
        3,
        7,
        24,
        2
    ]
}
