{
    "coords": [
        [
            0,
            0
        ],
        [
            8,
            11
        ],
        [
            9,
            40
        ],
        [
            43,
            29
        ],
        [
            1,
            4
        ],
        [
            16,
            21
        ],
        [
            31,
            23
        ],
        [
            13,
            7
        ],
        [
            34,
            36
        ],
        [
            1,
            5
        ],
        [
            22,
            19
        ],
        [
            44,
            25
        ],
        [
            21,
            21
        ],
        [
            33,
            29
        ],
        [
            8,
            36
        ],
        [
            37,
            47
        ],
        [
            39,
            14
        ],
        [
            15,
            32
        ],
        [
            32,
            34
        ],
        [
            43,
            14
        ],
        [
            46,
            0
        ]
    ],
    "dimension": 21,
    "distances": [
        [
            0.0,
            13.601,
            41.0,
            51.865,
            4.123,
            26.401,
            38.601,
            14.765,
            49.518,
            5.099,
            29.069,
            50.606,
            29.698,
            43.932,
            36.878,
            59.816,
            41.437,
            35.341,
            46.69,
            45.222,
            46.0
        ],
        [
            13.601,
            0.0,
            29.017,
            39.357,
            9.899,
            12.806,
            25.942,
            6.403,
            36.069,
            9.22,
            16.125,
            38.626,
            16.401,
            30.806,
            25.0,
            46.228,
            31.145,
            22.136,
            33.242,
            35.128,
            39.56
        ],
        [
            41.0,
            29.017,
            0.0,
            35.735,
            36.878,
            20.248,
            27.803,
            33.242,
            25.318,
            35.903,
            24.698,
            38.079,
            22.472,
            26.401,
            4.123,
            28.862,
            39.699,
            10.0,
            23.77,
            42.802,
            54.489
        ],
        [
            51.865,
            39.357,
            35.735,
            0.0,
            48.877,
            28.16,
            13.416,
            37.202,
            11.402,
            48.374,
            23.259,
            4.123,
            23.409,
            10.0,
            35.693,
            18.974,
            15.524,
            28.16,
            12.083,
            15.0,
            29.155
        ],
        [
            4.123,
            9.899,
            36.878,
            48.877,
            0.0,
            22.672,
            35.511,
            12.369,
            45.967,
            1.0,
            25.807,
            47.854,
            26.249,
            40.608,
            32.757,
            56.08,
            39.294,
            31.305,
            43.139,
            43.174,
            45.177
        ],
        [
            26.401,
            12.806,
            20.248,
            28.16,
            22.672,
            0.0,
            15.133,
            14.318,
            23.431,
            21.932,
            6.325,
            28.284,
            5.0,
            18.788,
            17.0,
            33.422,
            24.042,
            11.045,
            20.616,
            27.893,
            36.62
        ],
        [
            38.601,
            25.942,
            27.803,
            13.416,
            35.511,
            15.133,
            0.0,
            24.083,
            13.342,
            34.986,
            9.849,
            13.153,
            10.198,
            6.325,
            26.42,
            24.739,
            12.042,
            18.358,
            11.045,
            15.0,
            27.459
        ],
        [
            14.765,
            6.403,
            33.242,
            37.202,
            12.369,
            14.318,
            24.083,
            0.0,
            35.805,
            12.166,
            15.0,
            35.847,
            16.125,
            29.732,
            29.428,
            46.648,
            26.926,
            25.08,
            33.015,
            30.806,
            33.734
        ],
        [
            49.518,
            36.069,
            25.318,
            11.402,
            45.967,
            23.431,
            13.342,
            35.805,
            0.0,
            45.277,
            20.809,
            14.866,
            19.849,
            7.071,
            26.0,
            11.402,
            22.561,
            19.416,
            2.828,
            23.77,
            37.947
        ],
        [
            5.099,
            9.22,
            35.903,
            48.374,
            1.0,
            21.932,
            34.986,
            12.166,
            45.277,
            0.0,
            25.239,
            47.424,
            25.612,
            40.0,
            31.78,
            55.317,
            39.051,
            30.414,
            42.45,
            42.953,
            45.277
        ],
        [
            29.069,
            16.125,
            24.698,
            23.259,
            25.807,
            6.325,
            9.849,
            15.0,
            20.809,
            25.239,
            0.0,
            22.804,
            2.236,
            14.866,
            22.023,
            31.765,
            17.72,
            14.765,
            18.028,
            21.587,
            30.61
        ],
        [
            50.606,
            38.626,
            38.079,
            4.123,
            47.854,
            28.284,
            13.153,
            35.847,
            14.866,
            47.424,
            22.804,
            0.0,
            23.345,
            11.705,
            37.643,
            23.087,
            12.083,
            29.833,
            15.0,
            11.045,
            25.08
        ],
        [
            29.698,
            16.401,
            22.472,
            23.409,
            26.249,
            5.0,
            10.198,
            16.125,
            19.849,
            25.612,
            2.236,
            23.345,
            0.0,
            14.422,
            19.849,
            30.529,
            19.313,
            12.53,
            17.029,
            23.087,
            32.65
        ],
        [
            43.932,
            30.806,
            26.401,
            10.0,
            40.608,
            18.788,
            6.325,
            29.732,
            7.071,
            40.0,
            14.866,
            11.705,
            14.422,
            0.0,
            25.962,
            18.439,
            16.155,
            18.248,
            5.099,
            18.028,
            31.78
        ],
        [
            36.878,
            25.0,
            4.123,
            35.693,
            32.757,
            17.0,
            26.42,
            29.428,
            26.0,
            31.78,
            22.023,
            37.643,
            19.849,
            25.962,
            0.0,
            31.016,
            38.013,
            8.062,
            24.083,
            41.34,
            52.345
        ],
        [
            59.816,
            46.228,
            28.862,
            18.974,
            56.08,
            33.422,
            24.739,
            46.648,
            11.402,
            55.317,
            31.765,
            23.087,
            30.529,
            18.439,
            31.016,
            0.0,
            33.061,
            26.627,
            13.928,
            33.541,
            47.854
        ],
        [
            41.437,
            31.145,
            39.699,
            15.524,
            39.294,
            24.042,
            12.042,
            26.926,
            22.561,
            39.051,
            17.72,
            12.083,
            19.313,
            16.155,
            38.013,
            33.061,
            0.0,
            30.0,
            21.19,
            4.0,
            15.652
        ],
        [
            35.341,
            22.136,
            10.0,
            28.16,
            31.305,
            11.045,
            18.358,
            25.08,
            19.416,
            30.414,
            14.765,
            29.833,
            12.53,
            18.248,
            8.062,
            26.627,
            30.0,
            0.0,
            17.117,
            33.287,
            44.553
        ],
        [
            46.69,
            33.242,
            23.77,
            12.083,
            43.139,
            20.616,
            11.045,
            33.015,
            2.828,
            42.45,
            18.028,
            15.0,
            17.029,
            5.099,
            24.083,
            13.928,
            21.19,
            17.117,
            0.0,
            22.825,
            36.77
        ],
        [
            45.222,
            35.128,
            42.802,
            15.0,
            43.174,
            27.893,
            15.0,
            30.806,
            23.77,
            42.953,
            21.587,
            11.045,
            23.087,
            18.028,
            41.34,
            33.541,
            4.0,
            33.287,
            22.825,
            0.0,
            14.318
        ],
        [
            46.0,
            39.56,
            54.489,
            29.155,
            45.177,
            36.62,
            27.459,
            33.734,
            37.947,
            45.277,
            30.61,
            25.08,
            32.65,
            31.78,
            52.345,
            47.854,
            15.652,
            44.553,
            36.77,
            14.318,
            0.0
        ]
    ],
    "distances_scv": [
        [
            0.0,
            0.15,
            0.15,
            0.15,
            0.15,
            0.15,
            0.15,
            0.15,
            0.15,
            0.15,
            0.15,
            0.15,
            0.15,
            0.15,
            0.15,
            0.15,
            0.15,
            0.15,
            0.15,
            0.15,
            0.15
        ],
        [
            0.15,
            0.0,
            0.15,
            0.15,
            0.15,
            0.15,
            0.15,
            0.15,
            0.15,
            0.15,
            0.15,
            0.15,
            0.15,
            0.15,
            0.15,
            0.15,
            0.15,
            0.15,
            0.15,
            0.15,
            0.15
        ],
        [
            0.15,
            0.15,
            0.0,
            0.15,
            0.15,
            0.15,
            0.15,
            0.15,
            0.15,
            0.15,
            0.15,
            0.15,
            0.15,
            0.15,
            0.15,
            0.15,
            0.15,
            0.15,
            0.15,
            0.15,
            0.15
        ],
        [
            0.15,
            0.15,
            0.15,
            0.0,
            0.15,
            0.15,
            0.15,
            0.15,
            0.15,
            0.15,
            0.15,
            0.15,
            0.15,
            0.15,
            0.15,
            0.15,
            0.15,
            0.15,
            0.15,
            0.15,
            0.15
        ],
        [
            0.15,
            0.15,
            0.15,
            0.15,
            0.0,
            0.15,
            0.15,
            0.15,
            0.15,
            0.15,
            0.15,
            0.15,
            0.15,
            0.15,
            0.15,
            0.15,
            0.15,
            0.15,
            0.15,
            0.15,
            0.15
        ],
        [
            0.15,
            0.15,
            0.15,
            0.15,
            0.15,
            0.0,
            0.15,
            0.15,
            0.15,
            0.15,
            0.15,
            0.15,
            0.15,
            0.15,
            0.15,
            0.15,
            0.15,
            0.15,
            0.15,
            0.15,
            0.15
        ],
        [
            0.15,
            0.15,
            0.15,
            0.15,
            0.15,
            0.15,
            0.0,
            0.15,
            0.15,
            0.15,
            0.15,
            0.15,
            0.15,
            0.15,
            0.15,
            0.15,
            0.15,
            0.15,
            0.15,
            0.15,
            0.15
        ],
        [
            0.15,
            0.15,
            0.15,
            0.15,
            0.15,
            0.15,
            0.15,
            0.0,
            0.15,
            0.15,
            0.15,
            0.15,
            0.15,
            0.15,
            0.15,
            0.15,
            0.15,
            0.15,
            0.15,
            0.15,
            0.15
        ],
        [
            0.15,
            0.15,
            0.15,
            0.15,
            0.15,
            0.15,
            0.15,
            0.15,
            0.0,
            0.15,
            0.15,
            0.15,
            0.15,
            0.15,
            0.15,
            0.15,
            0.15,
            0.15,
            0.15,
            0.15,
            0.15
        ],
        [
            0.15,
            0.15,
            0.15,
            0.15,
            0.15,
            0.15,
            0.15,
            0.15,
            0.15,
            0.0,
            0.15,
            0.15,
            0.15,
            0.15,
            0.15,
            0.15,
            0.15,
            0.15,
            0.15,
            0.15,
            0.15
        ],
        [
            0.15,
            0.15,
            0.15,
            0.15,
            0.15,
            0.15,
            0.15,
            0.15,
            0.15,
            0.15,
            0.0,
            0.15,
            0.15,
            0.15,
            0.15,
            0.15,
            0.15,
            0.15,
            0.15,
            0.15,
            0.15
        ],
        [
            0.15,
            0.15,
            0.15,
            0.15,
            0.15,
            0.15,
            0.15,
            0.15,
            0.15,
            0.15,
            0.15,
            0.0,
            0.15,
            0.15,
            0.15,
            0.15,
            0.15,
            0.15,
            0.15,
            0.15,
            0.15
        ],
        [
            0.15,
            0.15,
            0.15,
            0.15,
            0.15,
            0.15,
            0.15,
            0.15,
            0.15,
            0.15,
            0.15,
            0.15,
            0.0,
            0.15,
            0.15,
            0.15,
            0.15,
            0.15,
            0.15,
            0.15,
            0.15
        ],
        [
            0.15,
            0.15,
            0.15,
            0.15,
            0.15,
            0.15,
            0.15,
            0.15,
            0.15,
            0.15,
            0.15,
            0.15,
            0.15,
            0.0,
            0.15,
            0.15,
            0.15,
            0.15,
            0.15,
            0.15,
            0.15
        ],
        [
            0.15,
            0.15,
            0.15,
            0.15,
            0.15,
            0.15,
            0.15,
            0.15,
            0.15,
            0.15,
            0.15,
            0.15,
            0.15,
            0.15,
            0.0,
            0.15,
            0.15,
            0.15,
            0.15,
            0.15,
            0.15
        ],
        [
            0.15,
            0.15,
            0.15,
            0.15,
            0.15,
            0.15,
            0.15,
            0.15,
            0.15,
            0.15,
            0.15,
            0.15,
            0.15,
            0.15,
            0.15,
            0.0,
            0.15,
            0.15,
            0.15,
            0.15,
            0.15
        ],
        [
            0.15,
            0.15,
            0.15,
            0.15,
            0.15,
            0.15,
            0.15,
            0.15,
            0.15,
            0.15,
            0.15,
            0.15,
            0.15,
            0.15,
            0.15,
            0.15,
            0.0,
            0.15,
            0.15,
            0.15,
            0.15
        ],
        [
            0.15,
            0.15,
            0.15,
            0.15,
            0.15,
            0.15,
            0.15,
            0.15,
            0.15,
            0.15,
            0.15,
            0.15,
            0.15,
            0.15,
            0.15,
            0.15,
            0.15,
            0.0,
            0.15,
            0.15,
            0.15
        ],
        [
            0.15,
            0.15,
            0.15,
            0.15,
            0.15,
            0.15,
            0.15,
            0.15,
            0.15,
            0.15,
            0.15,
            0.15,
            0.15,
            0.15,
            0.15,
            0.15,
            0.15,
            0.15,
            0.0,
            0.15,
            0.15
        ],
        [
            0.15,
            0.15,
            0.15,
            0.15,
            0.15,
            0.15,
            0.15,
            0.15,
            0.15,
            0.15,
            0.15,
            0.15,
            0.15,
            0.15,
            0.15,
            0.15,
            0.15,
            0.15,
            0.15,
            0.0,
            0.15
        ],
        [
            0.15,
            0.15,
            0.15,
            0.15,
            0.15,
            0.15,
            0.15,
            0.15,
            0.15,
            0.15,
            0.15,
            0.15,
            0.15,
            0.15,
            0.15,
            0.15,
            0.15,
            0.15,
            0.15,
            0.15,
            0.0
        ]
    ],
    "service_scv": [
        0.0,
        0.476,
        0.167,
        0.344,
        0.468,
        0.395,
        0.248,
        0.377,
        0.192,
        0.325,
        0.242,
        0.456,
        0.453,
        0.417,
        0.281,
        0.429,
        0.493,
        0.279,
        0.334,
        0.207,
        0.188
    ],
    "service": [
        0,
        32,
        56,
        34,
        31,
        46,
        33,
        52,
        41,
        48,
        53,
        32,
        55,
        39,
        34,
        52,
        47,
        41,
        34,
        36,
        45
    ]
}
