{
    "coords": [
        [
            0,
            0
        ],
        [
            5,
            8
        ],
        [
            22,
            27
        ],
        [
            38,
            18
        ],
        [
            1,
            10
        ],
        [
            22,
            19
        ],
        [
            45,
            21
        ],
        [
            31,
            30
        ],
        [
            4,
            36
        ],
        [
            2,
            0
        ],
        [
            29,
            12
        ],
        [
            18,
            30
        ],
        [
            7,
            4
        ],
        [
            35,
            49
        ],
        [
            34,
            41
        ],
        [
            20,
            1
        ],
        [
            32,
            28
        ],
        [
            37,
            30
        ],
        [
            24,
            0
        ],
        [
            34,
            8
        ],
        [
            23,
            8
        ]
    ],
    "dimension": 21,
    "distances": [
        [
            0.0,
            9.434,
            34.828,
            42.048,
            10.05,
            29.069,
            49.659,
            43.139,
            36.222,
            2.0,
            31.385,
            34.986,
            8.062,
            60.216,
            53.263,
            20.025,
            42.521,
            47.634,
            24.0,
            34.928,
            24.352
        ],
        [
            9.434,
            0.0,
            25.495,
            34.482,
            4.472,
            20.248,
            42.059,
            34.059,
            28.018,
            8.544,
            24.331,
            25.554,
            4.472,
            50.804,
            43.932,
            16.553,
            33.601,
            38.833,
            20.616,
            29.0,
            18.0
        ],
        [
            34.828,
            25.495,
            0.0,
            18.358,
            27.019,
            8.0,
            23.77,
            9.487,
            20.125,
            33.601,
            16.553,
            5.0,
            27.459,
            25.554,
            18.439,
            26.077,
            10.05,
            15.297,
            27.074,
            22.472,
            19.026
        ],
        [
            42.048,
            34.482,
            18.358,
            0.0,
            37.855,
            16.031,
            7.616,
            13.892,
            38.471,
            40.249,
            10.817,
            23.324,
            34.015,
            31.145,
            23.345,
            24.759,
            11.662,
            12.042,
            22.804,
            10.77,
            18.028
        ],
        [
            10.05,
            4.472,
            27.019,
            37.855,
            0.0,
            22.847,
            45.354,
            36.056,
            26.173,
            10.05,
            28.071,
            26.249,
            8.485,
            51.74,
            45.277,
            21.024,
            35.847,
            41.183,
            25.08,
            33.061,
            22.091
        ],
        [
            29.069,
            20.248,
            8.0,
            16.031,
            22.847,
            0.0,
            23.087,
            14.213,
            24.759,
            27.586,
            9.899,
            11.705,
            21.213,
            32.696,
            25.06,
            18.111,
            13.454,
            18.601,
            19.105,
            16.279,
            11.045
        ],
        [
            49.659,
            42.059,
            23.77,
            7.616,
            45.354,
            23.087,
            0.0,
            16.643,
            43.658,
            47.854,
            18.358,
            28.46,
            41.629,
            29.732,
            22.825,
            32.016,
            14.765,
            12.042,
            29.698,
            17.029,
            25.554
        ],
        [
            43.139,
            34.059,
            9.487,
            13.892,
            36.056,
            14.213,
            16.643,
            0.0,
            27.659,
            41.725,
            18.111,
            13.0,
            35.384,
            19.416,
            11.402,
            31.016,
            2.236,
            6.0,
            30.806,
            22.204,
            23.409
        ],
        [
            36.222,
            28.018,
            20.125,
            38.471,
            26.173,
            24.759,
            43.658,
            27.659,
            0.0,
            36.056,
            34.655,
            15.232,
            32.14,
            33.615,
            30.414,
            38.484,
            29.12,
            33.541,
            41.183,
            41.037,
            33.838
        ],
        [
            2.0,
            8.544,
            33.601,
            40.249,
            10.05,
            27.586,
            47.854,
            41.725,
            36.056,
            0.0,
            29.547,
            34.0,
            6.403,
            59.076,
            52.01,
            18.028,
            41.037,
            46.098,
            22.0,
            32.985,
            22.472
        ],
        [
            31.385,
            24.331,
            16.553,
            10.817,
            28.071,
            9.899,
            18.358,
            18.111,
            34.655,
            29.547,
            0.0,
            21.095,
            23.409,
            37.483,
            29.428,
            14.213,
            16.279,
            19.698,
            13.0,
            6.403,
            7.211
        ],
        [
            34.986,
            25.554,
            5.0,
            23.324,
            26.249,
            11.705,
            28.46,
            13.0,
            15.232,
            34.0,
            21.095,
            0.0,
            28.231,
            25.495,
            19.416,
            29.069,
            14.142,
            19.0,
            30.594,
            27.203,
            22.561
        ],
        [
            8.062,
            4.472,
            27.459,
            34.015,
            8.485,
            21.213,
            41.629,
            35.384,
            32.14,
            6.403,
            23.409,
            28.231,
            0.0,
            53.0,
            45.804,
            13.342,
            34.655,
            39.699,
            17.464,
            27.295,
            16.492
        ],
        [
            60.216,
            50.804,
            25.554,
            31.145,
            51.74,
            32.696,
            29.732,
            19.416,
            33.615,
            59.076,
            37.483,
            25.495,
            53.0,
            0.0,
            8.062,
            50.289,
            21.213,
            19.105,
            50.22,
            41.012,
            42.72
        ],
        [
            53.263,
            43.932,
            18.439,
            23.345,
            45.277,
            25.06,
            22.825,
            11.402,
            30.414,
            52.01,
            29.428,
            19.416,
            45.804,
            8.062,
            0.0,
            42.379,
            13.153,
            11.402,
            42.202,
            33.0,
            34.785
        ],
        [
            20.025,
            16.553,
            26.077,
            24.759,
            21.024,
            18.111,
            32.016,
            31.016,
            38.484,
            18.028,
            14.213,
            29.069,
            13.342,
            50.289,
            42.379,
            0.0,
            29.547,
            33.615,
            4.123,
            15.652,
            7.616
        ],
        [
            42.521,
            33.601,
            10.05,
            11.662,
            35.847,
            13.454,
            14.765,
            2.236,
            29.12,
            41.037,
            16.279,
            14.142,
            34.655,
            21.213,
            13.153,
            29.547,
            0.0,
            5.385,
            29.12,
            20.1,
            21.932
        ],
        [
            47.634,
            38.833,
            15.297,
            12.042,
            41.183,
            18.601,
            12.042,
            6.0,
            33.541,
            46.098,
            19.698,
            19.0,
            39.699,
            19.105,
            11.402,
            33.615,
            5.385,
            0.0,
            32.696,
            22.204,
            26.077
        ],
        [
            24.0,
            20.616,
            27.074,
            22.804,
            25.08,
            19.105,
            29.698,
            30.806,
            41.183,
            22.0,
            13.0,
            30.594,
            17.464,
            50.22,
            42.202,
            4.123,
            29.12,
            32.696,
            0.0,
            12.806,
            8.062
        ],
        [
            34.928,
            29.0,
            22.472,
            10.77,
            33.061,
            16.279,
            17.029,
            22.204,
            41.037,
            32.985,
            6.403,
            27.203,
            27.295,
            41.012,
            33.0,
            15.652,
            20.1,
            22.204,
            12.806,
            0.0,
            11.0
        ],
        [
            24.352,
            18.0,
            19.026,
            18.028,
            22.091,
            11.045,
            25.554,
            23.409,
            33.838,
            22.472,
            7.211,
            22.561,
            16.492,
            42.72,
            34.785,
            7.616,
            21.932,
            26.077,
            8.062,
            11.0,
            0.0
        ]
    ],
    "distances_scv": [
        [
            0.0,
            0.15,
            0.15,
            0.15,
            0.15,
            0.15,
            0.15,
            0.15,
            0.15,
            0.15,
            0.15,
            0.15,
            0.15,
            0.15,
            0.15,
            0.15,
            0.15,
            0.15,
            0.15,
            0.15,
            0.15
        ],
        [
            0.15,
            0.0,
            0.15,
            0.15,
            0.15,
            0.15,
            0.15,
            0.15,
            0.15,
            0.15,
            0.15,
            0.15,
            0.15,
            0.15,
            0.15,
            0.15,
            0.15,
            0.15,
            0.15,
            0.15,
            0.15
        ],
        [
            0.15,
            0.15,
            0.0,
            0.15,
            0.15,
            0.15,
            0.15,
            0.15,
            0.15,
            0.15,
            0.15,
            0.15,
            0.15,
            0.15,
            0.15,
            0.15,
            0.15,
            0.15,
            0.15,
            0.15,
            0.15
        ],
        [
            0.15,
            0.15,
            0.15,
            0.0,
            0.15,
            0.15,
            0.15,
            0.15,
            0.15,
            0.15,
            0.15,
            0.15,
            0.15,
            0.15,
            0.15,
            0.15,
            0.15,
            0.15,
            0.15,
            0.15,
            0.15
        ],
        [
            0.15,
            0.15,
            0.15,
            0.15,
            0.0,
            0.15,
            0.15,
            0.15,
            0.15,
            0.15,
            0.15,
            0.15,
            0.15,
            0.15,
            0.15,
            0.15,
            0.15,
            0.15,
            0.15,
            0.15,
            0.15
        ],
        [
            0.15,
            0.15,
            0.15,
            0.15,
            0.15,
            0.0,
            0.15,
            0.15,
            0.15,
            0.15,
            0.15,
            0.15,
            0.15,
            0.15,
            0.15,
            0.15,
            0.15,
            0.15,
            0.15,
            0.15,
            0.15
        ],
        [
            0.15,
            0.15,
            0.15,
            0.15,
            0.15,
            0.15,
            0.0,
            0.15,
            0.15,
            0.15,
            0.15,
            0.15,
            0.15,
            0.15,
            0.15,
            0.15,
            0.15,
            0.15,
            0.15,
            0.15,
            0.15
        ],
        [
            0.15,
            0.15,
            0.15,
            0.15,
            0.15,
            0.15,
            0.15,
            0.0,
            0.15,
            0.15,
            0.15,
            0.15,
            0.15,
            0.15,
            0.15,
            0.15,
            0.15,
            0.15,
            0.15,
            0.15,
            0.15
        ],
        [
            0.15,
            0.15,
            0.15,
            0.15,
            0.15,
            0.15,
            0.15,
            0.15,
            0.0,
            0.15,
            0.15,
            0.15,
            0.15,
            0.15,
            0.15,
            0.15,
            0.15,
            0.15,
            0.15,
            0.15,
            0.15
        ],
        [
            0.15,
            0.15,
            0.15,
            0.15,
            0.15,
            0.15,
            0.15,
            0.15,
            0.15,
            0.0,
            0.15,
            0.15,
            0.15,
            0.15,
            0.15,
            0.15,
            0.15,
            0.15,
            0.15,
            0.15,
            0.15
        ],
        [
            0.15,
            0.15,
            0.15,
            0.15,
            0.15,
            0.15,
            0.15,
            0.15,
            0.15,
            0.15,
            0.0,
            0.15,
            0.15,
            0.15,
            0.15,
            0.15,
            0.15,
            0.15,
            0.15,
            0.15,
            0.15
        ],
        [
            0.15,
            0.15,
            0.15,
            0.15,
            0.15,
            0.15,
            0.15,
            0.15,
            0.15,
            0.15,
            0.15,
            0.0,
            0.15,
            0.15,
            0.15,
            0.15,
            0.15,
            0.15,
            0.15,
            0.15,
            0.15
        ],
        [
            0.15,
            0.15,
            0.15,
            0.15,
            0.15,
            0.15,
            0.15,
            0.15,
            0.15,
            0.15,
            0.15,
            0.15,
            0.0,
            0.15,
            0.15,
            0.15,
            0.15,
            0.15,
            0.15,
            0.15,
            0.15
        ],
        [
            0.15,
            0.15,
            0.15,
            0.15,
            0.15,
            0.15,
            0.15,
            0.15,
            0.15,
            0.15,
            0.15,
            0.15,
            0.15,
            0.0,
            0.15,
            0.15,
            0.15,
            0.15,
            0.15,
            0.15,
            0.15
        ],
        [
            0.15,
            0.15,
            0.15,
            0.15,
            0.15,
            0.15,
            0.15,
            0.15,
            0.15,
            0.15,
            0.15,
            0.15,
            0.15,
            0.15,
            0.0,
            0.15,
            0.15,
            0.15,
            0.15,
            0.15,
            0.15
        ],
        [
            0.15,
            0.15,
            0.15,
            0.15,
            0.15,
            0.15,
            0.15,
            0.15,
            0.15,
            0.15,
            0.15,
            0.15,
            0.15,
            0.15,
            0.15,
            0.0,
            0.15,
            0.15,
            0.15,
            0.15,
            0.15
        ],
        [
            0.15,
            0.15,
            0.15,
            0.15,
            0.15,
            0.15,
            0.15,
            0.15,
            0.15,
            0.15,
            0.15,
            0.15,
            0.15,
            0.15,
            0.15,
            0.15,
            0.0,
            0.15,
            0.15,
            0.15,
            0.15
        ],
        [
            0.15,
            0.15,
            0.15,
            0.15,
            0.15,
            0.15,
            0.15,
            0.15,
            0.15,
            0.15,
            0.15,
            0.15,
            0.15,
            0.15,
            0.15,
            0.15,
            0.15,
            0.0,
            0.15,
            0.15,
            0.15
        ],
        [
            0.15,
            0.15,
            0.15,
            0.15,
            0.15,
            0.15,
            0.15,
            0.15,
            0.15,
            0.15,
            0.15,
            0.15,
            0.15,
            0.15,
            0.15,
            0.15,
            0.15,
            0.15,
            0.0,
            0.15,
            0.15
        ],
        [
            0.15,
            0.15,
            0.15,
            0.15,
            0.15,
            0.15,
            0.15,
            0.15,
            0.15,
            0.15,
            0.15,
            0.15,
            0.15,
            0.15,
            0.15,
            0.15,
            0.15,
            0.15,
            0.15,
            0.0,
            0.15
        ],
        [
            0.15,
            0.15,
            0.15,
            0.15,
            0.15,
            0.15,
            0.15,
            0.15,
            0.15,
            0.15,
            0.15,
            0.15,
            0.15,
            0.15,
            0.15,
            0.15,
            0.15,
            0.15,
            0.15,
            0.15,
            0.0
        ]
    ],
    "service_scv": [
        0.0,
        0.398,
        0.482,
        0.298,
        0.391,
        0.292,
        0.192,
        0.484,
        0.495,
        0.157,
        0.429,
        0.32,
        0.214,
        0.478,
        0.254,
        0.265,
        0.491,
        0.289,
        0.488,
        0.15,
        0.197
    ],
    "service": [
        0,
        54,
        32,
        58,
        45,
        32,
        37,
        52,
        51,
        56,
        44,
        34,
        57,
        31,
        56,
        37,
        44,
        44,
        47,
        42,
        36
    ]
}
