{
    "coords": [
        [
            0,
            0
        ],
        [
            41,
            21
        ],
        [
            38,
            4
        ],
        [
            26,
            17
        ],
        [
            0,
            31
        ],
        [
            23,
            1
        ],
        [
            14,
            43
        ],
        [
            3,
            42
        ],
        [
            44,
            2
        ],
        [
            6,
            40
        ],
        [
            2,
            9
        ],
        [
            40,
            34
        ],
        [
            25,
            7
        ],
        [
            10,
            34
        ],
        [
            13,
            47
        ],
        [
            21,
            49
        ],
        [
            16,
            33
        ],
        [
            9,
            8
        ],
        [
            44,
            19
        ],
        [
            37,
            13
        ],
        [
            0,
            47
        ]
    ],
    "dimension": 21,
    "distances": [
        [
            0.0,
            46.065,
            38.21,
            31.064,
            31.0,
            23.022,
            45.222,
            42.107,
            44.045,
            40.447,
            9.22,
            52.498,
            25.962,
            35.44,
            48.765,
            53.31,
            36.674,
            12.042,
            47.927,
            39.217,
            47.0
        ],
        [
            46.065,
            0.0,
            17.263,
            15.524,
            42.202,
            26.907,
            34.828,
            43.417,
            19.235,
            39.825,
            40.804,
            13.038,
            21.26,
            33.615,
            38.21,
            34.409,
            27.731,
            34.54,
            3.606,
            8.944,
            48.549
        ],
        [
            38.21,
            17.263,
            0.0,
            17.692,
            46.615,
            15.297,
            45.793,
            51.662,
            6.325,
            48.166,
            36.346,
            30.067,
            13.342,
            41.037,
            49.739,
            48.104,
            36.401,
            29.275,
            16.155,
            9.055,
            57.385
        ],
        [
            31.064,
            15.524,
            17.692,
            0.0,
            29.53,
            16.279,
            28.636,
            33.971,
            23.431,
            30.48,
            25.298,
            22.023,
            10.05,
            23.345,
            32.696,
            32.388,
            18.868,
            19.235,
            18.111,
            11.705,
            39.699
        ],
        [
            31.0,
            42.202,
            46.615,
            29.53,
            0.0,
            37.802,
            18.439,
            11.402,
            52.697,
            10.817,
            22.091,
            40.112,
            34.655,
            10.44,
            20.616,
            27.659,
            16.125,
            24.698,
            45.607,
            41.146,
            16.0
        ],
        [
            23.022,
            26.907,
            15.297,
            16.279,
            37.802,
            0.0,
            42.953,
            45.618,
            21.024,
            42.544,
            22.472,
            37.121,
            6.325,
            35.468,
            47.074,
            48.042,
            32.757,
            15.652,
            27.659,
            18.439,
            51.43
        ],
        [
            45.222,
            34.828,
            45.793,
            28.636,
            18.439,
            42.953,
            0.0,
            11.045,
            50.804,
            8.544,
            36.056,
            27.514,
            37.643,
            9.849,
            4.123,
            9.22,
            10.198,
            35.355,
            38.419,
            37.802,
            14.56
        ],
        [
            42.107,
            43.417,
            51.662,
            33.971,
            11.402,
            45.618,
            11.045,
            0.0,
            57.28,
            3.606,
            33.015,
            37.855,
            41.34,
            10.63,
            11.18,
            19.313,
            15.811,
            34.525,
            47.011,
            44.688,
            5.831
        ],
        [
            44.045,
            19.235,
            6.325,
            23.431,
            52.697,
            21.024,
            50.804,
            57.28,
            0.0,
            53.74,
            42.579,
            32.249,
            19.647,
            46.69,
            54.644,
            52.326,
            41.773,
            35.511,
            17.0,
            13.038,
            62.936
        ],
        [
            40.447,
            39.825,
            48.166,
            30.48,
            10.817,
            42.544,
            8.544,
            3.606,
            53.74,
            0.0,
            31.257,
            34.525,
            38.079,
            7.211,
            9.899,
            17.493,
            12.207,
            32.14,
            43.417,
            41.11,
            9.22
        ],
        [
            9.22,
            40.804,
            36.346,
            25.298,
            22.091,
            22.472,
            36.056,
            33.015,
            42.579,
            31.257,
            0.0,
            45.486,
            23.087,
            26.249,
            39.56,
            44.283,
            27.785,
            7.071,
            43.174,
            35.228,
            38.053
        ],
        [
            52.498,
            13.038,
            30.067,
            22.023,
            40.112,
            37.121,
            27.514,
            37.855,
            32.249,
            34.525,
            45.486,
            0.0,
            30.887,
            30.0,
            29.967,
            24.207,
            24.021,
            40.46,
            15.524,
            21.213,
            42.059
        ],
        [
            25.962,
            21.26,
            13.342,
            10.05,
            34.655,
            6.325,
            37.643,
            41.34,
            19.647,
            38.079,
            23.087,
            30.887,
            0.0,
            30.887,
            41.761,
            42.19,
            27.514,
            16.031,
            22.472,
            13.416,
            47.17
        ],
        [
            35.44,
            33.615,
            41.037,
            23.345,
            10.44,
            35.468,
            9.849,
            10.63,
            46.69,
            7.211,
            26.249,
            30.0,
            30.887,
            0.0,
            13.342,
            18.601,
            6.083,
            26.019,
            37.162,
            34.205,
            16.401
        ],
        [
            48.765,
            38.21,
            49.739,
            32.696,
            20.616,
            47.074,
            4.123,
            11.18,
            54.644,
            9.899,
            39.56,
            29.967,
            41.761,
            13.342,
            0.0,
            8.246,
            14.318,
            39.205,
            41.773,
            41.617,
            13.0
        ],
        [
            53.31,
            34.409,
            48.104,
            32.388,
            27.659,
            48.042,
            9.22,
            19.313,
            52.326,
            17.493,
            44.283,
            24.207,
            42.19,
            18.601,
            8.246,
            0.0,
            16.763,
            42.72,
            37.802,
            39.395,
            21.095
        ],
        [
            36.674,
            27.731,
            36.401,
            18.868,
            16.125,
            32.757,
            10.198,
            15.811,
            41.773,
            12.207,
            27.785,
            24.021,
            27.514,
            6.083,
            14.318,
            16.763,
            0.0,
            25.962,
            31.305,
            29.0,
            21.26
        ],
        [
            12.042,
            34.54,
            29.275,
            19.235,
            24.698,
            15.652,
            35.355,
            34.525,
            35.511,
            32.14,
            7.071,
            40.46,
            16.031,
            26.019,
            39.205,
            42.72,
            25.962,
            0.0,
            36.688,
            28.443,
            40.025
        ],
        [
            47.927,
            3.606,
            16.155,
            18.111,
            45.607,
            27.659,
            38.419,
            47.011,
            17.0,
            43.417,
            43.174,
            15.524,
            22.472,
            37.162,
            41.773,
            37.802,
            31.305,
            36.688,
            0.0,
            9.22,
            52.154
        ],
        [
            39.217,
            8.944,
            9.055,
            11.705,
            41.146,
            18.439,
            37.802,
            44.688,
            13.038,
            41.11,
            35.228,
            21.213,
            13.416,
            34.205,
            41.617,
            39.395,
            29.0,
            28.443,
            9.22,
            0.0,
            50.249
        ],
        [
            47.0,
            48.549,
            57.385,
            39.699,
            16.0,
            51.43,
            14.56,
            5.831,
            62.936,
            9.22,
            38.053,
            42.059,
            47.17,
            16.401,
            13.0,
            21.095,
            21.26,
            40.025,
            52.154,
            50.249,
            0.0
        ]
    ],
    "distances_scv": [
        [
            0.0,
            0.324,
            0.263,
            0.155,
            0.254,
            0.408,
            0.265,
            0.372,
            0.333,
            0.131,
            0.392,
            0.37,
            0.421,
            0.16,
            0.49,
            0.447,
            0.461,
            0.485,
            0.348,
            0.248,
            0.123
        ],
        [
            0.379,
            0.0,
            0.36,
            0.103,
            0.478,
            0.255,
            0.128,
            0.496,
            0.394,
            0.309,
            0.406,
            0.421,
            0.367,
            0.241,
            0.228,
            0.368,
            0.158,
            0.181,
            0.179,
            0.284,
            0.346
        ],
        [
            0.301,
            0.408,
            0.0,
            0.135,
            0.164,
            0.403,
            0.241,
            0.361,
            0.13,
            0.156,
            0.451,
            0.273,
            0.149,
            0.47,
            0.192,
            0.132,
            0.315,
            0.33,
            0.133,
            0.371,
            0.221
        ],
        [
            0.497,
            0.238,
            0.387,
            0.0,
            0.335,
            0.123,
            0.423,
            0.228,
            0.315,
            0.441,
            0.367,
            0.189,
            0.495,
            0.419,
            0.306,
            0.399,
            0.222,
            0.238,
            0.275,
            0.221,
            0.23
        ],
        [
            0.366,
            0.29,
            0.211,
            0.349,
            0.0,
            0.29,
            0.379,
            0.351,
            0.494,
            0.231,
            0.341,
            0.428,
            0.23,
            0.242,
            0.308,
            0.474,
            0.123,
            0.353,
            0.281,
            0.385,
            0.476
        ],
        [
            0.11,
            0.438,
            0.496,
            0.242,
            0.391,
            0.0,
            0.306,
            0.231,
            0.499,
            0.274,
            0.241,
            0.382,
            0.298,
            0.125,
            0.122,
            0.325,
            0.274,
            0.361,
            0.213,
            0.355,
            0.466
        ],
        [
            0.129,
            0.207,
            0.452,
            0.373,
            0.158,
            0.342,
            0.0,
            0.305,
            0.28,
            0.103,
            0.168,
            0.418,
            0.29,
            0.26,
            0.477,
            0.162,
            0.109,
            0.248,
            0.132,
            0.172,
            0.394
        ],
        [
            0.139,
            0.452,
            0.251,
            0.162,
            0.211,
            0.169,
            0.279,
            0.0,
            0.427,
            0.428,
            0.301,
            0.214,
            0.36,
            0.136,
            0.45,
            0.204,
            0.102,
            0.195,
            0.157,
            0.134,
            0.175
        ],
        [
            0.359,
            0.236,
            0.282,
            0.124,
            0.321,
            0.156,
            0.262,
            0.143,
            0.0,
            0.137,
            0.115,
            0.227,
            0.301,
            0.188,
            0.179,
            0.135,
            0.346,
            0.191,
            0.177,
            0.14,
            0.155
        ],
        [
            0.424,
            0.126,
            0.13,
            0.271,
            0.283,
            0.119,
            0.299,
            0.103,
            0.197,
            0.0,
            0.203,
            0.458,
            0.113,
            0.303,
            0.343,
            0.199,
            0.204,
            0.175,
            0.308,
            0.417,
            0.245
        ],
        [
            0.291,
            0.464,
            0.284,
            0.445,
            0.48,
            0.271,
            0.176,
            0.317,
            0.125,
            0.134,
            0.0,
            0.223,
            0.364,
            0.223,
            0.149,
            0.487,
            0.429,
            0.315,
            0.48,
            0.312,
            0.256
        ],
        [
            0.305,
            0.44,
            0.255,
            0.231,
            0.234,
            0.293,
            0.46,
            0.266,
            0.328,
            0.373,
            0.472,
            0.0,
            0.262,
            0.309,
            0.235,
            0.424,
            0.344,
            0.491,
            0.355,
            0.369,
            0.211
        ],
        [
            0.378,
            0.493,
            0.26,
            0.115,
            0.425,
            0.273,
            0.376,
            0.45,
            0.441,
            0.457,
            0.324,
            0.279,
            0.0,
            0.405,
            0.321,
            0.43,
            0.344,
            0.291,
            0.426,
            0.314,
            0.438
        ],
        [
            0.183,
            0.121,
            0.21,
            0.266,
            0.302,
            0.472,
            0.129,
            0.2,
            0.393,
            0.475,
            0.186,
            0.146,
            0.405,
            0.0,
            0.393,
            0.471,
            0.15,
            0.365,
            0.375,
            0.381,
            0.459
        ],
        [
            0.11,
            0.483,
            0.321,
            0.169,
            0.332,
            0.18,
            0.422,
            0.413,
            0.403,
            0.397,
            0.418,
            0.201,
            0.299,
            0.479,
            0.0,
            0.32,
            0.423,
            0.205,
            0.444,
            0.32,
            0.439
        ],
        [
            0.214,
            0.145,
            0.491,
            0.318,
            0.432,
            0.175,
            0.323,
            0.271,
            0.188,
            0.112,
            0.272,
            0.204,
            0.353,
            0.164,
            0.386,
            0.0,
            0.406,
            0.113,
            0.244,
            0.291,
            0.399
        ],
        [
            0.285,
            0.195,
            0.311,
            0.425,
            0.156,
            0.179,
            0.114,
            0.453,
            0.386,
            0.38,
            0.435,
            0.436,
            0.356,
            0.462,
            0.435,
            0.141,
            0.0,
            0.339,
            0.369,
            0.42,
            0.486
        ],
        [
            0.472,
            0.107,
            0.221,
            0.435,
            0.148,
            0.147,
            0.154,
            0.342,
            0.428,
            0.43,
            0.158,
            0.221,
            0.45,
            0.318,
            0.167,
            0.263,
            0.477,
            0.0,
            0.43,
            0.243,
            0.291
        ],
        [
            0.202,
            0.415,
            0.353,
            0.168,
            0.463,
            0.456,
            0.464,
            0.457,
            0.28,
            0.26,
            0.409,
            0.164,
            0.105,
            0.372,
            0.286,
            0.497,
            0.282,
            0.413,
            0.0,
            0.368,
            0.271
        ],
        [
            0.427,
            0.434,
            0.389,
            0.13,
            0.433,
            0.274,
            0.14,
            0.341,
            0.408,
            0.375,
            0.381,
            0.214,
            0.28,
            0.126,
            0.24,
            0.38,
            0.109,
            0.325,
            0.157,
            0.0,
            0.11
        ],
        [
            0.393,
            0.481,
            0.407,
            0.151,
            0.195,
            0.378,
            0.158,
            0.102,
            0.26,
            0.492,
            0.141,
            0.379,
            0.158,
            0.318,
            0.241,
            0.309,
            0.107,
            0.401,
            0.287,
            0.48,
            0.0
        ]
    ],
    "service_scv": [
        0.0,
        1.404,
        0.73,
        1.287,
        1.086,
        0.787,
        1.126,
        1.084,
        1.436,
        0.519,
        1.088,
        0.52,
        1.011,
        1.351,
        1.269,
        0.722,
        0.75,
        0.904,
        1.395,
        1.011,
        0.726
    ],
    "service": [
        0.0,
        15.448,
        37.666,
        11.808,
        41.466,
        78.413,
        11.348,
        42.905,
        30.394,
        35.928,
        25.37,
        2.737,
        20.91,
        15.213,
        8.69,
        26.65,
        32.339,
        14.143,
        37.757,
        30.152,
        36.263
    ]
}
