{
    "coords": [
        [
            0,
            0
        ],
        [
            11,
            26
        ],
        [
            38,
            6
        ],
        [
            15,
            15
        ],
        [
            39,
            28
        ],
        [
            19,
            39
        ],
        [
            48,
            7
        ],
        [
            44,
            11
        ],
        [
            32,
            47
        ],
        [
            20,
            33
        ],
        [
            18,
            38
        ],
        [
            24,
            32
        ],
        [
            19,
            10
        ],
        [
            31,
            11
        ],
        [
            13,
            11
        ],
        [
            48,
            24
        ],
        [
            8,
            28
        ],
        [
            17,
            48
        ],
        [
            20,
            39
        ],
        [
            19,
            5
        ],
        [
            9,
            42
        ]
    ],
    "dimension": 21,
    "distances": [
        [
            0.0,
            28.231,
            38.471,
            21.213,
            48.01,
            43.382,
            48.508,
            45.354,
            56.859,
            38.588,
            42.048,
            40.0,
            21.471,
            32.894,
            17.029,
            53.666,
            29.12,
            50.922,
            43.829,
            19.647,
            42.953
        ],
        [
            28.231,
            0.0,
            33.601,
            11.705,
            28.071,
            15.264,
            41.593,
            36.249,
            29.698,
            11.402,
            13.892,
            14.318,
            17.889,
            25.0,
            15.133,
            37.054,
            3.606,
            22.804,
            15.811,
            22.472,
            16.125
        ],
        [
            38.471,
            33.601,
            0.0,
            24.698,
            22.023,
            38.079,
            10.05,
            7.81,
            41.437,
            32.45,
            37.736,
            29.53,
            19.416,
            8.602,
            25.495,
            20.591,
            37.202,
            46.957,
            37.59,
            19.026,
            46.228
        ],
        [
            21.213,
            11.705,
            24.698,
            0.0,
            27.295,
            24.331,
            33.956,
            29.275,
            36.235,
            18.682,
            23.195,
            19.235,
            6.403,
            16.492,
            4.472,
            34.205,
            14.765,
            33.061,
            24.515,
            10.77,
            27.659
        ],
        [
            48.01,
            28.071,
            22.023,
            27.295,
            0.0,
            22.825,
            22.847,
            17.72,
            20.248,
            19.647,
            23.259,
            15.524,
            26.907,
            18.788,
            31.064,
            9.849,
            31.0,
            29.732,
            21.954,
            30.48,
            33.106
        ],
        [
            43.382,
            15.264,
            38.079,
            24.331,
            22.825,
            0.0,
            43.186,
            37.537,
            15.264,
            6.083,
            1.414,
            8.602,
            29.0,
            30.463,
            28.636,
            32.65,
            15.556,
            9.22,
            1.0,
            34.0,
            10.44
        ],
        [
            48.508,
            41.593,
            10.05,
            33.956,
            22.847,
            43.186,
            0.0,
            5.657,
            43.081,
            38.21,
            43.139,
            34.655,
            29.155,
            17.464,
            35.228,
            17.0,
            45.177,
            51.4,
            42.521,
            29.069,
            52.402
        ],
        [
            45.354,
            36.249,
            7.81,
            29.275,
            17.72,
            37.537,
            5.657,
            0.0,
            37.947,
            32.558,
            37.483,
            29.0,
            25.02,
            13.0,
            31.0,
            13.601,
            39.812,
            45.804,
            36.878,
            25.71,
            46.755
        ],
        [
            56.859,
            29.698,
            41.437,
            36.235,
            20.248,
            15.264,
            43.081,
            37.947,
            0.0,
            18.439,
            16.643,
            17.0,
            39.217,
            36.014,
            40.706,
            28.018,
            30.61,
            15.033,
            14.422,
            43.966,
            23.537
        ],
        [
            38.588,
            11.402,
            32.45,
            18.682,
            19.647,
            6.083,
            38.21,
            32.558,
            18.439,
            0.0,
            5.385,
            4.123,
            23.022,
            24.597,
            23.087,
            29.411,
            13.0,
            15.297,
            6.0,
            28.018,
            14.213
        ],
        [
            42.048,
            13.892,
            37.736,
            23.195,
            23.259,
            1.414,
            43.139,
            37.483,
            16.643,
            5.385,
            0.0,
            8.485,
            28.018,
            29.967,
            27.459,
            33.106,
            14.142,
            10.05,
            2.236,
            33.015,
            9.849
        ],
        [
            40.0,
            14.318,
            29.53,
            19.235,
            15.524,
            8.602,
            34.655,
            29.0,
            17.0,
            4.123,
            8.485,
            0.0,
            22.561,
            22.136,
            23.707,
            25.298,
            16.492,
            17.464,
            8.062,
            27.459,
            18.028
        ],
        [
            21.471,
            17.889,
            19.416,
            6.403,
            26.907,
            29.0,
            29.155,
            25.02,
            39.217,
            23.022,
            28.018,
            22.561,
            0.0,
            12.042,
            6.083,
            32.202,
            21.095,
            38.053,
            29.017,
            5.0,
            33.526
        ],
        [
            32.894,
            25.0,
            8.602,
            16.492,
            18.788,
            30.463,
            17.464,
            13.0,
            36.014,
            24.597,
            29.967,
            22.136,
            12.042,
            0.0,
            18.0,
            21.401,
            28.601,
            39.56,
            30.083,
            13.416,
            38.013
        ],
        [
            17.029,
            15.133,
            25.495,
            4.472,
            31.064,
            28.636,
            35.228,
            31.0,
            40.706,
            23.087,
            27.459,
            23.707,
            6.083,
            18.0,
            0.0,
            37.336,
            17.72,
            37.216,
            28.862,
            8.485,
            31.257
        ],
        [
            53.666,
            37.054,
            20.591,
            34.205,
            9.849,
            32.65,
            17.0,
            13.601,
            28.018,
            29.411,
            33.106,
            25.298,
            32.202,
            21.401,
            37.336,
            0.0,
            40.2,
            39.205,
            31.765,
            34.67,
            42.953
        ],
        [
            29.12,
            3.606,
            37.202,
            14.765,
            31.0,
            15.556,
            45.177,
            39.812,
            30.61,
            13.0,
            14.142,
            16.492,
            21.095,
            28.601,
            17.72,
            40.2,
            0.0,
            21.932,
            16.279,
            25.495,
            14.036
        ],
        [
            50.922,
            22.804,
            46.957,
            33.061,
            29.732,
            9.22,
            51.4,
            45.804,
            15.033,
            15.297,
            10.05,
            17.464,
            38.053,
            39.56,
            37.216,
            39.205,
            21.932,
            0.0,
            9.487,
            43.046,
            10.0
        ],
        [
            43.829,
            15.811,
            37.59,
            24.515,
            21.954,
            1.0,
            42.521,
            36.878,
            14.422,
            6.0,
            2.236,
            8.062,
            29.017,
            30.083,
            28.862,
            31.765,
            16.279,
            9.487,
            0.0,
            34.015,
            11.402
        ],
        [
            19.647,
            22.472,
            19.026,
            10.77,
            30.48,
            34.0,
            29.069,
            25.71,
            43.966,
            28.018,
            33.015,
            27.459,
            5.0,
            13.416,
            8.485,
            34.67,
            25.495,
            43.046,
            34.015,
            0.0,
            38.328
        ],
        [
            42.953,
            16.125,
            46.228,
            27.659,
            33.106,
            10.44,
            52.402,
            46.755,
            23.537,
            14.213,
            9.849,
            18.028,
            33.526,
            38.013,
            31.257,
            42.953,
            14.036,
            10.0,
            11.402,
            38.328,
            0.0
        ]
    ],
    "distances_scv": [
        [
            0.0,
            0.202,
            0.266,
            0.411,
            0.422,
            0.409,
            0.304,
            0.169,
            0.253,
            0.343,
            0.245,
            0.196,
            0.425,
            0.111,
            0.323,
            0.488,
            0.286,
            0.404,
            0.194,
            0.462,
            0.365
        ],
        [
            0.323,
            0.0,
            0.395,
            0.47,
            0.139,
            0.155,
            0.491,
            0.392,
            0.219,
            0.383,
            0.193,
            0.394,
            0.307,
            0.434,
            0.29,
            0.227,
            0.183,
            0.103,
            0.219,
            0.49,
            0.137
        ],
        [
            0.159,
            0.226,
            0.0,
            0.245,
            0.425,
            0.405,
            0.362,
            0.351,
            0.375,
            0.33,
            0.256,
            0.496,
            0.285,
            0.474,
            0.268,
            0.357,
            0.33,
            0.119,
            0.278,
            0.296,
            0.479
        ],
        [
            0.406,
            0.126,
            0.124,
            0.0,
            0.298,
            0.488,
            0.116,
            0.186,
            0.382,
            0.269,
            0.36,
            0.41,
            0.452,
            0.492,
            0.386,
            0.393,
            0.174,
            0.191,
            0.492,
            0.283,
            0.123
        ],
        [
            0.237,
            0.369,
            0.327,
            0.17,
            0.0,
            0.222,
            0.132,
            0.211,
            0.369,
            0.327,
            0.224,
            0.377,
            0.16,
            0.267,
            0.365,
            0.131,
            0.306,
            0.25,
            0.256,
            0.443,
            0.448
        ],
        [
            0.307,
            0.419,
            0.102,
            0.459,
            0.386,
            0.0,
            0.108,
            0.166,
            0.21,
            0.25,
            0.152,
            0.436,
            0.283,
            0.159,
            0.127,
            0.339,
            0.267,
            0.266,
            0.441,
            0.243,
            0.421
        ],
        [
            0.231,
            0.324,
            0.254,
            0.26,
            0.263,
            0.314,
            0.0,
            0.332,
            0.453,
            0.371,
            0.49,
            0.145,
            0.495,
            0.177,
            0.121,
            0.109,
            0.178,
            0.128,
            0.136,
            0.316,
            0.364
        ],
        [
            0.154,
            0.153,
            0.165,
            0.264,
            0.33,
            0.408,
            0.339,
            0.0,
            0.397,
            0.26,
            0.209,
            0.172,
            0.352,
            0.104,
            0.301,
            0.352,
            0.184,
            0.102,
            0.368,
            0.21,
            0.144
        ],
        [
            0.244,
            0.241,
            0.387,
            0.329,
            0.194,
            0.303,
            0.417,
            0.433,
            0.0,
            0.387,
            0.455,
            0.117,
            0.168,
            0.242,
            0.282,
            0.298,
            0.382,
            0.112,
            0.168,
            0.295,
            0.127
        ],
        [
            0.492,
            0.271,
            0.32,
            0.402,
            0.434,
            0.408,
            0.34,
            0.46,
            0.43,
            0.0,
            0.452,
            0.418,
            0.296,
            0.238,
            0.2,
            0.449,
            0.352,
            0.348,
            0.499,
            0.173,
            0.388
        ],
        [
            0.263,
            0.479,
            0.478,
            0.316,
            0.231,
            0.145,
            0.161,
            0.103,
            0.313,
            0.113,
            0.0,
            0.277,
            0.427,
            0.314,
            0.49,
            0.491,
            0.244,
            0.401,
            0.441,
            0.17,
            0.219
        ],
        [
            0.349,
            0.44,
            0.14,
            0.199,
            0.384,
            0.289,
            0.306,
            0.133,
            0.42,
            0.451,
            0.356,
            0.0,
            0.493,
            0.462,
            0.154,
            0.208,
            0.428,
            0.46,
            0.118,
            0.268,
            0.429
        ],
        [
            0.205,
            0.414,
            0.273,
            0.281,
            0.469,
            0.319,
            0.354,
            0.367,
            0.472,
            0.289,
            0.144,
            0.346,
            0.0,
            0.167,
            0.323,
            0.437,
            0.383,
            0.228,
            0.433,
            0.362,
            0.234
        ],
        [
            0.251,
            0.197,
            0.438,
            0.394,
            0.361,
            0.3,
            0.435,
            0.221,
            0.283,
            0.215,
            0.262,
            0.333,
            0.454,
            0.0,
            0.326,
            0.268,
            0.446,
            0.113,
            0.229,
            0.489,
            0.357
        ],
        [
            0.304,
            0.262,
            0.481,
            0.193,
            0.442,
            0.33,
            0.203,
            0.444,
            0.457,
            0.416,
            0.368,
            0.371,
            0.289,
            0.367,
            0.0,
            0.238,
            0.156,
            0.135,
            0.37,
            0.271,
            0.248
        ],
        [
            0.431,
            0.495,
            0.368,
            0.179,
            0.164,
            0.413,
            0.417,
            0.497,
            0.326,
            0.384,
            0.249,
            0.407,
            0.158,
            0.483,
            0.389,
            0.0,
            0.249,
            0.359,
            0.271,
            0.241,
            0.499
        ],
        [
            0.488,
            0.25,
            0.407,
            0.147,
            0.41,
            0.104,
            0.43,
            0.425,
            0.4,
            0.374,
            0.28,
            0.447,
            0.151,
            0.189,
            0.116,
            0.242,
            0.0,
            0.129,
            0.326,
            0.231,
            0.243
        ],
        [
            0.169,
            0.263,
            0.144,
            0.428,
            0.295,
            0.168,
            0.463,
            0.283,
            0.43,
            0.288,
            0.416,
            0.161,
            0.125,
            0.145,
            0.418,
            0.293,
            0.217,
            0.0,
            0.489,
            0.336,
            0.425
        ],
        [
            0.353,
            0.154,
            0.422,
            0.395,
            0.101,
            0.131,
            0.317,
            0.171,
            0.371,
            0.245,
            0.267,
            0.42,
            0.138,
            0.105,
            0.309,
            0.266,
            0.229,
            0.389,
            0.0,
            0.233,
            0.349
        ],
        [
            0.436,
            0.303,
            0.28,
            0.363,
            0.337,
            0.117,
            0.146,
            0.496,
            0.431,
            0.27,
            0.401,
            0.417,
            0.167,
            0.345,
            0.128,
            0.493,
            0.355,
            0.498,
            0.344,
            0.0,
            0.189
        ],
        [
            0.302,
            0.208,
            0.395,
            0.223,
            0.206,
            0.373,
            0.281,
            0.405,
            0.446,
            0.223,
            0.253,
            0.113,
            0.15,
            0.499,
            0.25,
            0.104,
            0.373,
            0.148,
            0.286,
            0.19,
            0.0
        ]
    ],
    "service_scv": [
        0.0,
        0.279,
        0.111,
        0.302,
        0.399,
        0.481,
        0.481,
        0.291,
        0.363,
        0.496,
        0.375,
        0.222,
        0.212,
        0.41,
        0.487,
        0.242,
        0.239,
        0.498,
        0.182,
        0.322,
        0.491
    ],
    "service": [
        0.0,
        44.366,
        25.279,
        34.633,
        1.0,
        33.446,
        10.586,
        24.627,
        40.413,
        53.621,
        14.64,
        19.442,
        24.212,
        13.662,
        2.535,
        29.864,
        29.781,
        32.254,
        18.933,
        5.545,
        22.393
    ]
}
