{
    "coords": [
        [
            0,
            0
        ],
        [
            32,
            18
        ],
        [
            4,
            35
        ],
        [
            17,
            43
        ],
        [
            16,
            32
        ],
        [
            9,
            27
        ],
        [
            3,
            38
        ],
        [
            4,
            35
        ],
        [
            38,
            23
        ],
        [
            39,
            28
        ],
        [
            43,
            37
        ],
        [
            45,
            3
        ],
        [
            0,
            32
        ],
        [
            36,
            36
        ],
        [
            40,
            19
        ],
        [
            41,
            25
        ],
        [
            8,
            11
        ],
        [
            39,
            32
        ],
        [
            43,
            48
        ],
        [
            38,
            14
        ],
        [
            27,
            23
        ]
    ],
    "dimension": 21,
    "distances": [
        [
            0.0,
            36.715,
            35.228,
            46.239,
            35.777,
            28.46,
            38.118,
            35.228,
            44.418,
            48.01,
            56.727,
            45.1,
            32.0,
            50.912,
            44.283,
            48.021,
            13.601,
            50.448,
            64.444,
            40.497,
            35.468
        ],
        [
            36.715,
            0.0,
            32.757,
            29.155,
            21.26,
            24.698,
            35.228,
            32.757,
            7.81,
            12.207,
            21.954,
            19.849,
            34.928,
            18.439,
            8.062,
            11.402,
            25.0,
            15.652,
            31.953,
            7.211,
            7.071
        ],
        [
            35.228,
            32.757,
            0.0,
            15.264,
            12.369,
            9.434,
            3.162,
            0.0,
            36.056,
            35.693,
            39.051,
            52.01,
            5.0,
            32.016,
            39.395,
            38.328,
            24.331,
            35.128,
            41.11,
            39.962,
            25.942
        ],
        [
            46.239,
            29.155,
            15.264,
            0.0,
            11.045,
            17.889,
            14.866,
            15.264,
            29.0,
            26.627,
            26.683,
            48.826,
            20.248,
            20.248,
            33.242,
            30.0,
            33.242,
            24.597,
            26.476,
            35.805,
            22.361
        ],
        [
            35.777,
            21.26,
            12.369,
            11.045,
            0.0,
            8.602,
            14.318,
            12.369,
            23.77,
            23.345,
            27.459,
            41.012,
            16.0,
            20.396,
            27.295,
            25.962,
            22.472,
            23.0,
            31.385,
            28.425,
            14.213
        ],
        [
            28.46,
            24.698,
            9.434,
            17.889,
            8.602,
            0.0,
            12.53,
            9.434,
            29.275,
            30.017,
            35.44,
            43.267,
            10.296,
            28.46,
            32.016,
            32.062,
            16.031,
            30.414,
            39.962,
            31.78,
            18.439
        ],
        [
            38.118,
            35.228,
            3.162,
            14.866,
            14.318,
            12.53,
            0.0,
            3.162,
            38.079,
            37.363,
            40.012,
            54.672,
            6.708,
            33.061,
            41.593,
            40.162,
            27.459,
            36.497,
            41.231,
            42.438,
            28.302
        ],
        [
            35.228,
            32.757,
            0.0,
            15.264,
            12.369,
            9.434,
            3.162,
            0.0,
            36.056,
            35.693,
            39.051,
            52.01,
            5.0,
            32.016,
            39.395,
            38.328,
            24.331,
            35.128,
            41.11,
            39.962,
            25.942
        ],
        [
            44.418,
            7.81,
            36.056,
            29.0,
            23.77,
            29.275,
            38.079,
            36.056,
            0.0,
            5.099,
            14.866,
            21.19,
            39.051,
            13.153,
            4.472,
            3.606,
            32.311,
            9.055,
            25.495,
            9.0,
            11.0
        ],
        [
            48.01,
            12.207,
            35.693,
            26.627,
            23.345,
            30.017,
            37.363,
            35.693,
            5.099,
            0.0,
            9.849,
            25.71,
            39.205,
            8.544,
            9.055,
            3.606,
            35.355,
            4.0,
            20.396,
            14.036,
            13.0
        ],
        [
            56.727,
            21.954,
            39.051,
            26.683,
            27.459,
            35.44,
            40.012,
            39.051,
            14.866,
            9.849,
            0.0,
            34.059,
            43.29,
            7.071,
            18.248,
            12.166,
            43.6,
            6.403,
            11.0,
            23.537,
            21.26
        ],
        [
            45.1,
            19.849,
            52.01,
            48.826,
            41.012,
            43.267,
            54.672,
            52.01,
            21.19,
            25.71,
            34.059,
            0.0,
            53.535,
            34.205,
            16.763,
            22.361,
            37.855,
            29.614,
            45.044,
            13.038,
            26.907
        ],
        [
            32.0,
            34.928,
            5.0,
            20.248,
            16.0,
            10.296,
            6.708,
            5.0,
            39.051,
            39.205,
            43.29,
            53.535,
            0.0,
            36.222,
            42.059,
            41.593,
            22.472,
            39.0,
            45.88,
            42.048,
            28.46
        ],
        [
            50.912,
            18.439,
            32.016,
            20.248,
            20.396,
            28.46,
            33.061,
            32.016,
            13.153,
            8.544,
            7.071,
            34.205,
            36.222,
            0.0,
            17.464,
            12.083,
            37.537,
            5.0,
            13.892,
            22.091,
            15.811
        ],
        [
            44.283,
            8.062,
            39.395,
            33.242,
            27.295,
            32.016,
            41.593,
            39.395,
            4.472,
            9.055,
            18.248,
            16.763,
            42.059,
            17.464,
            0.0,
            6.083,
            32.985,
            13.038,
            29.155,
            5.385,
            13.601
        ],
        [
            48.021,
            11.402,
            38.328,
            30.0,
            25.962,
            32.062,
            40.162,
            38.328,
            3.606,
            3.606,
            12.166,
            22.361,
            41.593,
            12.083,
            6.083,
            0.0,
            35.847,
            7.28,
            23.087,
            11.402,
            14.142
        ],
        [
            13.601,
            25.0,
            24.331,
            33.242,
            22.472,
            16.031,
            27.459,
            24.331,
            32.311,
            35.355,
            43.6,
            37.855,
            22.472,
            37.537,
            32.985,
            35.847,
            0.0,
            37.443,
            50.931,
            30.15,
            22.472
        ],
        [
            50.448,
            15.652,
            35.128,
            24.597,
            23.0,
            30.414,
            36.497,
            35.128,
            9.055,
            4.0,
            6.403,
            29.614,
            39.0,
            5.0,
            13.038,
            7.28,
            37.443,
            0.0,
            16.492,
            18.028,
            15.0
        ],
        [
            64.444,
            31.953,
            41.11,
            26.476,
            31.385,
            39.962,
            41.231,
            41.11,
            25.495,
            20.396,
            11.0,
            45.044,
            45.88,
            13.892,
            29.155,
            23.087,
            50.931,
            16.492,
            0.0,
            34.366,
            29.682
        ],
        [
            40.497,
            7.211,
            39.962,
            35.805,
            28.425,
            31.78,
            42.438,
            39.962,
            9.0,
            14.036,
            23.537,
            13.038,
            42.048,
            22.091,
            5.385,
            11.402,
            30.15,
            18.028,
            34.366,
            0.0,
            14.213
        ],
        [
            35.468,
            7.071,
            25.942,
            22.361,
            14.213,
            18.439,
            28.302,
            25.942,
            11.0,
            13.0,
            21.26,
            26.907,
            28.46,
            15.811,
            13.601,
            14.142,
            22.472,
            15.0,
            29.682,
            14.213,
            0.0
        ]
    ],
    "distances_scv": [
        [
            0.0,
            0.155,
            0.142,
            0.167,
            0.103,
            0.115,
            0.187,
            0.116,
            0.103,
            0.193,
            0.175,
            0.198,
            0.176,
            0.192,
            0.134,
            0.175,
            0.116,
            0.182,
            0.173,
            0.119,
            0.118
        ],
        [
            0.117,
            0.0,
            0.166,
            0.128,
            0.165,
            0.169,
            0.169,
            0.2,
            0.184,
            0.143,
            0.105,
            0.123,
            0.107,
            0.178,
            0.179,
            0.121,
            0.195,
            0.132,
            0.147,
            0.158,
            0.2
        ],
        [
            0.19,
            0.114,
            0.0,
            0.12,
            0.18,
            0.167,
            0.115,
            0.105,
            0.193,
            0.1,
            0.115,
            0.197,
            0.17,
            0.156,
            0.145,
            0.157,
            0.146,
            0.107,
            0.123,
            0.131,
            0.15
        ],
        [
            0.139,
            0.172,
            0.18,
            0.0,
            0.146,
            0.139,
            0.102,
            0.135,
            0.179,
            0.135,
            0.129,
            0.116,
            0.163,
            0.15,
            0.105,
            0.124,
            0.108,
            0.115,
            0.126,
            0.108,
            0.199
        ],
        [
            0.163,
            0.112,
            0.153,
            0.14,
            0.0,
            0.141,
            0.157,
            0.11,
            0.195,
            0.15,
            0.108,
            0.169,
            0.195,
            0.102,
            0.168,
            0.184,
            0.145,
            0.108,
            0.176,
            0.133,
            0.13
        ],
        [
            0.177,
            0.1,
            0.125,
            0.191,
            0.116,
            0.0,
            0.109,
            0.152,
            0.137,
            0.151,
            0.191,
            0.124,
            0.177,
            0.158,
            0.163,
            0.103,
            0.105,
            0.115,
            0.144,
            0.137,
            0.13
        ],
        [
            0.187,
            0.157,
            0.134,
            0.161,
            0.187,
            0.119,
            0.0,
            0.121,
            0.151,
            0.113,
            0.134,
            0.2,
            0.192,
            0.101,
            0.135,
            0.181,
            0.184,
            0.131,
            0.166,
            0.176,
            0.14
        ],
        [
            0.111,
            0.179,
            0.173,
            0.156,
            0.178,
            0.199,
            0.122,
            0.0,
            0.162,
            0.119,
            0.187,
            0.176,
            0.147,
            0.178,
            0.194,
            0.172,
            0.127,
            0.146,
            0.108,
            0.163,
            0.133
        ],
        [
            0.114,
            0.124,
            0.131,
            0.181,
            0.102,
            0.117,
            0.126,
            0.183,
            0.0,
            0.198,
            0.178,
            0.142,
            0.162,
            0.168,
            0.179,
            0.124,
            0.188,
            0.172,
            0.11,
            0.101,
            0.164
        ],
        [
            0.182,
            0.167,
            0.181,
            0.1,
            0.193,
            0.137,
            0.141,
            0.179,
            0.157,
            0.0,
            0.109,
            0.191,
            0.159,
            0.102,
            0.153,
            0.167,
            0.147,
            0.161,
            0.118,
            0.2,
            0.149
        ],
        [
            0.105,
            0.125,
            0.185,
            0.174,
            0.156,
            0.125,
            0.173,
            0.182,
            0.111,
            0.107,
            0.0,
            0.164,
            0.175,
            0.119,
            0.19,
            0.145,
            0.177,
            0.122,
            0.137,
            0.137,
            0.141
        ],
        [
            0.187,
            0.156,
            0.18,
            0.163,
            0.177,
            0.149,
            0.103,
            0.152,
            0.112,
            0.102,
            0.185,
            0.0,
            0.156,
            0.157,
            0.145,
            0.125,
            0.146,
            0.151,
            0.171,
            0.142,
            0.126
        ],
        [
            0.164,
            0.17,
            0.118,
            0.191,
            0.179,
            0.129,
            0.186,
            0.171,
            0.124,
            0.121,
            0.198,
            0.186,
            0.0,
            0.115,
            0.195,
            0.167,
            0.162,
            0.106,
            0.172,
            0.154,
            0.168
        ],
        [
            0.176,
            0.165,
            0.165,
            0.193,
            0.173,
            0.145,
            0.185,
            0.173,
            0.16,
            0.136,
            0.136,
            0.194,
            0.166,
            0.0,
            0.148,
            0.173,
            0.197,
            0.118,
            0.153,
            0.166,
            0.123
        ],
        [
            0.135,
            0.117,
            0.111,
            0.153,
            0.14,
            0.179,
            0.168,
            0.179,
            0.14,
            0.2,
            0.163,
            0.133,
            0.188,
            0.169,
            0.0,
            0.13,
            0.192,
            0.139,
            0.109,
            0.102,
            0.147
        ],
        [
            0.161,
            0.126,
            0.113,
            0.119,
            0.118,
            0.105,
            0.115,
            0.113,
            0.141,
            0.158,
            0.161,
            0.135,
            0.133,
            0.126,
            0.183,
            0.0,
            0.146,
            0.157,
            0.13,
            0.16,
            0.19
        ],
        [
            0.193,
            0.16,
            0.13,
            0.178,
            0.123,
            0.124,
            0.137,
            0.155,
            0.152,
            0.152,
            0.157,
            0.101,
            0.188,
            0.197,
            0.1,
            0.121,
            0.0,
            0.183,
            0.115,
            0.153,
            0.148
        ],
        [
            0.176,
            0.151,
            0.135,
            0.138,
            0.174,
            0.141,
            0.191,
            0.164,
            0.131,
            0.149,
            0.108,
            0.183,
            0.183,
            0.132,
            0.132,
            0.136,
            0.143,
            0.0,
            0.161,
            0.187,
            0.153
        ],
        [
            0.177,
            0.176,
            0.121,
            0.113,
            0.124,
            0.143,
            0.103,
            0.114,
            0.163,
            0.139,
            0.151,
            0.155,
            0.148,
            0.113,
            0.193,
            0.193,
            0.123,
            0.144,
            0.0,
            0.171,
            0.158
        ],
        [
            0.179,
            0.17,
            0.118,
            0.128,
            0.15,
            0.133,
            0.139,
            0.133,
            0.194,
            0.128,
            0.157,
            0.139,
            0.119,
            0.161,
            0.107,
            0.176,
            0.134,
            0.169,
            0.109,
            0.0,
            0.184
        ],
        [
            0.118,
            0.175,
            0.143,
            0.175,
            0.119,
            0.189,
            0.138,
            0.116,
            0.19,
            0.164,
            0.143,
            0.196,
            0.113,
            0.148,
            0.167,
            0.163,
            0.195,
            0.116,
            0.17,
            0.113,
            0.0
        ]
    ],
    "service_scv": [
        0.0,
        1.207,
        0.753,
        0.661,
        1.407,
        1.374,
        0.825,
        1.257,
        0.589,
        0.824,
        1.257,
        0.707,
        0.536,
        1.144,
        1.372,
        1.155,
        1.498,
        0.656,
        0.783,
        1.18,
        0.854
    ],
    "service": [
        0.0,
        16.99,
        23.95,
        29.584,
        2.108,
        53.163,
        49.304,
        25.156,
        35.366,
        25.774,
        21.156,
        26.547,
        8.514,
        23.952,
        21.65,
        58.552,
        8.139,
        48.869,
        40.67,
        32.212,
        21.022
    ]
}
