{
    "coords": [
        [
            0,
            0
        ],
        [
            17,
            46
        ],
        [
            18,
            13
        ],
        [
            43,
            3
        ],
        [
            22,
            15
        ],
        [
            1,
            35
        ],
        [
            49,
            39
        ],
        [
            16,
            26
        ],
        [
            42,
            15
        ],
        [
            21,
            45
        ],
        [
            9,
            46
        ],
        [
            33,
            21
        ],
        [
            39,
            20
        ],
        [
            17,
            30
        ],
        [
            46,
            35
        ],
        [
            33,
            31
        ],
        [
            41,
            21
        ],
        [
            37,
            22
        ],
        [
            30,
            32
        ],
        [
            18,
            45
        ],
        [
            12,
            2
        ]
    ],
    "dimension": 21,
    "distances": [
        [
            0.0,
            49.041,
            22.204,
            43.105,
            26.627,
            35.014,
            62.626,
            30.529,
            44.598,
            49.659,
            46.872,
            39.115,
            43.829,
            34.482,
            57.801,
            45.277,
            46.065,
            43.046,
            43.863,
            48.466,
            12.166
        ],
        [
            49.041,
            0.0,
            33.015,
            50.249,
            31.401,
            19.416,
            32.757,
            20.025,
            39.825,
            4.123,
            8.0,
            29.682,
            34.059,
            16.0,
            31.016,
            21.932,
            34.655,
            31.241,
            19.105,
            1.414,
            44.283
        ],
        [
            22.204,
            33.015,
            0.0,
            26.926,
            4.472,
            27.803,
            40.46,
            13.153,
            24.083,
            32.14,
            34.205,
            17.0,
            22.136,
            17.029,
            35.609,
            23.431,
            24.352,
            21.024,
            22.472,
            32.0,
            12.53
        ],
        [
            43.105,
            50.249,
            26.926,
            0.0,
            24.187,
            52.802,
            36.497,
            35.468,
            12.042,
            47.413,
            54.818,
            20.591,
            17.464,
            37.483,
            32.14,
            29.732,
            18.111,
            19.925,
            31.78,
            48.877,
            31.016
        ],
        [
            26.627,
            31.401,
            4.472,
            24.187,
            0.0,
            29.0,
            36.125,
            12.53,
            20.0,
            30.017,
            33.615,
            12.53,
            17.72,
            15.811,
            31.241,
            19.416,
            19.925,
            16.553,
            18.788,
            30.265,
            16.401
        ],
        [
            35.014,
            19.416,
            27.803,
            52.802,
            29.0,
            0.0,
            48.166,
            17.493,
            45.618,
            22.361,
            13.601,
            34.928,
            40.853,
            16.763,
            45.0,
            32.249,
            42.379,
            38.275,
            29.155,
            19.723,
            34.785
        ],
        [
            62.626,
            32.757,
            40.46,
            36.497,
            36.125,
            48.166,
            0.0,
            35.468,
            25.0,
            28.636,
            40.608,
            24.083,
            21.471,
            33.242,
            5.0,
            17.889,
            19.698,
            20.809,
            20.248,
            31.575,
            52.326
        ],
        [
            30.529,
            20.025,
            13.153,
            35.468,
            12.53,
            17.493,
            35.468,
            0.0,
            28.231,
            19.647,
            21.19,
            17.72,
            23.77,
            4.123,
            31.321,
            17.72,
            25.495,
            21.378,
            15.232,
            19.105,
            24.331
        ],
        [
            44.598,
            39.825,
            24.083,
            12.042,
            20.0,
            45.618,
            25.0,
            28.231,
            0.0,
            36.62,
            45.277,
            10.817,
            5.831,
            29.155,
            20.396,
            18.358,
            6.083,
            8.602,
            20.809,
            38.419,
            32.696
        ],
        [
            49.659,
            4.123,
            32.14,
            47.413,
            30.017,
            22.361,
            28.636,
            19.647,
            36.62,
            0.0,
            12.042,
            26.833,
            30.806,
            15.524,
            26.926,
            18.439,
            31.241,
            28.018,
            15.811,
            3.0,
            43.932
        ],
        [
            46.872,
            8.0,
            34.205,
            54.818,
            33.615,
            13.601,
            40.608,
            21.19,
            45.277,
            12.042,
            0.0,
            34.655,
            39.699,
            17.889,
            38.601,
            28.302,
            40.608,
            36.878,
            25.239,
            9.055,
            44.102
        ],
        [
            39.115,
            29.682,
            17.0,
            20.591,
            12.53,
            34.928,
            24.083,
            17.72,
            10.817,
            26.833,
            34.655,
            0.0,
            6.083,
            18.358,
            19.105,
            10.0,
            8.0,
            4.123,
            11.402,
            28.302,
            28.32
        ],
        [
            43.829,
            34.059,
            22.136,
            17.464,
            17.72,
            40.853,
            21.471,
            23.77,
            5.831,
            30.806,
            39.699,
            6.083,
            0.0,
            24.166,
            16.553,
            12.53,
            2.236,
            2.828,
            15.0,
            32.65,
            32.45
        ],
        [
            34.482,
            16.0,
            17.029,
            37.483,
            15.811,
            16.763,
            33.242,
            4.123,
            29.155,
            15.524,
            17.889,
            18.358,
            24.166,
            0.0,
            29.428,
            16.031,
            25.632,
            21.541,
            13.153,
            15.033,
            28.443
        ],
        [
            57.801,
            31.016,
            35.609,
            32.14,
            31.241,
            45.0,
            5.0,
            31.321,
            20.396,
            26.926,
            38.601,
            19.105,
            16.553,
            29.428,
            0.0,
            13.601,
            14.866,
            15.811,
            16.279,
            29.732,
            47.381
        ],
        [
            45.277,
            21.932,
            23.431,
            29.732,
            19.416,
            32.249,
            17.889,
            17.72,
            18.358,
            18.439,
            28.302,
            10.0,
            12.53,
            16.031,
            13.601,
            0.0,
            12.806,
            9.849,
            3.162,
            20.518,
            35.805
        ],
        [
            46.065,
            34.655,
            24.352,
            18.111,
            19.925,
            42.379,
            19.698,
            25.495,
            6.083,
            31.241,
            40.608,
            8.0,
            2.236,
            25.632,
            14.866,
            12.806,
            0.0,
            4.123,
            15.556,
            33.242,
            34.67
        ],
        [
            43.046,
            31.241,
            21.024,
            19.925,
            16.553,
            38.275,
            20.809,
            21.378,
            8.602,
            28.018,
            36.878,
            4.123,
            2.828,
            21.541,
            15.811,
            9.849,
            4.123,
            0.0,
            12.207,
            29.833,
            32.016
        ],
        [
            43.863,
            19.105,
            22.472,
            31.78,
            18.788,
            29.155,
            20.248,
            15.232,
            20.809,
            15.811,
            25.239,
            11.402,
            15.0,
            13.153,
            16.279,
            3.162,
            15.556,
            12.207,
            0.0,
            17.692,
            34.986
        ],
        [
            48.466,
            1.414,
            32.0,
            48.877,
            30.265,
            19.723,
            31.575,
            19.105,
            38.419,
            3.0,
            9.055,
            28.302,
            32.65,
            15.033,
            29.732,
            20.518,
            33.242,
            29.833,
            17.692,
            0.0,
            43.417
        ],
        [
            12.166,
            44.283,
            12.53,
            31.016,
            16.401,
            34.785,
            52.326,
            24.331,
            32.696,
            43.932,
            44.102,
            28.32,
            32.45,
            28.443,
            47.381,
            35.805,
            34.67,
            32.016,
            34.986,
            43.417,
            0.0
        ]
    ],
    "distances_scv": [
        [
            0.0,
            0.15,
            0.15,
            0.15,
            0.15,
            0.15,
            0.15,
            0.15,
            0.15,
            0.15,
            0.15,
            0.15,
            0.15,
            0.15,
            0.15,
            0.15,
            0.15,
            0.15,
            0.15,
            0.15,
            0.15
        ],
        [
            0.15,
            0.0,
            0.15,
            0.15,
            0.15,
            0.15,
            0.15,
            0.15,
            0.15,
            0.15,
            0.15,
            0.15,
            0.15,
            0.15,
            0.15,
            0.15,
            0.15,
            0.15,
            0.15,
            0.15,
            0.15
        ],
        [
            0.15,
            0.15,
            0.0,
            0.15,
            0.15,
            0.15,
            0.15,
            0.15,
            0.15,
            0.15,
            0.15,
            0.15,
            0.15,
            0.15,
            0.15,
            0.15,
            0.15,
            0.15,
            0.15,
            0.15,
            0.15
        ],
        [
            0.15,
            0.15,
            0.15,
            0.0,
            0.15,
            0.15,
            0.15,
            0.15,
            0.15,
            0.15,
            0.15,
            0.15,
            0.15,
            0.15,
            0.15,
            0.15,
            0.15,
            0.15,
            0.15,
            0.15,
            0.15
        ],
        [
            0.15,
            0.15,
            0.15,
            0.15,
            0.0,
            0.15,
            0.15,
            0.15,
            0.15,
            0.15,
            0.15,
            0.15,
            0.15,
            0.15,
            0.15,
            0.15,
            0.15,
            0.15,
            0.15,
            0.15,
            0.15
        ],
        [
            0.15,
            0.15,
            0.15,
            0.15,
            0.15,
            0.0,
            0.15,
            0.15,
            0.15,
            0.15,
            0.15,
            0.15,
            0.15,
            0.15,
            0.15,
            0.15,
            0.15,
            0.15,
            0.15,
            0.15,
            0.15
        ],
        [
            0.15,
            0.15,
            0.15,
            0.15,
            0.15,
            0.15,
            0.0,
            0.15,
            0.15,
            0.15,
            0.15,
            0.15,
            0.15,
            0.15,
            0.15,
            0.15,
            0.15,
            0.15,
            0.15,
            0.15,
            0.15
        ],
        [
            0.15,
            0.15,
            0.15,
            0.15,
            0.15,
            0.15,
            0.15,
            0.0,
            0.15,
            0.15,
            0.15,
            0.15,
            0.15,
            0.15,
            0.15,
            0.15,
            0.15,
            0.15,
            0.15,
            0.15,
            0.15
        ],
        [
            0.15,
            0.15,
            0.15,
            0.15,
            0.15,
            0.15,
            0.15,
            0.15,
            0.0,
            0.15,
            0.15,
            0.15,
            0.15,
            0.15,
            0.15,
            0.15,
            0.15,
            0.15,
            0.15,
            0.15,
            0.15
        ],
        [
            0.15,
            0.15,
            0.15,
            0.15,
            0.15,
            0.15,
            0.15,
            0.15,
            0.15,
            0.0,
            0.15,
            0.15,
            0.15,
            0.15,
            0.15,
            0.15,
            0.15,
            0.15,
            0.15,
            0.15,
            0.15
        ],
        [
            0.15,
            0.15,
            0.15,
            0.15,
            0.15,
            0.15,
            0.15,
            0.15,
            0.15,
            0.15,
            0.0,
            0.15,
            0.15,
            0.15,
            0.15,
            0.15,
            0.15,
            0.15,
            0.15,
            0.15,
            0.15
        ],
        [
            0.15,
            0.15,
            0.15,
            0.15,
            0.15,
            0.15,
            0.15,
            0.15,
            0.15,
            0.15,
            0.15,
            0.0,
            0.15,
            0.15,
            0.15,
            0.15,
            0.15,
            0.15,
            0.15,
            0.15,
            0.15
        ],
        [
            0.15,
            0.15,
            0.15,
            0.15,
            0.15,
            0.15,
            0.15,
            0.15,
            0.15,
            0.15,
            0.15,
            0.15,
            0.0,
            0.15,
            0.15,
            0.15,
            0.15,
            0.15,
            0.15,
            0.15,
            0.15
        ],
        [
            0.15,
            0.15,
            0.15,
            0.15,
            0.15,
            0.15,
            0.15,
            0.15,
            0.15,
            0.15,
            0.15,
            0.15,
            0.15,
            0.0,
            0.15,
            0.15,
            0.15,
            0.15,
            0.15,
            0.15,
            0.15
        ],
        [
            0.15,
            0.15,
            0.15,
            0.15,
            0.15,
            0.15,
            0.15,
            0.15,
            0.15,
            0.15,
            0.15,
            0.15,
            0.15,
            0.15,
            0.0,
            0.15,
            0.15,
            0.15,
            0.15,
            0.15,
            0.15
        ],
        [
            0.15,
            0.15,
            0.15,
            0.15,
            0.15,
            0.15,
            0.15,
            0.15,
            0.15,
            0.15,
            0.15,
            0.15,
            0.15,
            0.15,
            0.15,
            0.0,
            0.15,
            0.15,
            0.15,
            0.15,
            0.15
        ],
        [
            0.15,
            0.15,
            0.15,
            0.15,
            0.15,
            0.15,
            0.15,
            0.15,
            0.15,
            0.15,
            0.15,
            0.15,
            0.15,
            0.15,
            0.15,
            0.15,
            0.0,
            0.15,
            0.15,
            0.15,
            0.15
        ],
        [
            0.15,
            0.15,
            0.15,
            0.15,
            0.15,
            0.15,
            0.15,
            0.15,
            0.15,
            0.15,
            0.15,
            0.15,
            0.15,
            0.15,
            0.15,
            0.15,
            0.15,
            0.0,
            0.15,
            0.15,
            0.15
        ],
        [
            0.15,
            0.15,
            0.15,
            0.15,
            0.15,
            0.15,
            0.15,
            0.15,
            0.15,
            0.15,
            0.15,
            0.15,
            0.15,
            0.15,
            0.15,
            0.15,
            0.15,
            0.15,
            0.0,
            0.15,
            0.15
        ],
        [
            0.15,
            0.15,
            0.15,
            0.15,
            0.15,
            0.15,
            0.15,
            0.15,
            0.15,
            0.15,
            0.15,
            0.15,
            0.15,
            0.15,
            0.15,
            0.15,
            0.15,
            0.15,
            0.15,
            0.0,
            0.15
        ],
        [
            0.15,
            0.15,
            0.15,
            0.15,
            0.15,
            0.15,
            0.15,
            0.15,
            0.15,
            0.15,
            0.15,
            0.15,
            0.15,
            0.15,
            0.15,
            0.15,
            0.15,
            0.15,
            0.15,
            0.15,
            0.0
        ]
    ],
    "service_scv": [
        0.0,
        1.06,
        1.071,
        1.292,
        1.111,
        0.782,
        1.205,
        0.926,
        0.939,
        0.627,
        1.188,
        0.938,
        0.715,
        1.277,
        0.692,
        0.643,
        1.206,
        1.452,
        1.434,
        1.442,
        0.765
    ],
    "service": [
        0,
        49,
        43,
        58,
        50,
        31,
        54,
        50,
        45,
        34,
        31,
        41,
        39,
        40,
        36,
        46,
        50,
        37,
        40,
        41,
        60
    ]
}
