{
    "coords": [
        [
            0,
            0
        ],
        [
            11,
            44
        ],
        [
            41,
            38
        ],
        [
            38,
            1
        ],
        [
            7,
            2
        ],
        [
            41,
            16
        ],
        [
            17,
            43
        ],
        [
            13,
            47
        ],
        [
            15,
            26
        ],
        [
            41,
            39
        ],
        [
            23,
            16
        ],
        [
            45,
            40
        ],
        [
            34,
            40
        ],
        [
            8,
            3
        ],
        [
            11,
            48
        ],
        [
            34,
            17
        ],
        [
            26,
            8
        ],
        [
            42,
            25
        ],
        [
            47,
            31
        ],
        [
            47,
            0
        ],
        [
            49,
            7
        ]
    ],
    "dimension": 21,
    "distances": [
        [
            0.0,
            45.354,
            55.902,
            38.013,
            7.28,
            44.011,
            46.239,
            48.765,
            30.017,
            56.586,
            28.018,
            60.208,
            52.498,
            8.544,
            49.244,
            38.013,
            27.203,
            48.877,
            56.303,
            47.0,
            49.497
        ],
        [
            45.354,
            0.0,
            30.594,
            50.774,
            42.19,
            41.037,
            6.083,
            3.606,
            18.439,
            30.414,
            30.463,
            34.234,
            23.345,
            41.11,
            4.0,
            35.468,
            39.0,
            36.359,
            38.275,
            56.851,
            53.038
        ],
        [
            55.902,
            30.594,
            0.0,
            37.121,
            49.518,
            22.0,
            24.515,
            29.411,
            28.636,
            1.0,
            28.425,
            4.472,
            7.28,
            48.104,
            31.623,
            22.136,
            33.541,
            13.038,
            9.22,
            38.471,
            32.016
        ],
        [
            38.013,
            50.774,
            37.121,
            0.0,
            31.016,
            15.297,
            46.957,
            52.355,
            33.971,
            38.118,
            21.213,
            39.623,
            39.205,
            30.067,
            54.203,
            16.492,
            13.892,
            24.331,
            31.321,
            9.055,
            12.53
        ],
        [
            7.28,
            42.19,
            49.518,
            31.016,
            0.0,
            36.77,
            42.202,
            45.398,
            25.298,
            50.249,
            21.26,
            53.74,
            46.615,
            1.414,
            46.174,
            30.887,
            19.925,
            41.881,
            49.406,
            40.05,
            42.297
        ],
        [
            44.011,
            41.037,
            22.0,
            15.297,
            36.77,
            0.0,
            36.125,
            41.773,
            27.857,
            23.0,
            18.0,
            24.331,
            25.0,
            35.468,
            43.863,
            7.071,
            17.0,
            9.055,
            16.155,
            17.088,
            12.042
        ],
        [
            46.239,
            6.083,
            24.515,
            46.957,
            42.202,
            36.125,
            0.0,
            5.657,
            17.117,
            24.331,
            27.659,
            28.16,
            17.263,
            41.0,
            7.81,
            31.064,
            36.139,
            30.806,
            32.311,
            52.431,
            48.166
        ],
        [
            48.765,
            3.606,
            29.411,
            52.355,
            45.398,
            41.773,
            5.657,
            0.0,
            21.095,
            29.12,
            32.573,
            32.757,
            22.136,
            44.283,
            2.236,
            36.62,
            41.11,
            36.401,
            37.577,
            58.009,
            53.814
        ],
        [
            30.017,
            18.439,
            28.636,
            33.971,
            25.298,
            27.857,
            17.117,
            21.095,
            0.0,
            29.069,
            12.806,
            33.106,
            23.601,
            24.042,
            22.361,
            21.024,
            21.095,
            27.019,
            32.388,
            41.231,
            38.949
        ],
        [
            56.586,
            30.414,
            1.0,
            38.118,
            50.249,
            23.0,
            24.331,
            29.12,
            29.069,
            0.0,
            29.206,
            4.123,
            7.071,
            48.836,
            31.321,
            23.087,
            34.438,
            14.036,
            10.0,
            39.459,
            32.985
        ],
        [
            28.018,
            30.463,
            28.425,
            21.213,
            21.26,
            18.0,
            27.659,
            32.573,
            12.806,
            29.206,
            0.0,
            32.558,
            26.401,
            19.849,
            34.176,
            11.045,
            8.544,
            21.024,
            28.302,
            28.844,
            27.514
        ],
        [
            60.208,
            34.234,
            4.472,
            39.623,
            53.74,
            24.331,
            28.16,
            32.757,
            33.106,
            4.123,
            32.558,
            0.0,
            11.0,
            52.326,
            34.928,
            25.495,
            37.216,
            15.297,
            9.22,
            40.05,
            33.242
        ],
        [
            52.498,
            23.345,
            7.28,
            39.205,
            46.615,
            25.0,
            17.263,
            22.136,
            23.601,
            7.071,
            26.401,
            11.0,
            0.0,
            45.222,
            24.352,
            23.0,
            32.985,
            17.0,
            15.811,
            42.059,
            36.249
        ],
        [
            8.544,
            41.11,
            48.104,
            30.067,
            1.414,
            35.468,
            41.0,
            44.283,
            24.042,
            48.836,
            19.849,
            52.326,
            45.222,
            0.0,
            45.1,
            29.53,
            18.682,
            40.497,
            48.01,
            39.115,
            41.195
        ],
        [
            49.244,
            4.0,
            31.623,
            54.203,
            46.174,
            43.863,
            7.81,
            2.236,
            22.361,
            31.321,
            34.176,
            34.928,
            24.352,
            45.1,
            0.0,
            38.601,
            42.72,
            38.601,
            39.812,
            60.0,
            55.902
        ],
        [
            38.013,
            35.468,
            22.136,
            16.492,
            30.887,
            7.071,
            31.064,
            36.62,
            21.024,
            23.087,
            11.045,
            25.495,
            23.0,
            29.53,
            38.601,
            0.0,
            12.042,
            11.314,
            19.105,
            21.401,
            18.028
        ],
        [
            27.203,
            39.0,
            33.541,
            13.892,
            19.925,
            17.0,
            36.139,
            41.11,
            21.095,
            34.438,
            8.544,
            37.216,
            32.985,
            18.682,
            42.72,
            12.042,
            0.0,
            23.345,
            31.145,
            22.472,
            23.022
        ],
        [
            48.877,
            36.359,
            13.038,
            24.331,
            41.881,
            9.055,
            30.806,
            36.401,
            27.019,
            14.036,
            21.024,
            15.297,
            17.0,
            40.497,
            38.601,
            11.314,
            23.345,
            0.0,
            7.81,
            25.495,
            19.313
        ],
        [
            56.303,
            38.275,
            9.22,
            31.321,
            49.406,
            16.155,
            32.311,
            37.577,
            32.388,
            10.0,
            28.302,
            9.22,
            15.811,
            48.01,
            39.812,
            19.105,
            31.145,
            7.81,
            0.0,
            31.0,
            24.083
        ],
        [
            47.0,
            56.851,
            38.471,
            9.055,
            40.05,
            17.088,
            52.431,
            58.009,
            41.231,
            39.459,
            28.844,
            40.05,
            42.059,
            39.115,
            60.0,
            21.401,
            22.472,
            25.495,
            31.0,
            0.0,
            7.28
        ],
        [
            49.497,
            53.038,
            32.016,
            12.53,
            42.297,
            12.042,
            48.166,
            53.814,
            38.949,
            32.985,
            27.514,
            33.242,
            36.249,
            41.195,
            55.902,
            18.028,
            23.022,
            19.313,
            24.083,
            7.28,
            0.0
        ]
    ],
    "distances_scv": [
        [
            0.0,
            0.189,
            0.341,
            0.134,
            0.394,
            0.291,
            0.218,
            0.488,
            0.494,
            0.46,
            0.484,
            0.134,
            0.235,
            0.158,
            0.29,
            0.474,
            0.31,
            0.478,
            0.369,
            0.153,
            0.486
        ],
        [
            0.361,
            0.0,
            0.177,
            0.446,
            0.444,
            0.426,
            0.127,
            0.375,
            0.485,
            0.342,
            0.313,
            0.498,
            0.475,
            0.446,
            0.493,
            0.267,
            0.222,
            0.178,
            0.311,
            0.487,
            0.368
        ],
        [
            0.428,
            0.382,
            0.0,
            0.18,
            0.161,
            0.407,
            0.252,
            0.453,
            0.12,
            0.191,
            0.402,
            0.476,
            0.36,
            0.375,
            0.324,
            0.259,
            0.431,
            0.163,
            0.463,
            0.141,
            0.142
        ],
        [
            0.114,
            0.34,
            0.305,
            0.0,
            0.335,
            0.404,
            0.33,
            0.405,
            0.254,
            0.457,
            0.334,
            0.165,
            0.283,
            0.382,
            0.412,
            0.147,
            0.402,
            0.355,
            0.353,
            0.455,
            0.219
        ],
        [
            0.228,
            0.382,
            0.429,
            0.306,
            0.0,
            0.198,
            0.233,
            0.293,
            0.405,
            0.223,
            0.447,
            0.283,
            0.386,
            0.445,
            0.172,
            0.145,
            0.459,
            0.127,
            0.319,
            0.231,
            0.114
        ],
        [
            0.333,
            0.122,
            0.5,
            0.392,
            0.415,
            0.0,
            0.257,
            0.387,
            0.426,
            0.495,
            0.196,
            0.442,
            0.478,
            0.223,
            0.313,
            0.123,
            0.46,
            0.358,
            0.172,
            0.137,
            0.19
        ],
        [
            0.296,
            0.24,
            0.245,
            0.324,
            0.438,
            0.218,
            0.0,
            0.128,
            0.415,
            0.234,
            0.387,
            0.184,
            0.263,
            0.497,
            0.444,
            0.38,
            0.316,
            0.427,
            0.331,
            0.492,
            0.447
        ],
        [
            0.499,
            0.481,
            0.343,
            0.3,
            0.249,
            0.156,
            0.453,
            0.0,
            0.392,
            0.247,
            0.159,
            0.311,
            0.47,
            0.405,
            0.431,
            0.385,
            0.226,
            0.238,
            0.145,
            0.106,
            0.205
        ],
        [
            0.256,
            0.131,
            0.417,
            0.114,
            0.292,
            0.333,
            0.387,
            0.36,
            0.0,
            0.155,
            0.408,
            0.386,
            0.452,
            0.459,
            0.452,
            0.452,
            0.104,
            0.342,
            0.469,
            0.267,
            0.488
        ],
        [
            0.475,
            0.327,
            0.274,
            0.482,
            0.237,
            0.276,
            0.327,
            0.101,
            0.438,
            0.0,
            0.302,
            0.381,
            0.2,
            0.287,
            0.422,
            0.34,
            0.282,
            0.191,
            0.487,
            0.421,
            0.176
        ],
        [
            0.402,
            0.239,
            0.353,
            0.147,
            0.477,
            0.214,
            0.248,
            0.468,
            0.322,
            0.136,
            0.0,
            0.468,
            0.488,
            0.415,
            0.27,
            0.47,
            0.411,
            0.27,
            0.182,
            0.488,
            0.388
        ],
        [
            0.141,
            0.113,
            0.221,
            0.491,
            0.232,
            0.304,
            0.475,
            0.438,
            0.471,
            0.301,
            0.252,
            0.0,
            0.204,
            0.245,
            0.319,
            0.117,
            0.437,
            0.398,
            0.325,
            0.131,
            0.113
        ],
        [
            0.354,
            0.249,
            0.155,
            0.146,
            0.119,
            0.471,
            0.134,
            0.18,
            0.262,
            0.339,
            0.34,
            0.404,
            0.0,
            0.334,
            0.404,
            0.271,
            0.468,
            0.128,
            0.317,
            0.35,
            0.25
        ],
        [
            0.281,
            0.15,
            0.451,
            0.154,
            0.321,
            0.358,
            0.43,
            0.362,
            0.131,
            0.412,
            0.335,
            0.385,
            0.396,
            0.0,
            0.47,
            0.17,
            0.481,
            0.479,
            0.157,
            0.432,
            0.433
        ],
        [
            0.325,
            0.368,
            0.466,
            0.147,
            0.158,
            0.432,
            0.313,
            0.245,
            0.457,
            0.267,
            0.486,
            0.133,
            0.419,
            0.192,
            0.0,
            0.403,
            0.423,
            0.214,
            0.322,
            0.114,
            0.481
        ],
        [
            0.179,
            0.445,
            0.423,
            0.268,
            0.403,
            0.272,
            0.44,
            0.298,
            0.225,
            0.255,
            0.343,
            0.463,
            0.445,
            0.142,
            0.236,
            0.0,
            0.345,
            0.401,
            0.413,
            0.492,
            0.378
        ],
        [
            0.187,
            0.481,
            0.293,
            0.409,
            0.431,
            0.115,
            0.107,
            0.415,
            0.478,
            0.46,
            0.325,
            0.133,
            0.365,
            0.401,
            0.344,
            0.349,
            0.0,
            0.101,
            0.225,
            0.422,
            0.185
        ],
        [
            0.169,
            0.403,
            0.383,
            0.121,
            0.396,
            0.493,
            0.467,
            0.233,
            0.231,
            0.446,
            0.453,
            0.32,
            0.448,
            0.116,
            0.338,
            0.208,
            0.122,
            0.0,
            0.479,
            0.28,
            0.472
        ],
        [
            0.167,
            0.259,
            0.129,
            0.2,
            0.216,
            0.128,
            0.112,
            0.44,
            0.436,
            0.493,
            0.294,
            0.165,
            0.111,
            0.188,
            0.354,
            0.48,
            0.169,
            0.36,
            0.0,
            0.302,
            0.209
        ],
        [
            0.246,
            0.472,
            0.43,
            0.185,
            0.302,
            0.363,
            0.159,
            0.183,
            0.414,
            0.246,
            0.319,
            0.309,
            0.46,
            0.15,
            0.373,
            0.266,
            0.275,
            0.453,
            0.389,
            0.0,
            0.204
        ],
        [
            0.404,
            0.118,
            0.194,
            0.393,
            0.425,
            0.132,
            0.497,
            0.16,
            0.478,
            0.472,
            0.221,
            0.156,
            0.225,
            0.205,
            0.478,
            0.375,
            0.459,
            0.367,
            0.241,
            0.461,
            0.0
        ]
    ],
    "service_scv": [
        0.0,
        0.631,
        1.404,
        0.674,
        0.516,
        0.811,
        0.544,
        1.22,
        1.372,
        1.11,
        1.174,
        0.885,
        0.911,
        0.589,
        1.22,
        1.42,
        1.14,
        0.804,
        1.1,
        1.14,
        0.762
    ],
    "service": [
        0,
        26,
        13,
        6,
        17,
        4,
        8,
        27,
        4,
        4,
        11,
        20,
        18,
        2,
        30,
        9,
        9,
        9,
        23,
        16,
        19
    ]
}
