{
    "coords": [
        [
            0,
            0
        ],
        [
            8,
            11
        ],
        [
            9,
            40
        ],
        [
            43,
            29
        ],
        [
            1,
            4
        ],
        [
            16,
            21
        ],
        [
            31,
            23
        ],
        [
            13,
            7
        ],
        [
            34,
            36
        ],
        [
            1,
            5
        ],
        [
            22,
            19
        ],
        [
            44,
            25
        ],
        [
            21,
            21
        ],
        [
            33,
            29
        ],
        [
            8,
            36
        ],
        [
            37,
            47
        ],
        [
            39,
            14
        ],
        [
            15,
            32
        ],
        [
            32,
            34
        ],
        [
            43,
            14
        ],
        [
            46,
            0
        ]
    ],
    "dimension": 21,
    "distances": [
        [
            0.0,
            13.601,
            41.0,
            51.865,
            4.123,
            26.401,
            38.601,
            14.765,
            49.518,
            5.099,
            29.069,
            50.606,
            29.698,
            43.932,
            36.878,
            59.816,
            41.437,
            35.341,
            46.69,
            45.222,
            46.0
        ],
        [
            13.601,
            0.0,
            29.017,
            39.357,
            9.899,
            12.806,
            25.942,
            6.403,
            36.069,
            9.22,
            16.125,
            38.626,
            16.401,
            30.806,
            25.0,
            46.228,
            31.145,
            22.136,
            33.242,
            35.128,
            39.56
        ],
        [
            41.0,
            29.017,
            0.0,
            35.735,
            36.878,
            20.248,
            27.803,
            33.242,
            25.318,
            35.903,
            24.698,
            38.079,
            22.472,
            26.401,
            4.123,
            28.862,
            39.699,
            10.0,
            23.77,
            42.802,
            54.489
        ],
        [
            51.865,
            39.357,
            35.735,
            0.0,
            48.877,
            28.16,
            13.416,
            37.202,
            11.402,
            48.374,
            23.259,
            4.123,
            23.409,
            10.0,
            35.693,
            18.974,
            15.524,
            28.16,
            12.083,
            15.0,
            29.155
        ],
        [
            4.123,
            9.899,
            36.878,
            48.877,
            0.0,
            22.672,
            35.511,
            12.369,
            45.967,
            1.0,
            25.807,
            47.854,
            26.249,
            40.608,
            32.757,
            56.08,
            39.294,
            31.305,
            43.139,
            43.174,
            45.177
        ],
        [
            26.401,
            12.806,
            20.248,
            28.16,
            22.672,
            0.0,
            15.133,
            14.318,
            23.431,
            21.932,
            6.325,
            28.284,
            5.0,
            18.788,
            17.0,
            33.422,
            24.042,
            11.045,
            20.616,
            27.893,
            36.62
        ],
        [
            38.601,
            25.942,
            27.803,
            13.416,
            35.511,
            15.133,
            0.0,
            24.083,
            13.342,
            34.986,
            9.849,
            13.153,
            10.198,
            6.325,
            26.42,
            24.739,
            12.042,
            18.358,
            11.045,
            15.0,
            27.459
        ],
        [
            14.765,
            6.403,
            33.242,
            37.202,
            12.369,
            14.318,
            24.083,
            0.0,
            35.805,
            12.166,
            15.0,
            35.847,
            16.125,
            29.732,
            29.428,
            46.648,
            26.926,
            25.08,
            33.015,
            30.806,
            33.734
        ],
        [
            49.518,
            36.069,
            25.318,
            11.402,
            45.967,
            23.431,
            13.342,
            35.805,
            0.0,
            45.277,
            20.809,
            14.866,
            19.849,
            7.071,
            26.0,
            11.402,
            22.561,
            19.416,
            2.828,
            23.77,
            37.947
        ],
        [
            5.099,
            9.22,
            35.903,
            48.374,
            1.0,
            21.932,
            34.986,
            12.166,
            45.277,
            0.0,
            25.239,
            47.424,
            25.612,
            40.0,
            31.78,
            55.317,
            39.051,
            30.414,
            42.45,
            42.953,
            45.277
        ],
        [
            29.069,
            16.125,
            24.698,
            23.259,
            25.807,
            6.325,
            9.849,
            15.0,
            20.809,
            25.239,
            0.0,
            22.804,
            2.236,
            14.866,
            22.023,
            31.765,
            17.72,
            14.765,
            18.028,
            21.587,
            30.61
        ],
        [
            50.606,
            38.626,
            38.079,
            4.123,
            47.854,
            28.284,
            13.153,
            35.847,
            14.866,
            47.424,
            22.804,
            0.0,
            23.345,
            11.705,
            37.643,
            23.087,
            12.083,
            29.833,
            15.0,
            11.045,
            25.08
        ],
        [
            29.698,
            16.401,
            22.472,
            23.409,
            26.249,
            5.0,
            10.198,
            16.125,
            19.849,
            25.612,
            2.236,
            23.345,
            0.0,
            14.422,
            19.849,
            30.529,
            19.313,
            12.53,
            17.029,
            23.087,
            32.65
        ],
        [
            43.932,
            30.806,
            26.401,
            10.0,
            40.608,
            18.788,
            6.325,
            29.732,
            7.071,
            40.0,
            14.866,
            11.705,
            14.422,
            0.0,
            25.962,
            18.439,
            16.155,
            18.248,
            5.099,
            18.028,
            31.78
        ],
        [
            36.878,
            25.0,
            4.123,
            35.693,
            32.757,
            17.0,
            26.42,
            29.428,
            26.0,
            31.78,
            22.023,
            37.643,
            19.849,
            25.962,
            0.0,
            31.016,
            38.013,
            8.062,
            24.083,
            41.34,
            52.345
        ],
        [
            59.816,
            46.228,
            28.862,
            18.974,
            56.08,
            33.422,
            24.739,
            46.648,
            11.402,
            55.317,
            31.765,
            23.087,
            30.529,
            18.439,
            31.016,
            0.0,
            33.061,
            26.627,
            13.928,
            33.541,
            47.854
        ],
        [
            41.437,
            31.145,
            39.699,
            15.524,
            39.294,
            24.042,
            12.042,
            26.926,
            22.561,
            39.051,
            17.72,
            12.083,
            19.313,
            16.155,
            38.013,
            33.061,
            0.0,
            30.0,
            21.19,
            4.0,
            15.652
        ],
        [
            35.341,
            22.136,
            10.0,
            28.16,
            31.305,
            11.045,
            18.358,
            25.08,
            19.416,
            30.414,
            14.765,
            29.833,
            12.53,
            18.248,
            8.062,
            26.627,
            30.0,
            0.0,
            17.117,
            33.287,
            44.553
        ],
        [
            46.69,
            33.242,
            23.77,
            12.083,
            43.139,
            20.616,
            11.045,
            33.015,
            2.828,
            42.45,
            18.028,
            15.0,
            17.029,
            5.099,
            24.083,
            13.928,
            21.19,
            17.117,
            0.0,
            22.825,
            36.77
        ],
        [
            45.222,
            35.128,
            42.802,
            15.0,
            43.174,
            27.893,
            15.0,
            30.806,
            23.77,
            42.953,
            21.587,
            11.045,
            23.087,
            18.028,
            41.34,
            33.541,
            4.0,
            33.287,
            22.825,
            0.0,
            14.318
        ],
        [
            46.0,
            39.56,
            54.489,
            29.155,
            45.177,
            36.62,
            27.459,
            33.734,
            37.947,
            45.277,
            30.61,
            25.08,
            32.65,
            31.78,
            52.345,
            47.854,
            15.652,
            44.553,
            36.77,
            14.318,
            0.0
        ]
    ],
    "distances_scv": [
        [
            0.0,
            0.219,
            0.226,
            0.457,
            0.334,
            0.289,
            0.409,
            0.112,
            0.383,
            0.25,
            0.136,
            0.364,
            0.473,
            0.183,
            0.352,
            0.219,
            0.397,
            0.389,
            0.187,
            0.432,
            0.363
        ],
        [
            0.373,
            0.0,
            0.271,
            0.403,
            0.451,
            0.141,
            0.44,
            0.258,
            0.292,
            0.159,
            0.379,
            0.217,
            0.448,
            0.21,
            0.325,
            0.26,
            0.345,
            0.179,
            0.172,
            0.399,
            0.401
        ],
        [
            0.327,
            0.468,
            0.0,
            0.44,
            0.168,
            0.486,
            0.349,
            0.343,
            0.488,
            0.415,
            0.416,
            0.122,
            0.248,
            0.134,
            0.177,
            0.186,
            0.443,
            0.151,
            0.219,
            0.297,
            0.44
        ],
        [
            0.486,
            0.383,
            0.185,
            0.0,
            0.382,
            0.121,
            0.372,
            0.247,
            0.336,
            0.368,
            0.368,
            0.309,
            0.322,
            0.179,
            0.298,
            0.15,
            0.292,
            0.314,
            0.41,
            0.257,
            0.108
        ],
        [
            0.311,
            0.182,
            0.397,
            0.255,
            0.0,
            0.464,
            0.257,
            0.24,
            0.239,
            0.292,
            0.137,
            0.319,
            0.469,
            0.325,
            0.398,
            0.479,
            0.437,
            0.398,
            0.425,
            0.428,
            0.202
        ],
        [
            0.293,
            0.237,
            0.205,
            0.329,
            0.227,
            0.0,
            0.333,
            0.142,
            0.277,
            0.256,
            0.383,
            0.135,
            0.168,
            0.305,
            0.262,
            0.366,
            0.233,
            0.179,
            0.473,
            0.198,
            0.159
        ],
        [
            0.212,
            0.236,
            0.19,
            0.315,
            0.475,
            0.15,
            0.0,
            0.367,
            0.454,
            0.5,
            0.157,
            0.315,
            0.452,
            0.121,
            0.335,
            0.17,
            0.407,
            0.475,
            0.315,
            0.104,
            0.126
        ],
        [
            0.266,
            0.439,
            0.195,
            0.368,
            0.262,
            0.206,
            0.382,
            0.0,
            0.249,
            0.406,
            0.298,
            0.414,
            0.307,
            0.164,
            0.277,
            0.449,
            0.326,
            0.486,
            0.1,
            0.236,
            0.408
        ],
        [
            0.374,
            0.324,
            0.365,
            0.451,
            0.373,
            0.319,
            0.325,
            0.367,
            0.0,
            0.368,
            0.346,
            0.414,
            0.292,
            0.111,
            0.315,
            0.443,
            0.356,
            0.357,
            0.256,
            0.243,
            0.388
        ],
        [
            0.131,
            0.447,
            0.451,
            0.485,
            0.154,
            0.146,
            0.458,
            0.26,
            0.208,
            0.0,
            0.364,
            0.165,
            0.295,
            0.364,
            0.388,
            0.105,
            0.424,
            0.274,
            0.274,
            0.325,
            0.212
        ],
        [
            0.455,
            0.185,
            0.317,
            0.167,
            0.346,
            0.461,
            0.453,
            0.154,
            0.35,
            0.457,
            0.0,
            0.266,
            0.385,
            0.395,
            0.28,
            0.355,
            0.368,
            0.241,
            0.361,
            0.331,
            0.379
        ],
        [
            0.305,
            0.235,
            0.274,
            0.469,
            0.175,
            0.159,
            0.105,
            0.441,
            0.495,
            0.195,
            0.206,
            0.0,
            0.34,
            0.294,
            0.428,
            0.184,
            0.451,
            0.286,
            0.423,
            0.421,
            0.464
        ],
        [
            0.3,
            0.344,
            0.324,
            0.176,
            0.301,
            0.471,
            0.464,
            0.109,
            0.365,
            0.231,
            0.154,
            0.156,
            0.0,
            0.484,
            0.308,
            0.253,
            0.304,
            0.432,
            0.399,
            0.126,
            0.185
        ],
        [
            0.447,
            0.297,
            0.363,
            0.411,
            0.355,
            0.394,
            0.318,
            0.192,
            0.175,
            0.497,
            0.104,
            0.376,
            0.452,
            0.0,
            0.119,
            0.26,
            0.232,
            0.285,
            0.271,
            0.477,
            0.148
        ],
        [
            0.478,
            0.118,
            0.475,
            0.233,
            0.391,
            0.101,
            0.279,
            0.371,
            0.351,
            0.423,
            0.161,
            0.26,
            0.345,
            0.111,
            0.0,
            0.266,
            0.198,
            0.189,
            0.36,
            0.119,
            0.198
        ],
        [
            0.222,
            0.203,
            0.392,
            0.337,
            0.462,
            0.38,
            0.218,
            0.23,
            0.149,
            0.197,
            0.342,
            0.392,
            0.218,
            0.238,
            0.421,
            0.0,
            0.134,
            0.129,
            0.404,
            0.298,
            0.27
        ],
        [
            0.353,
            0.404,
            0.128,
            0.485,
            0.483,
            0.267,
            0.288,
            0.209,
            0.335,
            0.182,
            0.314,
            0.462,
            0.302,
            0.431,
            0.172,
            0.453,
            0.0,
            0.185,
            0.388,
            0.221,
            0.148
        ],
        [
            0.135,
            0.417,
            0.108,
            0.123,
            0.478,
            0.413,
            0.248,
            0.177,
            0.447,
            0.415,
            0.367,
            0.312,
            0.31,
            0.491,
            0.309,
            0.134,
            0.13,
            0.0,
            0.393,
            0.351,
            0.397
        ],
        [
            0.218,
            0.248,
            0.206,
            0.249,
            0.207,
            0.434,
            0.159,
            0.183,
            0.386,
            0.259,
            0.237,
            0.49,
            0.458,
            0.188,
            0.162,
            0.297,
            0.33,
            0.239,
            0.0,
            0.371,
            0.426
        ],
        [
            0.197,
            0.358,
            0.123,
            0.126,
            0.122,
            0.147,
            0.413,
            0.248,
            0.297,
            0.28,
            0.183,
            0.118,
            0.173,
            0.443,
            0.235,
            0.268,
            0.206,
            0.396,
            0.381,
            0.0,
            0.303
        ],
        [
            0.258,
            0.329,
            0.337,
            0.331,
            0.461,
            0.48,
            0.121,
            0.252,
            0.116,
            0.25,
            0.421,
            0.372,
            0.327,
            0.135,
            0.425,
            0.345,
            0.221,
            0.414,
            0.116,
            0.175,
            0.0
        ]
    ],
    "service_scv": [
        0.0,
        0.472,
        0.12,
        0.321,
        0.464,
        0.38,
        0.212,
        0.359,
        0.148,
        0.3,
        0.205,
        0.45,
        0.446,
        0.405,
        0.25,
        0.419,
        0.492,
        0.248,
        0.31,
        0.165,
        0.143
    ],
    "service": [
        0,
        2,
        26,
        4,
        1,
        16,
        3,
        22,
        11,
        18,
        23,
        2,
        25,
        9,
        4,
        22,
        17,
        11,
        4,
        6,
        15
    ]
}
