{
    "coords": [
        [
            0,
            0
        ],
        [
            10,
            15
        ],
        [
            49,
            6
        ],
        [
            29,
            16
        ],
        [
            21,
            46
        ],
        [
            9,
            39
        ],
        [
            37,
            0
        ],
        [
            45,
            9
        ],
        [
            15,
            14
        ],
        [
            49,
            47
        ],
        [
            14,
            20
        ],
        [
            32,
            9
        ],
        [
            19,
            43
        ],
        [
            0,
            45
        ],
        [
            6,
            15
        ],
        [
            15,
            17
        ],
        [
            22,
            37
        ],
        [
            32,
            13
        ],
        [
            27,
            39
        ],
        [
            47,
            22
        ],
        [
            37,
            32
        ]
    ],
    "dimension": 21,
    "distances": [
        [
            0.0,
            18.028,
            49.366,
            33.121,
            50.567,
            40.025,
            37.0,
            45.891,
            20.518,
            67.897,
            24.413,
            33.242,
            47.011,
            45.0,
            16.155,
            22.672,
            43.046,
            34.54,
            47.434,
            51.894,
            48.918
        ],
        [
            18.028,
            0.0,
            40.025,
            19.026,
            32.894,
            24.021,
            30.887,
            35.511,
            5.099,
            50.448,
            6.403,
            22.804,
            29.411,
            31.623,
            4.0,
            5.385,
            25.06,
            22.091,
            29.411,
            37.656,
            31.906
        ],
        [
            49.366,
            40.025,
            0.0,
            22.361,
            48.826,
            51.856,
            13.416,
            5.0,
            34.928,
            41.0,
            37.696,
            17.263,
            47.634,
            62.626,
            43.932,
            35.735,
            41.11,
            18.385,
            39.661,
            16.125,
            28.636
        ],
        [
            33.121,
            19.026,
            22.361,
            0.0,
            31.048,
            30.48,
            17.889,
            17.464,
            14.142,
            36.892,
            15.524,
            7.616,
            28.792,
            41.012,
            23.022,
            14.036,
            22.136,
            4.243,
            23.087,
            18.974,
            17.889
        ],
        [
            50.567,
            32.894,
            48.826,
            31.048,
            0.0,
            13.892,
            48.703,
            44.102,
            32.558,
            28.018,
            26.926,
            38.601,
            3.606,
            21.024,
            34.438,
            29.614,
            9.055,
            34.785,
            9.22,
            35.384,
            21.26
        ],
        [
            40.025,
            24.021,
            51.856,
            30.48,
            13.892,
            0.0,
            48.01,
            46.861,
            25.71,
            40.792,
            19.647,
            37.802,
            10.77,
            10.817,
            24.187,
            22.804,
            13.153,
            34.713,
            18.0,
            41.629,
            28.862
        ],
        [
            37.0,
            30.887,
            13.416,
            17.889,
            48.703,
            48.01,
            0.0,
            12.042,
            26.077,
            48.508,
            30.48,
            10.296,
            46.615,
            58.258,
            34.438,
            27.803,
            39.925,
            13.928,
            40.262,
            24.166,
            32.0
        ],
        [
            45.891,
            35.511,
            5.0,
            17.464,
            44.102,
            46.861,
            12.042,
            0.0,
            30.414,
            38.21,
            32.894,
            13.0,
            42.802,
            57.628,
            39.459,
            31.048,
            36.235,
            13.601,
            34.986,
            13.153,
            24.352
        ],
        [
            20.518,
            5.099,
            34.928,
            14.142,
            32.558,
            25.71,
            26.077,
            30.414,
            0.0,
            47.381,
            6.083,
            17.72,
            29.275,
            34.438,
            9.055,
            3.0,
            24.042,
            17.029,
            27.731,
            32.985,
            28.425
        ],
        [
            67.897,
            50.448,
            41.0,
            36.892,
            28.018,
            40.792,
            48.508,
            38.21,
            47.381,
            0.0,
            44.204,
            41.629,
            30.265,
            49.041,
            53.6,
            45.343,
            28.792,
            38.013,
            23.409,
            25.08,
            19.209
        ],
        [
            24.413,
            6.403,
            37.696,
            15.524,
            26.926,
            19.647,
            30.48,
            32.894,
            6.083,
            44.204,
            0.0,
            21.095,
            23.537,
            28.653,
            9.434,
            3.162,
            18.788,
            19.313,
            23.022,
            33.061,
            25.942
        ],
        [
            33.242,
            22.804,
            17.263,
            7.616,
            38.601,
            37.802,
            10.296,
            13.0,
            17.72,
            41.629,
            21.095,
            0.0,
            36.401,
            48.166,
            26.683,
            18.788,
            29.732,
            4.0,
            30.414,
            19.849,
            23.537
        ],
        [
            47.011,
            29.411,
            47.634,
            28.792,
            3.606,
            10.77,
            46.615,
            42.802,
            29.275,
            30.265,
            23.537,
            36.401,
            0.0,
            19.105,
            30.871,
            26.306,
            6.708,
            32.696,
            8.944,
            35.0,
            21.095
        ],
        [
            45.0,
            31.623,
            62.626,
            41.012,
            21.024,
            10.817,
            58.258,
            57.628,
            34.438,
            49.041,
            28.653,
            48.166,
            19.105,
            0.0,
            30.594,
            31.765,
            23.409,
            45.255,
            27.659,
            52.326,
            39.217
        ],
        [
            16.155,
            4.0,
            43.932,
            23.022,
            34.438,
            24.187,
            34.438,
            39.459,
            9.055,
            53.6,
            9.434,
            26.683,
            30.871,
            30.594,
            0.0,
            9.22,
            27.203,
            26.077,
            31.89,
            41.593,
            35.355
        ],
        [
            22.672,
            5.385,
            35.735,
            14.036,
            29.614,
            22.804,
            27.803,
            31.048,
            3.0,
            45.343,
            3.162,
            18.788,
            26.306,
            31.765,
            9.22,
            0.0,
            21.19,
            17.464,
            25.06,
            32.388,
            26.627
        ],
        [
            43.046,
            25.06,
            41.11,
            22.136,
            9.055,
            13.153,
            39.925,
            36.235,
            24.042,
            28.792,
            18.788,
            29.732,
            6.708,
            23.409,
            27.203,
            21.19,
            0.0,
            26.0,
            5.385,
            29.155,
            15.811
        ],
        [
            34.54,
            22.091,
            18.385,
            4.243,
            34.785,
            34.713,
            13.928,
            13.601,
            17.029,
            38.013,
            19.313,
            4.0,
            32.696,
            45.255,
            26.077,
            17.464,
            26.0,
            0.0,
            26.476,
            17.493,
            19.647
        ],
        [
            47.434,
            29.411,
            39.661,
            23.087,
            9.22,
            18.0,
            40.262,
            34.986,
            27.731,
            23.409,
            23.022,
            30.414,
            8.944,
            27.659,
            31.89,
            25.06,
            5.385,
            26.476,
            0.0,
            26.249,
            12.207
        ],
        [
            51.894,
            37.656,
            16.125,
            18.974,
            35.384,
            41.629,
            24.166,
            13.153,
            32.985,
            25.08,
            33.061,
            19.849,
            35.0,
            52.326,
            41.593,
            32.388,
            29.155,
            17.493,
            26.249,
            0.0,
            14.142
        ],
        [
            48.918,
            31.906,
            28.636,
            17.889,
            21.26,
            28.862,
            32.0,
            24.352,
            28.425,
            19.209,
            25.942,
            23.537,
            21.095,
            39.217,
            35.355,
            26.627,
            15.811,
            19.647,
            12.207,
            14.142,
            0.0
        ]
    ],
    "distances_scv": [
        [
            0.0,
            0.112,
            0.238,
            0.408,
            0.34,
            0.145,
            0.456,
            0.488,
            0.106,
            0.274,
            0.24,
            0.46,
            0.117,
            0.442,
            0.189,
            0.136,
            0.286,
            0.218,
            0.324,
            0.102,
            0.498
        ],
        [
            0.261,
            0.0,
            0.225,
            0.417,
            0.436,
            0.48,
            0.349,
            0.171,
            0.156,
            0.122,
            0.358,
            0.468,
            0.108,
            0.278,
            0.462,
            0.414,
            0.138,
            0.317,
            0.496,
            0.257,
            0.374
        ],
        [
            0.217,
            0.282,
            0.0,
            0.344,
            0.395,
            0.265,
            0.154,
            0.349,
            0.404,
            0.322,
            0.342,
            0.389,
            0.191,
            0.365,
            0.307,
            0.328,
            0.307,
            0.378,
            0.19,
            0.473,
            0.302
        ],
        [
            0.395,
            0.442,
            0.113,
            0.0,
            0.103,
            0.361,
            0.209,
            0.368,
            0.492,
            0.177,
            0.499,
            0.412,
            0.253,
            0.442,
            0.184,
            0.303,
            0.284,
            0.195,
            0.489,
            0.387,
            0.456
        ],
        [
            0.279,
            0.396,
            0.323,
            0.421,
            0.0,
            0.216,
            0.194,
            0.179,
            0.353,
            0.119,
            0.32,
            0.188,
            0.282,
            0.368,
            0.427,
            0.112,
            0.339,
            0.33,
            0.243,
            0.421,
            0.338
        ],
        [
            0.456,
            0.103,
            0.456,
            0.245,
            0.38,
            0.0,
            0.379,
            0.112,
            0.186,
            0.26,
            0.278,
            0.119,
            0.27,
            0.38,
            0.485,
            0.438,
            0.493,
            0.488,
            0.446,
            0.196,
            0.32
        ],
        [
            0.408,
            0.319,
            0.433,
            0.176,
            0.325,
            0.137,
            0.0,
            0.382,
            0.483,
            0.132,
            0.106,
            0.34,
            0.414,
            0.402,
            0.498,
            0.209,
            0.251,
            0.116,
            0.257,
            0.152,
            0.486
        ],
        [
            0.316,
            0.32,
            0.307,
            0.389,
            0.297,
            0.386,
            0.492,
            0.0,
            0.343,
            0.322,
            0.258,
            0.439,
            0.399,
            0.494,
            0.114,
            0.288,
            0.15,
            0.17,
            0.27,
            0.343,
            0.337
        ],
        [
            0.384,
            0.206,
            0.128,
            0.113,
            0.253,
            0.364,
            0.288,
            0.458,
            0.0,
            0.495,
            0.216,
            0.118,
            0.295,
            0.183,
            0.341,
            0.419,
            0.324,
            0.347,
            0.24,
            0.485,
            0.452
        ],
        [
            0.345,
            0.159,
            0.474,
            0.151,
            0.375,
            0.277,
            0.162,
            0.448,
            0.332,
            0.0,
            0.491,
            0.361,
            0.407,
            0.446,
            0.114,
            0.243,
            0.303,
            0.485,
            0.12,
            0.497,
            0.406
        ],
        [
            0.27,
            0.333,
            0.386,
            0.476,
            0.433,
            0.321,
            0.431,
            0.364,
            0.425,
            0.414,
            0.0,
            0.245,
            0.361,
            0.104,
            0.14,
            0.227,
            0.301,
            0.413,
            0.143,
            0.238,
            0.477
        ],
        [
            0.243,
            0.445,
            0.36,
            0.364,
            0.17,
            0.12,
            0.162,
            0.498,
            0.355,
            0.449,
            0.236,
            0.0,
            0.372,
            0.145,
            0.349,
            0.278,
            0.344,
            0.476,
            0.3,
            0.315,
            0.398
        ],
        [
            0.393,
            0.147,
            0.211,
            0.144,
            0.395,
            0.194,
            0.423,
            0.466,
            0.277,
            0.461,
            0.441,
            0.41,
            0.0,
            0.293,
            0.422,
            0.487,
            0.11,
            0.171,
            0.412,
            0.326,
            0.473
        ],
        [
            0.429,
            0.368,
            0.445,
            0.148,
            0.116,
            0.221,
            0.188,
            0.397,
            0.336,
            0.389,
            0.406,
            0.187,
            0.432,
            0.0,
            0.218,
            0.353,
            0.241,
            0.482,
            0.25,
            0.281,
            0.343
        ],
        [
            0.403,
            0.331,
            0.182,
            0.267,
            0.156,
            0.121,
            0.173,
            0.371,
            0.497,
            0.462,
            0.333,
            0.473,
            0.247,
            0.342,
            0.0,
            0.294,
            0.401,
            0.232,
            0.136,
            0.43,
            0.265
        ],
        [
            0.28,
            0.49,
            0.133,
            0.443,
            0.425,
            0.428,
            0.444,
            0.263,
            0.36,
            0.3,
            0.484,
            0.106,
            0.235,
            0.3,
            0.303,
            0.0,
            0.373,
            0.438,
            0.114,
            0.424,
            0.115
        ],
        [
            0.109,
            0.395,
            0.158,
            0.148,
            0.23,
            0.294,
            0.455,
            0.104,
            0.252,
            0.358,
            0.333,
            0.118,
            0.407,
            0.227,
            0.343,
            0.315,
            0.0,
            0.247,
            0.456,
            0.437,
            0.236
        ],
        [
            0.222,
            0.265,
            0.399,
            0.335,
            0.488,
            0.488,
            0.276,
            0.492,
            0.431,
            0.33,
            0.221,
            0.363,
            0.392,
            0.369,
            0.473,
            0.221,
            0.186,
            0.0,
            0.207,
            0.162,
            0.413
        ],
        [
            0.435,
            0.328,
            0.335,
            0.285,
            0.318,
            0.183,
            0.423,
            0.193,
            0.269,
            0.371,
            0.485,
            0.37,
            0.125,
            0.112,
            0.434,
            0.153,
            0.246,
            0.35,
            0.0,
            0.267,
            0.225
        ],
        [
            0.25,
            0.307,
            0.348,
            0.327,
            0.429,
            0.421,
            0.375,
            0.213,
            0.447,
            0.488,
            0.165,
            0.219,
            0.399,
            0.348,
            0.382,
            0.297,
            0.288,
            0.332,
            0.268,
            0.0,
            0.432
        ],
        [
            0.16,
            0.441,
            0.181,
            0.245,
            0.171,
            0.25,
            0.413,
            0.291,
            0.169,
            0.394,
            0.302,
            0.248,
            0.133,
            0.156,
            0.188,
            0.13,
            0.264,
            0.378,
            0.228,
            0.167,
            0.0
        ]
    ],
    "service_scv": [
        0.0,
        0.306,
        0.469,
        0.126,
        0.402,
        0.307,
        0.314,
        0.452,
        0.447,
        0.275,
        0.159,
        0.456,
        0.392,
        0.385,
        0.427,
        0.283,
        0.247,
        0.314,
        0.442,
        0.152,
        0.4
    ],
    "service": [
        0,
        20,
        23,
        23,
        20,
        16,
        9,
        23,
        7,
        25,
        26,
        28,
        13,
        28,
        8,
        29,
        22,
        22,
        4,
        20,
        27
    ]
}
