{
    "coords": [
        [
            0,
            0
        ],
        [
            31,
            33
        ],
        [
            13,
            3
        ],
        [
            45,
            35
        ],
        [
            14,
            15
        ],
        [
            40,
            22
        ],
        [
            47,
            49
        ],
        [
            10,
            3
        ],
        [
            0,
            9
        ],
        [
            28,
            5
        ],
        [
            42,
            42
        ],
        [
            35,
            34
        ],
        [
            43,
            12
        ],
        [
            23,
            6
        ],
        [
            34,
            35
        ],
        [
            41,
            9
        ],
        [
            29,
            14
        ],
        [
            15,
            35
        ],
        [
            27,
            3
        ],
        [
            10,
            15
        ],
        [
            12,
            25
        ]
    ],
    "dimension": 21,
    "distances": [
        [
            0.0,
            45.277,
            13.342,
            57.009,
            20.518,
            45.651,
            67.897,
            10.44,
            9.0,
            28.443,
            59.397,
            48.795,
            44.643,
            23.77,
            48.795,
            41.976,
            32.202,
            38.079,
            27.166,
            18.028,
            27.731
        ],
        [
            45.277,
            0.0,
            34.986,
            14.142,
            24.759,
            14.213,
            22.627,
            36.62,
            39.205,
            28.16,
            14.213,
            4.123,
            24.187,
            28.16,
            3.606,
            26.0,
            19.105,
            16.125,
            30.265,
            27.659,
            20.616
        ],
        [
            13.342,
            34.986,
            0.0,
            45.255,
            12.042,
            33.015,
            57.201,
            3.0,
            14.318,
            15.133,
            48.6,
            38.013,
            31.321,
            10.44,
            38.275,
            28.636,
            19.416,
            32.062,
            14.0,
            12.369,
            22.023
        ],
        [
            57.009,
            14.142,
            45.255,
            0.0,
            36.892,
            13.928,
            14.142,
            47.424,
            51.971,
            34.482,
            7.616,
            10.05,
            23.087,
            36.401,
            11.0,
            26.306,
            26.401,
            30.0,
            36.715,
            40.311,
            34.482
        ],
        [
            20.518,
            24.759,
            12.042,
            36.892,
            0.0,
            26.926,
            47.381,
            12.649,
            15.232,
            17.205,
            38.897,
            28.32,
            29.155,
            12.728,
            28.284,
            27.659,
            15.033,
            20.025,
            17.692,
            4.0,
            10.198
        ],
        [
            45.651,
            14.213,
            33.015,
            13.928,
            26.926,
            0.0,
            27.893,
            35.511,
            42.059,
            20.809,
            20.1,
            13.0,
            10.44,
            23.345,
            14.318,
            13.038,
            13.601,
            28.178,
            23.022,
            30.806,
            28.16
        ],
        [
            67.897,
            22.627,
            57.201,
            14.142,
            47.381,
            27.893,
            0.0,
            59.034,
            61.717,
            47.927,
            8.602,
            19.209,
            37.216,
            49.244,
            19.105,
            40.447,
            39.357,
            34.928,
            50.16,
            50.249,
            42.438
        ],
        [
            10.44,
            36.62,
            3.0,
            47.424,
            12.649,
            35.511,
            59.034,
            0.0,
            11.662,
            18.111,
            50.448,
            39.825,
            34.205,
            13.342,
            40.0,
            31.575,
            21.954,
            32.388,
            17.0,
            12.0,
            22.091
        ],
        [
            9.0,
            39.205,
            14.318,
            51.971,
            15.232,
            42.059,
            61.717,
            11.662,
            0.0,
            28.284,
            53.413,
            43.012,
            43.105,
            23.195,
            42.802,
            41.0,
            29.428,
            30.017,
            27.659,
            11.662,
            20.0
        ],
        [
            28.443,
            28.16,
            15.133,
            34.482,
            17.205,
            20.809,
            47.927,
            18.111,
            28.284,
            0.0,
            39.56,
            29.833,
            16.553,
            5.099,
            30.594,
            13.601,
            9.055,
            32.696,
            2.236,
            20.591,
            25.612
        ],
        [
            59.397,
            14.213,
            48.6,
            7.616,
            38.897,
            20.1,
            8.602,
            50.448,
            53.413,
            39.56,
            0.0,
            10.63,
            30.017,
            40.706,
            10.63,
            33.015,
            30.871,
            27.893,
            41.785,
            41.869,
            34.482
        ],
        [
            48.795,
            4.123,
            38.013,
            10.05,
            28.32,
            13.0,
            19.209,
            39.825,
            43.012,
            29.833,
            10.63,
            0.0,
            23.409,
            30.463,
            1.414,
            25.71,
            20.881,
            20.025,
            32.016,
            31.401,
            24.698
        ],
        [
            44.643,
            24.187,
            31.321,
            23.087,
            29.155,
            10.44,
            37.216,
            34.205,
            43.105,
            16.553,
            30.017,
            23.409,
            0.0,
            20.881,
            24.698,
            3.606,
            14.142,
            36.235,
            18.358,
            33.136,
            33.615
        ],
        [
            23.77,
            28.16,
            10.44,
            36.401,
            12.728,
            23.345,
            49.244,
            13.342,
            23.195,
            5.099,
            40.706,
            30.463,
            20.881,
            0.0,
            31.016,
            18.248,
            10.0,
            30.083,
            5.0,
            15.811,
            21.954
        ],
        [
            48.795,
            3.606,
            38.275,
            11.0,
            28.284,
            14.318,
            19.105,
            40.0,
            42.802,
            30.594,
            10.63,
            1.414,
            24.698,
            31.016,
            0.0,
            26.926,
            21.587,
            19.0,
            32.757,
            31.241,
            24.166
        ],
        [
            41.976,
            26.0,
            28.636,
            26.306,
            27.659,
            13.038,
            40.447,
            31.575,
            41.0,
            13.601,
            33.015,
            25.71,
            3.606,
            18.248,
            26.926,
            0.0,
            13.0,
            36.77,
            15.232,
            31.575,
            33.121
        ],
        [
            32.202,
            19.105,
            19.416,
            26.401,
            15.033,
            13.601,
            39.357,
            21.954,
            29.428,
            9.055,
            30.871,
            20.881,
            14.142,
            10.0,
            21.587,
            13.0,
            0.0,
            25.239,
            11.18,
            19.026,
            20.248
        ],
        [
            38.079,
            16.125,
            32.062,
            30.0,
            20.025,
            28.178,
            34.928,
            32.388,
            30.017,
            32.696,
            27.893,
            20.025,
            36.235,
            30.083,
            19.0,
            36.77,
            25.239,
            0.0,
            34.176,
            20.616,
            10.44
        ],
        [
            27.166,
            30.265,
            14.0,
            36.715,
            17.692,
            23.022,
            50.16,
            17.0,
            27.659,
            2.236,
            41.785,
            32.016,
            18.358,
            5.0,
            32.757,
            15.232,
            11.18,
            34.176,
            0.0,
            20.809,
            26.627
        ],
        [
            18.028,
            27.659,
            12.369,
            40.311,
            4.0,
            30.806,
            50.249,
            12.0,
            11.662,
            20.591,
            41.869,
            31.401,
            33.136,
            15.811,
            31.241,
            31.575,
            19.026,
            20.616,
            20.809,
            0.0,
            10.198
        ],
        [
            27.731,
            20.616,
            22.023,
            34.482,
            10.198,
            28.16,
            42.438,
            22.091,
            20.0,
            25.612,
            34.482,
            24.698,
            33.615,
            21.954,
            24.166,
            33.121,
            20.248,
            10.44,
            26.627,
            10.198,
            0.0
        ]
    ],
    "distances_scv": [
        [
            0.0,
            0.14,
            0.199,
            0.177,
            0.101,
            0.133,
            0.102,
            0.184,
            0.111,
            0.136,
            0.179,
            0.138,
            0.103,
            0.126,
            0.133,
            0.157,
            0.177,
            0.155,
            0.102,
            0.185,
            0.141
        ],
        [
            0.176,
            0.0,
            0.104,
            0.136,
            0.181,
            0.197,
            0.155,
            0.179,
            0.174,
            0.103,
            0.126,
            0.112,
            0.172,
            0.111,
            0.136,
            0.121,
            0.189,
            0.18,
            0.16,
            0.122,
            0.163
        ],
        [
            0.149,
            0.154,
            0.0,
            0.161,
            0.128,
            0.105,
            0.133,
            0.118,
            0.123,
            0.123,
            0.125,
            0.144,
            0.128,
            0.181,
            0.157,
            0.128,
            0.161,
            0.111,
            0.198,
            0.179,
            0.159
        ],
        [
            0.162,
            0.102,
            0.136,
            0.0,
            0.168,
            0.163,
            0.191,
            0.189,
            0.196,
            0.126,
            0.127,
            0.167,
            0.17,
            0.168,
            0.164,
            0.125,
            0.181,
            0.112,
            0.146,
            0.138,
            0.161
        ],
        [
            0.115,
            0.169,
            0.104,
            0.19,
            0.0,
            0.188,
            0.18,
            0.186,
            0.189,
            0.121,
            0.11,
            0.121,
            0.135,
            0.123,
            0.115,
            0.118,
            0.117,
            0.116,
            0.162,
            0.188,
            0.178
        ],
        [
            0.109,
            0.113,
            0.147,
            0.116,
            0.134,
            0.0,
            0.144,
            0.145,
            0.171,
            0.178,
            0.117,
            0.19,
            0.125,
            0.199,
            0.112,
            0.186,
            0.153,
            0.19,
            0.124,
            0.159,
            0.112
        ],
        [
            0.113,
            0.187,
            0.191,
            0.144,
            0.191,
            0.153,
            0.0,
            0.157,
            0.174,
            0.146,
            0.16,
            0.125,
            0.134,
            0.125,
            0.115,
            0.176,
            0.127,
            0.153,
            0.19,
            0.139,
            0.182
        ],
        [
            0.117,
            0.163,
            0.176,
            0.139,
            0.115,
            0.104,
            0.112,
            0.0,
            0.13,
            0.131,
            0.104,
            0.151,
            0.144,
            0.179,
            0.164,
            0.17,
            0.13,
            0.169,
            0.136,
            0.165,
            0.102
        ],
        [
            0.123,
            0.119,
            0.153,
            0.124,
            0.173,
            0.163,
            0.136,
            0.129,
            0.0,
            0.176,
            0.133,
            0.139,
            0.103,
            0.15,
            0.196,
            0.143,
            0.181,
            0.138,
            0.165,
            0.107,
            0.131
        ],
        [
            0.13,
            0.176,
            0.157,
            0.138,
            0.13,
            0.108,
            0.137,
            0.126,
            0.132,
            0.0,
            0.101,
            0.197,
            0.161,
            0.139,
            0.18,
            0.188,
            0.119,
            0.144,
            0.173,
            0.161,
            0.11
        ],
        [
            0.188,
            0.137,
            0.165,
            0.137,
            0.183,
            0.136,
            0.178,
            0.154,
            0.179,
            0.119,
            0.0,
            0.145,
            0.126,
            0.175,
            0.137,
            0.116,
            0.192,
            0.16,
            0.145,
            0.17,
            0.11
        ],
        [
            0.104,
            0.186,
            0.102,
            0.199,
            0.124,
            0.131,
            0.135,
            0.179,
            0.144,
            0.199,
            0.14,
            0.0,
            0.14,
            0.141,
            0.126,
            0.153,
            0.181,
            0.136,
            0.168,
            0.113,
            0.192
        ],
        [
            0.106,
            0.103,
            0.106,
            0.108,
            0.113,
            0.124,
            0.187,
            0.193,
            0.127,
            0.111,
            0.172,
            0.136,
            0.0,
            0.129,
            0.119,
            0.19,
            0.155,
            0.178,
            0.191,
            0.141,
            0.191
        ],
        [
            0.179,
            0.111,
            0.185,
            0.153,
            0.157,
            0.106,
            0.111,
            0.135,
            0.117,
            0.167,
            0.161,
            0.116,
            0.165,
            0.0,
            0.13,
            0.147,
            0.109,
            0.116,
            0.163,
            0.143,
            0.125
        ],
        [
            0.158,
            0.168,
            0.196,
            0.149,
            0.106,
            0.15,
            0.174,
            0.123,
            0.139,
            0.187,
            0.163,
            0.16,
            0.185,
            0.141,
            0.0,
            0.168,
            0.117,
            0.165,
            0.108,
            0.157,
            0.179
        ],
        [
            0.173,
            0.126,
            0.144,
            0.16,
            0.128,
            0.155,
            0.163,
            0.142,
            0.121,
            0.187,
            0.15,
            0.121,
            0.111,
            0.137,
            0.174,
            0.0,
            0.175,
            0.154,
            0.12,
            0.1,
            0.115
        ],
        [
            0.133,
            0.179,
            0.196,
            0.193,
            0.171,
            0.165,
            0.192,
            0.102,
            0.143,
            0.152,
            0.158,
            0.135,
            0.181,
            0.132,
            0.195,
            0.177,
            0.0,
            0.181,
            0.12,
            0.127,
            0.186
        ],
        [
            0.148,
            0.104,
            0.104,
            0.154,
            0.166,
            0.143,
            0.112,
            0.15,
            0.184,
            0.187,
            0.183,
            0.121,
            0.12,
            0.108,
            0.131,
            0.166,
            0.129,
            0.0,
            0.189,
            0.112,
            0.123
        ],
        [
            0.107,
            0.193,
            0.195,
            0.167,
            0.194,
            0.19,
            0.161,
            0.196,
            0.135,
            0.148,
            0.118,
            0.139,
            0.173,
            0.113,
            0.114,
            0.165,
            0.152,
            0.186,
            0.0,
            0.188,
            0.148
        ],
        [
            0.176,
            0.121,
            0.112,
            0.118,
            0.124,
            0.15,
            0.162,
            0.197,
            0.114,
            0.154,
            0.162,
            0.123,
            0.136,
            0.168,
            0.172,
            0.197,
            0.13,
            0.12,
            0.19,
            0.0,
            0.181
        ],
        [
            0.145,
            0.117,
            0.129,
            0.178,
            0.199,
            0.172,
            0.193,
            0.119,
            0.19,
            0.12,
            0.156,
            0.141,
            0.11,
            0.104,
            0.109,
            0.153,
            0.114,
            0.132,
            0.165,
            0.142,
            0.0
        ]
    ],
    "service_scv": [
        0.0,
        0.379,
        0.18,
        0.386,
        0.199,
        0.455,
        0.177,
        0.276,
        0.366,
        0.234,
        0.413,
        0.459,
        0.495,
        0.296,
        0.165,
        0.17,
        0.344,
        0.394,
        0.186,
        0.385,
        0.398
    ],
    "service": [
        0.0,
        50.443,
        30.136,
        40.879,
        1.0,
        27.352,
        27.57,
        16.807,
        16.166,
        3.908,
        34.741,
        32.12,
        36.77,
        19.714,
        42.154,
        62.235,
        22.231,
        39.22,
        1.0,
        56.316,
        52.33
    ]
}
