{
    "coords": [
        [
            0,
            0
        ],
        [
            5,
            43
        ],
        [
            5,
            12
        ],
        [
            0,
            32
        ],
        [
            4,
            24
        ],
        [
            12,
            39
        ],
        [
            5,
            44
        ],
        [
            17,
            44
        ],
        [
            24,
            26
        ],
        [
            32,
            48
        ],
        [
            8,
            45
        ],
        [
            36,
            33
        ],
        [
            18,
            38
        ],
        [
            9,
            8
        ],
        [
            46,
            43
        ],
        [
            6,
            49
        ],
        [
            42,
            45
        ],
        [
            31,
            5
        ],
        [
            38,
            19
        ],
        [
            36,
            46
        ],
        [
            46,
            4
        ]
    ],
    "dimension": 21,
    "distances": [
        [
            0.0,
            43.29,
            13.0,
            32.0,
            24.331,
            40.804,
            44.283,
            47.17,
            35.384,
            57.689,
            45.706,
            48.836,
            42.048,
            12.042,
            62.968,
            49.366,
            61.555,
            31.401,
            42.485,
            58.412,
            46.174
        ],
        [
            43.29,
            0.0,
            31.0,
            12.083,
            19.026,
            8.062,
            1.0,
            12.042,
            25.495,
            27.459,
            3.606,
            32.573,
            13.928,
            35.228,
            41.0,
            6.083,
            37.054,
            46.043,
            40.804,
            31.145,
            56.586
        ],
        [
            13.0,
            31.0,
            0.0,
            20.616,
            12.042,
            27.893,
            32.0,
            34.176,
            23.601,
            45.0,
            33.136,
            37.443,
            29.069,
            5.657,
            51.4,
            37.014,
            49.578,
            26.926,
            33.734,
            46.011,
            41.773
        ],
        [
            32.0,
            12.083,
            20.616,
            0.0,
            8.944,
            13.892,
            13.0,
            20.809,
            24.739,
            35.777,
            15.264,
            36.014,
            18.974,
            25.632,
            47.297,
            18.028,
            43.966,
            41.11,
            40.162,
            38.626,
            53.852
        ],
        [
            24.331,
            19.026,
            12.042,
            8.944,
            0.0,
            17.0,
            20.025,
            23.854,
            20.1,
            36.878,
            21.378,
            33.242,
            19.799,
            16.763,
            46.098,
            25.08,
            43.417,
            33.015,
            34.366,
            38.833,
            46.519
        ],
        [
            40.804,
            8.062,
            27.893,
            13.892,
            17.0,
            0.0,
            8.602,
            7.071,
            17.692,
            21.932,
            7.211,
            24.739,
            6.083,
            31.145,
            34.234,
            11.662,
            30.594,
            38.949,
            32.802,
            25.0,
            48.795
        ],
        [
            44.283,
            1.0,
            32.0,
            13.0,
            20.025,
            8.602,
            0.0,
            12.0,
            26.173,
            27.295,
            3.162,
            32.894,
            14.318,
            36.222,
            41.012,
            5.099,
            37.014,
            46.872,
            41.4,
            31.064,
            57.28
        ],
        [
            47.17,
            12.042,
            34.176,
            20.809,
            23.854,
            7.071,
            12.0,
            0.0,
            19.313,
            15.524,
            9.055,
            21.954,
            6.083,
            36.878,
            29.017,
            12.083,
            25.02,
            41.437,
            32.65,
            19.105,
            49.406
        ],
        [
            35.384,
            25.495,
            23.601,
            24.739,
            20.1,
            17.692,
            26.173,
            19.313,
            0.0,
            23.409,
            24.839,
            13.892,
            13.416,
            23.431,
            27.803,
            29.206,
            26.173,
            22.136,
            15.652,
            23.324,
            31.113
        ],
        [
            57.689,
            27.459,
            45.0,
            35.777,
            36.878,
            21.932,
            27.295,
            15.524,
            23.409,
            0.0,
            24.187,
            15.524,
            17.205,
            46.141,
            14.866,
            26.019,
            10.44,
            43.012,
            29.614,
            4.472,
            46.174
        ],
        [
            45.706,
            3.606,
            33.136,
            15.264,
            21.378,
            7.211,
            3.162,
            9.055,
            24.839,
            24.187,
            0.0,
            30.463,
            12.207,
            37.014,
            38.053,
            4.472,
            34.0,
            46.141,
            39.699,
            28.018,
            55.902
        ],
        [
            48.836,
            32.573,
            37.443,
            36.014,
            33.242,
            24.739,
            32.894,
            21.954,
            13.892,
            15.524,
            30.463,
            0.0,
            18.682,
            36.797,
            14.142,
            34.0,
            13.416,
            28.443,
            14.142,
            13.0,
            30.676
        ],
        [
            42.048,
            13.928,
            29.069,
            18.974,
            19.799,
            6.083,
            14.318,
            6.083,
            13.416,
            17.205,
            12.207,
            18.682,
            0.0,
            31.321,
            28.443,
            16.279,
            25.0,
            35.468,
            27.586,
            19.698,
            44.045
        ],
        [
            12.042,
            35.228,
            5.657,
            25.632,
            16.763,
            31.145,
            36.222,
            36.878,
            23.431,
            46.141,
            37.014,
            36.797,
            31.321,
            0.0,
            50.931,
            41.11,
            49.578,
            22.204,
            31.016,
            46.615,
            37.216
        ],
        [
            62.968,
            41.0,
            51.4,
            47.297,
            46.098,
            34.234,
            41.012,
            29.017,
            27.803,
            14.866,
            38.053,
            14.142,
            28.443,
            50.931,
            0.0,
            40.447,
            4.472,
            40.853,
            25.298,
            10.44,
            39.0
        ],
        [
            49.366,
            6.083,
            37.014,
            18.028,
            25.08,
            11.662,
            5.099,
            12.083,
            29.206,
            26.019,
            4.472,
            34.0,
            16.279,
            41.11,
            40.447,
            0.0,
            36.222,
            50.606,
            43.863,
            30.15,
            60.208
        ],
        [
            61.555,
            37.054,
            49.578,
            43.966,
            43.417,
            30.594,
            37.014,
            25.02,
            26.173,
            10.44,
            34.0,
            13.416,
            25.0,
            49.578,
            4.472,
            36.222,
            0.0,
            41.485,
            26.306,
            6.083,
            41.195
        ],
        [
            31.401,
            46.043,
            26.926,
            41.11,
            33.015,
            38.949,
            46.872,
            41.437,
            22.136,
            43.012,
            46.141,
            28.443,
            35.468,
            22.204,
            40.853,
            50.606,
            41.485,
            0.0,
            15.652,
            41.304,
            15.033
        ],
        [
            42.485,
            40.804,
            33.734,
            40.162,
            34.366,
            32.802,
            41.4,
            32.65,
            15.652,
            29.614,
            39.699,
            14.142,
            27.586,
            31.016,
            25.298,
            43.863,
            26.306,
            15.652,
            0.0,
            27.074,
            17.0
        ],
        [
            58.412,
            31.145,
            46.011,
            38.626,
            38.833,
            25.0,
            31.064,
            19.105,
            23.324,
            4.472,
            28.018,
            13.0,
            19.698,
            46.615,
            10.44,
            30.15,
            6.083,
            41.304,
            27.074,
            0.0,
            43.174
        ],
        [
            46.174,
            56.586,
            41.773,
            53.852,
            46.519,
            48.795,
            57.28,
            49.406,
            31.113,
            46.174,
            55.902,
            30.676,
            44.045,
            37.216,
            39.0,
            60.208,
            41.195,
            15.033,
            17.0,
            43.174,
            0.0
        ]
    ],
    "distances_scv": [
        [
            0.0,
            0.167,
            0.163,
            0.129,
            0.172,
            0.101,
            0.186,
            0.158,
            0.102,
            0.165,
            0.14,
            0.16,
            0.147,
            0.129,
            0.139,
            0.154,
            0.116,
            0.149,
            0.194,
            0.102,
            0.16
        ],
        [
            0.194,
            0.0,
            0.133,
            0.156,
            0.117,
            0.104,
            0.18,
            0.153,
            0.192,
            0.134,
            0.165,
            0.117,
            0.155,
            0.12,
            0.133,
            0.137,
            0.129,
            0.199,
            0.145,
            0.103,
            0.167
        ],
        [
            0.131,
            0.157,
            0.0,
            0.112,
            0.122,
            0.152,
            0.194,
            0.193,
            0.184,
            0.124,
            0.198,
            0.157,
            0.164,
            0.115,
            0.143,
            0.127,
            0.197,
            0.12,
            0.136,
            0.141,
            0.147
        ],
        [
            0.133,
            0.154,
            0.192,
            0.0,
            0.173,
            0.169,
            0.12,
            0.154,
            0.199,
            0.118,
            0.129,
            0.169,
            0.147,
            0.17,
            0.153,
            0.101,
            0.111,
            0.139,
            0.184,
            0.148,
            0.13
        ],
        [
            0.176,
            0.133,
            0.155,
            0.17,
            0.0,
            0.155,
            0.196,
            0.197,
            0.193,
            0.162,
            0.103,
            0.135,
            0.193,
            0.184,
            0.104,
            0.148,
            0.11,
            0.19,
            0.101,
            0.176,
            0.122
        ],
        [
            0.123,
            0.165,
            0.164,
            0.193,
            0.196,
            0.0,
            0.12,
            0.195,
            0.177,
            0.113,
            0.159,
            0.102,
            0.1,
            0.128,
            0.13,
            0.185,
            0.15,
            0.121,
            0.14,
            0.149,
            0.164
        ],
        [
            0.158,
            0.139,
            0.172,
            0.191,
            0.186,
            0.166,
            0.0,
            0.172,
            0.112,
            0.125,
            0.187,
            0.126,
            0.179,
            0.164,
            0.159,
            0.127,
            0.158,
            0.145,
            0.162,
            0.124,
            0.137
        ],
        [
            0.196,
            0.136,
            0.136,
            0.106,
            0.189,
            0.131,
            0.16,
            0.0,
            0.124,
            0.141,
            0.195,
            0.11,
            0.192,
            0.165,
            0.114,
            0.128,
            0.183,
            0.167,
            0.189,
            0.12,
            0.126
        ],
        [
            0.122,
            0.166,
            0.135,
            0.154,
            0.151,
            0.183,
            0.109,
            0.166,
            0.0,
            0.134,
            0.131,
            0.1,
            0.186,
            0.114,
            0.163,
            0.186,
            0.162,
            0.176,
            0.147,
            0.141,
            0.166
        ],
        [
            0.157,
            0.107,
            0.125,
            0.166,
            0.106,
            0.142,
            0.136,
            0.123,
            0.196,
            0.0,
            0.194,
            0.117,
            0.181,
            0.105,
            0.102,
            0.149,
            0.195,
            0.189,
            0.16,
            0.155,
            0.134
        ],
        [
            0.117,
            0.2,
            0.138,
            0.147,
            0.161,
            0.132,
            0.112,
            0.194,
            0.133,
            0.188,
            0.0,
            0.123,
            0.185,
            0.109,
            0.123,
            0.173,
            0.11,
            0.132,
            0.194,
            0.134,
            0.182
        ],
        [
            0.163,
            0.169,
            0.166,
            0.17,
            0.126,
            0.137,
            0.126,
            0.161,
            0.126,
            0.118,
            0.156,
            0.0,
            0.156,
            0.152,
            0.128,
            0.137,
            0.102,
            0.166,
            0.177,
            0.122,
            0.159
        ],
        [
            0.102,
            0.155,
            0.104,
            0.114,
            0.13,
            0.158,
            0.192,
            0.174,
            0.117,
            0.105,
            0.138,
            0.198,
            0.0,
            0.165,
            0.182,
            0.143,
            0.118,
            0.191,
            0.128,
            0.109,
            0.117
        ],
        [
            0.122,
            0.107,
            0.132,
            0.171,
            0.179,
            0.134,
            0.156,
            0.127,
            0.171,
            0.178,
            0.146,
            0.183,
            0.145,
            0.0,
            0.195,
            0.1,
            0.143,
            0.147,
            0.142,
            0.139,
            0.168
        ],
        [
            0.154,
            0.1,
            0.137,
            0.173,
            0.113,
            0.175,
            0.189,
            0.18,
            0.116,
            0.172,
            0.159,
            0.184,
            0.138,
            0.174,
            0.0,
            0.129,
            0.168,
            0.152,
            0.179,
            0.193,
            0.182
        ],
        [
            0.123,
            0.133,
            0.128,
            0.127,
            0.156,
            0.111,
            0.169,
            0.12,
            0.164,
            0.148,
            0.102,
            0.105,
            0.15,
            0.135,
            0.18,
            0.0,
            0.148,
            0.138,
            0.165,
            0.165,
            0.179
        ],
        [
            0.164,
            0.135,
            0.167,
            0.125,
            0.16,
            0.197,
            0.199,
            0.126,
            0.149,
            0.174,
            0.16,
            0.171,
            0.165,
            0.176,
            0.148,
            0.137,
            0.0,
            0.165,
            0.171,
            0.168,
            0.146
        ],
        [
            0.156,
            0.133,
            0.183,
            0.156,
            0.193,
            0.114,
            0.135,
            0.111,
            0.148,
            0.12,
            0.117,
            0.188,
            0.167,
            0.108,
            0.179,
            0.166,
            0.175,
            0.0,
            0.101,
            0.194,
            0.151
        ],
        [
            0.134,
            0.16,
            0.123,
            0.143,
            0.112,
            0.105,
            0.163,
            0.106,
            0.192,
            0.122,
            0.129,
            0.185,
            0.115,
            0.184,
            0.165,
            0.123,
            0.156,
            0.199,
            0.0,
            0.182,
            0.105
        ],
        [
            0.166,
            0.191,
            0.171,
            0.151,
            0.105,
            0.118,
            0.145,
            0.143,
            0.146,
            0.185,
            0.149,
            0.13,
            0.174,
            0.113,
            0.138,
            0.198,
            0.102,
            0.197,
            0.104,
            0.0,
            0.13
        ],
        [
            0.174,
            0.126,
            0.138,
            0.171,
            0.184,
            0.137,
            0.191,
            0.168,
            0.149,
            0.135,
            0.194,
            0.179,
            0.153,
            0.196,
            0.159,
            0.195,
            0.136,
            0.101,
            0.108,
            0.195,
            0.0
        ]
    ],
    "service_scv": [
        0.0,
        1.248,
        0.726,
        0.709,
        0.691,
        0.743,
        0.714,
        1.468,
        0.893,
        1.033,
        1.009,
        0.503,
        0.577,
        1.122,
        1.152,
        0.815,
        1.104,
        1.457,
        1.296,
        0.884,
        0.565
    ],
    "service": [
        0,
        5,
        17,
        21,
        8,
        5,
        15,
        1,
        20,
        13,
        9,
        9,
        18,
        30,
        8,
        30,
        2,
        29,
        25,
        29,
        30
    ]
}
