{
    "coords": [
        [
            0,
            0
        ],
        [
            19,
            28
        ],
        [
            41,
            45
        ],
        [
            14,
            12
        ],
        [
            26,
            29
        ],
        [
            12,
            17
        ],
        [
            46,
            37
        ],
        [
            42,
            27
        ],
        [
            18,
            10
        ],
        [
            33,
            25
        ],
        [
            20,
            12
        ],
        [
            25,
            2
        ],
        [
            2,
            5
        ],
        [
            42,
            17
        ],
        [
            6,
            0
        ],
        [
            47,
            38
        ],
        [
            7,
            40
        ],
        [
            28,
            1
        ],
        [
            6,
            26
        ],
        [
            35,
            21
        ],
        [
            7,
            20
        ]
    ],
    "dimension": 21,
    "distances": [
        [
            0.0,
            33.838,
            60.877,
            18.439,
            38.949,
            20.809,
            59.034,
            49.93,
            20.591,
            41.4,
            23.324,
            25.08,
            5.385,
            45.31,
            6.0,
            60.44,
            40.608,
            28.018,
            26.683,
            40.817,
            21.19
        ],
        [
            33.838,
            0.0,
            27.803,
            16.763,
            7.071,
            13.038,
            28.46,
            23.022,
            18.028,
            14.318,
            16.031,
            26.683,
            28.601,
            25.495,
            30.871,
            29.732,
            16.971,
            28.46,
            13.153,
            17.464,
            14.422
        ],
        [
            60.877,
            27.803,
            0.0,
            42.638,
            21.932,
            40.311,
            9.434,
            18.028,
            41.881,
            21.541,
            39.115,
            45.88,
            55.866,
            28.018,
            57.009,
            9.22,
            34.366,
            45.88,
            39.825,
            24.739,
            42.202
        ],
        [
            18.439,
            16.763,
            42.638,
            0.0,
            20.809,
            5.385,
            40.608,
            31.765,
            4.472,
            23.022,
            6.0,
            14.866,
            13.892,
            28.443,
            14.422,
            42.012,
            28.862,
            17.804,
            16.125,
            22.847,
            10.63
        ],
        [
            38.949,
            7.071,
            21.932,
            20.809,
            0.0,
            18.439,
            21.541,
            16.125,
            20.616,
            8.062,
            18.028,
            27.019,
            33.941,
            20.0,
            35.228,
            22.847,
            21.954,
            28.071,
            20.224,
            12.042,
            21.024
        ],
        [
            20.809,
            13.038,
            40.311,
            5.385,
            18.439,
            0.0,
            39.446,
            31.623,
            9.22,
            22.472,
            9.434,
            19.849,
            15.62,
            30.0,
            18.028,
            40.817,
            23.537,
            22.627,
            10.817,
            23.345,
            5.831
        ],
        [
            59.034,
            28.46,
            9.434,
            40.608,
            21.541,
            39.446,
            0.0,
            10.77,
            38.897,
            17.692,
            36.069,
            40.817,
            54.406,
            20.396,
            54.489,
            1.414,
            39.115,
            40.249,
            41.485,
            19.416,
            42.544
        ],
        [
            49.93,
            23.022,
            18.028,
            31.765,
            16.125,
            31.623,
            10.77,
            0.0,
            29.411,
            9.22,
            26.627,
            30.232,
            45.651,
            10.0,
            45.0,
            12.083,
            37.336,
            29.53,
            36.014,
            9.22,
            35.693
        ],
        [
            20.591,
            18.028,
            41.881,
            4.472,
            20.616,
            9.22,
            38.897,
            29.411,
            0.0,
            21.213,
            2.828,
            10.63,
            16.763,
            25.0,
            15.62,
            40.311,
            31.953,
            13.454,
            20.0,
            20.248,
            14.866
        ],
        [
            41.4,
            14.318,
            21.541,
            23.022,
            8.062,
            22.472,
            17.692,
            9.22,
            21.213,
            0.0,
            18.385,
            24.352,
            36.892,
            12.042,
            36.797,
            19.105,
            30.017,
            24.515,
            27.019,
            4.472,
            26.476
        ],
        [
            23.324,
            16.031,
            39.115,
            6.0,
            18.028,
            9.434,
            36.069,
            26.627,
            2.828,
            18.385,
            0.0,
            11.18,
            19.313,
            22.561,
            18.439,
            37.483,
            30.871,
            13.601,
            19.799,
            17.493,
            15.264
        ],
        [
            25.08,
            26.683,
            45.88,
            14.866,
            27.019,
            19.849,
            40.817,
            30.232,
            10.63,
            24.352,
            11.18,
            0.0,
            23.195,
            22.672,
            19.105,
            42.19,
            42.048,
            3.162,
            30.61,
            21.471,
            25.456
        ],
        [
            5.385,
            28.601,
            55.866,
            13.892,
            33.941,
            15.62,
            54.406,
            45.651,
            16.763,
            36.892,
            19.313,
            23.195,
            0.0,
            41.761,
            6.403,
            55.803,
            35.355,
            26.306,
            21.378,
            36.674,
            15.811
        ],
        [
            45.31,
            25.495,
            28.018,
            28.443,
            20.0,
            30.0,
            20.396,
            10.0,
            25.0,
            12.042,
            22.561,
            22.672,
            41.761,
            0.0,
            39.812,
            21.587,
            41.881,
            21.26,
            37.108,
            8.062,
            35.128
        ],
        [
            6.0,
            30.871,
            57.009,
            14.422,
            35.228,
            18.028,
            54.489,
            45.0,
            15.62,
            36.797,
            18.439,
            19.105,
            6.403,
            39.812,
            0.0,
            55.902,
            40.012,
            22.023,
            26.0,
            35.805,
            20.025
        ],
        [
            60.44,
            29.732,
            9.22,
            42.012,
            22.847,
            40.817,
            1.414,
            12.083,
            40.311,
            19.105,
            37.483,
            42.19,
            55.803,
            21.587,
            55.902,
            0.0,
            40.05,
            41.593,
            42.72,
            20.809,
            43.863
        ],
        [
            40.608,
            16.971,
            34.366,
            28.862,
            21.954,
            23.537,
            39.115,
            37.336,
            31.953,
            30.017,
            30.871,
            42.048,
            35.355,
            41.881,
            40.012,
            40.05,
            0.0,
            44.294,
            14.036,
            33.838,
            20.0
        ],
        [
            28.018,
            28.46,
            45.88,
            17.804,
            28.071,
            22.627,
            40.249,
            29.53,
            13.454,
            24.515,
            13.601,
            3.162,
            26.306,
            21.26,
            22.023,
            41.593,
            44.294,
            0.0,
            33.302,
            21.19,
            28.32
        ],
        [
            26.683,
            13.153,
            39.825,
            16.125,
            20.224,
            10.817,
            41.485,
            36.014,
            20.0,
            27.019,
            19.799,
            30.61,
            21.378,
            37.108,
            26.0,
            42.72,
            14.036,
            33.302,
            0.0,
            29.428,
            6.083
        ],
        [
            40.817,
            17.464,
            24.739,
            22.847,
            12.042,
            23.345,
            19.416,
            9.22,
            20.248,
            4.472,
            17.493,
            21.471,
            36.674,
            8.062,
            35.805,
            20.809,
            33.838,
            21.19,
            29.428,
            0.0,
            28.018
        ],
        [
            21.19,
            14.422,
            42.202,
            10.63,
            21.024,
            5.831,
            42.544,
            35.693,
            14.866,
            26.476,
            15.264,
            25.456,
            15.811,
            35.128,
            20.025,
            43.863,
            20.0,
            28.32,
            6.083,
            28.018,
            0.0
        ]
    ],
    "distances_scv": [
        [
            0.0,
            0.194,
            0.13,
            0.193,
            0.14,
            0.121,
            0.125,
            0.125,
            0.18,
            0.183,
            0.181,
            0.127,
            0.13,
            0.154,
            0.171,
            0.171,
            0.184,
            0.176,
            0.151,
            0.169,
            0.176
        ],
        [
            0.119,
            0.0,
            0.154,
            0.164,
            0.167,
            0.171,
            0.109,
            0.108,
            0.13,
            0.113,
            0.175,
            0.147,
            0.118,
            0.14,
            0.12,
            0.175,
            0.14,
            0.185,
            0.171,
            0.146,
            0.157
        ],
        [
            0.2,
            0.172,
            0.0,
            0.139,
            0.185,
            0.163,
            0.169,
            0.116,
            0.144,
            0.102,
            0.154,
            0.102,
            0.165,
            0.115,
            0.107,
            0.116,
            0.142,
            0.149,
            0.125,
            0.162,
            0.161
        ],
        [
            0.121,
            0.138,
            0.193,
            0.0,
            0.181,
            0.168,
            0.165,
            0.188,
            0.104,
            0.155,
            0.19,
            0.155,
            0.102,
            0.194,
            0.174,
            0.138,
            0.118,
            0.102,
            0.193,
            0.183,
            0.113
        ],
        [
            0.116,
            0.171,
            0.114,
            0.157,
            0.0,
            0.158,
            0.164,
            0.13,
            0.13,
            0.119,
            0.196,
            0.144,
            0.106,
            0.149,
            0.165,
            0.189,
            0.133,
            0.179,
            0.167,
            0.193,
            0.133
        ],
        [
            0.12,
            0.101,
            0.155,
            0.16,
            0.139,
            0.0,
            0.124,
            0.181,
            0.191,
            0.144,
            0.104,
            0.158,
            0.165,
            0.195,
            0.187,
            0.145,
            0.167,
            0.12,
            0.166,
            0.178,
            0.153
        ],
        [
            0.134,
            0.104,
            0.144,
            0.132,
            0.19,
            0.12,
            0.0,
            0.13,
            0.146,
            0.127,
            0.173,
            0.133,
            0.119,
            0.119,
            0.181,
            0.112,
            0.162,
            0.15,
            0.13,
            0.183,
            0.167
        ],
        [
            0.183,
            0.132,
            0.175,
            0.152,
            0.173,
            0.177,
            0.136,
            0.0,
            0.185,
            0.11,
            0.191,
            0.128,
            0.175,
            0.118,
            0.198,
            0.155,
            0.105,
            0.14,
            0.164,
            0.169,
            0.134
        ],
        [
            0.195,
            0.142,
            0.119,
            0.181,
            0.194,
            0.172,
            0.123,
            0.131,
            0.0,
            0.103,
            0.128,
            0.15,
            0.116,
            0.186,
            0.182,
            0.173,
            0.133,
            0.187,
            0.178,
            0.15,
            0.12
        ],
        [
            0.106,
            0.158,
            0.106,
            0.157,
            0.102,
            0.177,
            0.188,
            0.185,
            0.185,
            0.0,
            0.183,
            0.122,
            0.173,
            0.171,
            0.155,
            0.147,
            0.17,
            0.101,
            0.119,
            0.135,
            0.19
        ],
        [
            0.152,
            0.136,
            0.134,
            0.136,
            0.193,
            0.105,
            0.14,
            0.186,
            0.188,
            0.104,
            0.0,
            0.104,
            0.132,
            0.135,
            0.118,
            0.198,
            0.102,
            0.123,
            0.165,
            0.15,
            0.159
        ],
        [
            0.102,
            0.136,
            0.151,
            0.108,
            0.132,
            0.153,
            0.146,
            0.154,
            0.116,
            0.156,
            0.183,
            0.0,
            0.148,
            0.131,
            0.12,
            0.194,
            0.14,
            0.101,
            0.125,
            0.114,
            0.117
        ],
        [
            0.143,
            0.138,
            0.163,
            0.173,
            0.127,
            0.119,
            0.128,
            0.137,
            0.126,
            0.127,
            0.193,
            0.109,
            0.0,
            0.145,
            0.157,
            0.181,
            0.145,
            0.186,
            0.127,
            0.166,
            0.105
        ],
        [
            0.143,
            0.12,
            0.178,
            0.181,
            0.186,
            0.153,
            0.141,
            0.145,
            0.165,
            0.185,
            0.131,
            0.197,
            0.148,
            0.0,
            0.103,
            0.122,
            0.161,
            0.177,
            0.131,
            0.157,
            0.119
        ],
        [
            0.11,
            0.163,
            0.157,
            0.161,
            0.111,
            0.141,
            0.161,
            0.191,
            0.119,
            0.183,
            0.179,
            0.106,
            0.17,
            0.192,
            0.0,
            0.144,
            0.169,
            0.144,
            0.154,
            0.171,
            0.132
        ],
        [
            0.122,
            0.135,
            0.118,
            0.185,
            0.142,
            0.104,
            0.172,
            0.188,
            0.177,
            0.172,
            0.132,
            0.123,
            0.166,
            0.144,
            0.105,
            0.0,
            0.15,
            0.16,
            0.143,
            0.19,
            0.103
        ],
        [
            0.147,
            0.117,
            0.174,
            0.118,
            0.127,
            0.158,
            0.178,
            0.108,
            0.136,
            0.167,
            0.13,
            0.109,
            0.157,
            0.147,
            0.114,
            0.155,
            0.0,
            0.135,
            0.158,
            0.195,
            0.103
        ],
        [
            0.179,
            0.195,
            0.191,
            0.12,
            0.113,
            0.185,
            0.157,
            0.167,
            0.146,
            0.152,
            0.161,
            0.156,
            0.185,
            0.16,
            0.116,
            0.198,
            0.116,
            0.0,
            0.112,
            0.139,
            0.105
        ],
        [
            0.175,
            0.132,
            0.14,
            0.118,
            0.149,
            0.17,
            0.16,
            0.189,
            0.105,
            0.154,
            0.124,
            0.141,
            0.151,
            0.124,
            0.178,
            0.152,
            0.109,
            0.122,
            0.0,
            0.126,
            0.169
        ],
        [
            0.183,
            0.178,
            0.135,
            0.129,
            0.149,
            0.195,
            0.134,
            0.193,
            0.145,
            0.189,
            0.197,
            0.115,
            0.137,
            0.133,
            0.168,
            0.169,
            0.147,
            0.102,
            0.111,
            0.0,
            0.165
        ],
        [
            0.171,
            0.136,
            0.103,
            0.133,
            0.131,
            0.101,
            0.131,
            0.19,
            0.182,
            0.108,
            0.107,
            0.108,
            0.163,
            0.184,
            0.159,
            0.113,
            0.124,
            0.101,
            0.182,
            0.179,
            0.0
        ]
    ],
    "service_scv": [
        0.0,
        0.154,
        0.262,
        0.303,
        0.169,
        0.435,
        0.203,
        0.413,
        0.21,
        0.171,
        0.42,
        0.389,
        0.232,
        0.266,
        0.406,
        0.274,
        0.305,
        0.467,
        0.241,
        0.103,
        0.27
    ],
    "service": [
        0,
        18,
        1,
        7,
        14,
        13,
        10,
        5,
        26,
        15,
        27,
        6,
        9,
        7,
        30,
        10,
        4,
        3,
        16,
        23,
        26
    ]
}
