{
    "coords": [
        [
            0,
            0
        ],
        [
            10,
            35
        ],
        [
            43,
            14
        ],
        [
            18,
            4
        ],
        [
            48,
            48
        ],
        [
            34,
            28
        ],
        [
            28,
            32
        ],
        [
            36,
            28
        ],
        [
            39,
            23
        ],
        [
            18,
            6
        ],
        [
            40,
            15
        ],
        [
            33,
            36
        ],
        [
            34,
            45
        ],
        [
            34,
            44
        ],
        [
            37,
            47
        ],
        [
            24,
            1
        ],
        [
            30,
            36
        ],
        [
            7,
            33
        ],
        [
            38,
            31
        ],
        [
            11,
            31
        ],
        [
            28,
            6
        ]
    ],
    "dimension": 21,
    "distances": [
        [
            0.0,
            36.401,
            45.222,
            18.439,
            67.882,
            44.045,
            42.521,
            45.607,
            45.277,
            18.974,
            42.72,
            48.836,
            56.4,
            55.606,
            59.816,
            24.021,
            46.861,
            33.734,
            49.041,
            32.894,
            28.636
        ],
        [
            36.401,
            0.0,
            39.115,
            32.016,
            40.162,
            25.0,
            18.248,
            26.926,
            31.385,
            30.083,
            36.056,
            23.022,
            26.0,
            25.632,
            29.547,
            36.77,
            20.025,
            3.606,
            28.284,
            4.123,
            34.132
        ],
        [
            45.222,
            39.115,
            0.0,
            26.926,
            34.366,
            16.643,
            23.431,
            15.652,
            9.849,
            26.249,
            3.162,
            24.166,
            32.28,
            31.321,
            33.541,
            23.022,
            25.554,
            40.706,
            17.72,
            36.235,
            17.0
        ],
        [
            18.439,
            32.016,
            26.926,
            0.0,
            53.254,
            28.844,
            29.732,
            30.0,
            28.32,
            2.0,
            24.597,
            35.341,
            44.011,
            43.081,
            47.011,
            6.708,
            34.176,
            31.016,
            33.601,
            27.893,
            10.198
        ],
        [
            67.882,
            40.162,
            34.366,
            53.254,
            0.0,
            24.413,
            25.612,
            23.324,
            26.571,
            51.614,
            33.956,
            19.209,
            14.318,
            14.56,
            11.045,
            52.773,
            21.633,
            43.658,
            19.723,
            40.719,
            46.519
        ],
        [
            44.045,
            25.0,
            16.643,
            28.844,
            24.413,
            0.0,
            7.211,
            2.0,
            7.071,
            27.203,
            14.318,
            8.062,
            17.0,
            16.0,
            19.235,
            28.792,
            8.944,
            27.459,
            5.0,
            23.195,
            22.804
        ],
        [
            42.521,
            18.248,
            23.431,
            29.732,
            25.612,
            7.211,
            0.0,
            8.944,
            14.213,
            27.857,
            20.809,
            6.403,
            14.318,
            13.416,
            17.493,
            31.257,
            4.472,
            21.024,
            10.05,
            17.029,
            26.0
        ],
        [
            45.607,
            26.926,
            15.652,
            30.0,
            23.324,
            2.0,
            8.944,
            0.0,
            5.831,
            28.425,
            13.601,
            8.544,
            17.117,
            16.125,
            19.026,
            29.547,
            10.0,
            29.428,
            3.606,
            25.179,
            23.409
        ],
        [
            45.277,
            31.385,
            9.849,
            28.32,
            26.571,
            7.071,
            14.213,
            5.831,
            0.0,
            27.019,
            8.062,
            14.318,
            22.561,
            21.587,
            24.083,
            26.627,
            15.811,
            33.526,
            8.062,
            29.12,
            20.248
        ],
        [
            18.974,
            30.083,
            26.249,
            2.0,
            51.614,
            27.203,
            27.857,
            28.425,
            27.019,
            0.0,
            23.77,
            33.541,
            42.154,
            41.231,
            45.188,
            7.81,
            32.311,
            29.155,
            32.016,
            25.962,
            10.0
        ],
        [
            42.72,
            36.056,
            3.162,
            24.597,
            33.956,
            14.318,
            20.809,
            13.601,
            8.062,
            23.77,
            0.0,
            22.136,
            30.594,
            29.614,
            32.14,
            21.26,
            23.259,
            37.59,
            16.125,
            33.121,
            15.0
        ],
        [
            48.836,
            23.022,
            24.166,
            35.341,
            19.209,
            8.062,
            6.403,
            8.544,
            14.318,
            33.541,
            22.136,
            0.0,
            9.055,
            8.062,
            11.705,
            36.139,
            3.0,
            26.173,
            7.071,
            22.561,
            30.414
        ],
        [
            56.4,
            26.0,
            32.28,
            44.011,
            14.318,
            17.0,
            14.318,
            17.117,
            22.561,
            42.154,
            30.594,
            9.055,
            0.0,
            1.0,
            3.606,
            45.122,
            9.849,
            29.547,
            14.56,
            26.926,
            39.459
        ],
        [
            55.606,
            25.632,
            31.321,
            43.081,
            14.56,
            16.0,
            13.416,
            16.125,
            21.587,
            41.231,
            29.614,
            8.062,
            1.0,
            0.0,
            4.243,
            44.147,
            8.944,
            29.155,
            13.601,
            26.42,
            38.471
        ],
        [
            59.816,
            29.547,
            33.541,
            47.011,
            11.045,
            19.235,
            17.493,
            19.026,
            24.083,
            45.188,
            32.14,
            11.705,
            3.606,
            4.243,
            0.0,
            47.802,
            13.038,
            33.106,
            16.031,
            30.529,
            41.976
        ],
        [
            24.021,
            36.77,
            23.022,
            6.708,
            52.773,
            28.792,
            31.257,
            29.547,
            26.627,
            7.81,
            21.26,
            36.139,
            45.122,
            44.147,
            47.802,
            0.0,
            35.511,
            36.235,
            33.106,
            32.696,
            6.403
        ],
        [
            46.861,
            20.025,
            25.554,
            34.176,
            21.633,
            8.944,
            4.472,
            10.0,
            15.811,
            32.311,
            23.259,
            3.0,
            9.849,
            8.944,
            13.038,
            35.511,
            0.0,
            23.195,
            9.434,
            19.647,
            30.067
        ],
        [
            33.734,
            3.606,
            40.706,
            31.016,
            43.658,
            27.459,
            21.024,
            29.428,
            33.526,
            29.155,
            37.59,
            26.173,
            29.547,
            29.155,
            33.106,
            36.235,
            23.195,
            0.0,
            31.064,
            4.472,
            34.205
        ],
        [
            49.041,
            28.284,
            17.72,
            33.601,
            19.723,
            5.0,
            10.05,
            3.606,
            8.062,
            32.016,
            16.125,
            7.071,
            14.56,
            13.601,
            16.031,
            33.106,
            9.434,
            31.064,
            0.0,
            27.0,
            26.926
        ],
        [
            32.894,
            4.123,
            36.235,
            27.893,
            40.719,
            23.195,
            17.029,
            25.179,
            29.12,
            25.962,
            33.121,
            22.561,
            26.926,
            26.42,
            30.529,
            32.696,
            19.647,
            4.472,
            27.0,
            0.0,
            30.232
        ],
        [
            28.636,
            34.132,
            17.0,
            10.198,
            46.519,
            22.804,
            26.0,
            23.409,
            20.248,
            10.0,
            15.0,
            30.414,
            39.459,
            38.471,
            41.976,
            6.403,
            30.067,
            34.205,
            26.926,
            30.232,
            0.0
        ]
    ],
    "distances_scv": [
        [
            0.0,
            0.179,
            0.101,
            0.192,
            0.113,
            0.138,
            0.155,
            0.161,
            0.155,
            0.139,
            0.188,
            0.14,
            0.187,
            0.133,
            0.163,
            0.185,
            0.112,
            0.117,
            0.173,
            0.113,
            0.102
        ],
        [
            0.119,
            0.0,
            0.17,
            0.17,
            0.121,
            0.122,
            0.105,
            0.102,
            0.113,
            0.175,
            0.134,
            0.135,
            0.135,
            0.124,
            0.194,
            0.194,
            0.193,
            0.172,
            0.165,
            0.157,
            0.141
        ],
        [
            0.17,
            0.153,
            0.0,
            0.173,
            0.162,
            0.149,
            0.173,
            0.175,
            0.171,
            0.116,
            0.125,
            0.167,
            0.169,
            0.159,
            0.166,
            0.192,
            0.107,
            0.151,
            0.133,
            0.102,
            0.168
        ],
        [
            0.105,
            0.104,
            0.126,
            0.0,
            0.173,
            0.101,
            0.165,
            0.134,
            0.198,
            0.158,
            0.167,
            0.186,
            0.122,
            0.124,
            0.18,
            0.2,
            0.15,
            0.132,
            0.199,
            0.113,
            0.11
        ],
        [
            0.176,
            0.165,
            0.138,
            0.134,
            0.0,
            0.189,
            0.129,
            0.154,
            0.109,
            0.165,
            0.14,
            0.12,
            0.184,
            0.104,
            0.198,
            0.152,
            0.185,
            0.179,
            0.167,
            0.179,
            0.127
        ],
        [
            0.115,
            0.106,
            0.104,
            0.108,
            0.141,
            0.0,
            0.165,
            0.123,
            0.153,
            0.199,
            0.113,
            0.132,
            0.111,
            0.115,
            0.124,
            0.118,
            0.191,
            0.166,
            0.15,
            0.145,
            0.158
        ],
        [
            0.104,
            0.145,
            0.113,
            0.2,
            0.101,
            0.129,
            0.0,
            0.133,
            0.153,
            0.103,
            0.195,
            0.126,
            0.151,
            0.167,
            0.187,
            0.2,
            0.125,
            0.132,
            0.127,
            0.153,
            0.189
        ],
        [
            0.198,
            0.175,
            0.115,
            0.185,
            0.111,
            0.146,
            0.118,
            0.0,
            0.134,
            0.106,
            0.151,
            0.116,
            0.18,
            0.151,
            0.142,
            0.116,
            0.199,
            0.13,
            0.16,
            0.159,
            0.168
        ],
        [
            0.121,
            0.136,
            0.197,
            0.198,
            0.188,
            0.154,
            0.109,
            0.193,
            0.0,
            0.172,
            0.157,
            0.159,
            0.191,
            0.171,
            0.185,
            0.121,
            0.132,
            0.124,
            0.163,
            0.157,
            0.111
        ],
        [
            0.105,
            0.132,
            0.185,
            0.174,
            0.139,
            0.123,
            0.19,
            0.168,
            0.167,
            0.0,
            0.149,
            0.107,
            0.164,
            0.11,
            0.115,
            0.179,
            0.116,
            0.195,
            0.176,
            0.193,
            0.138
        ],
        [
            0.133,
            0.198,
            0.126,
            0.147,
            0.198,
            0.102,
            0.122,
            0.194,
            0.121,
            0.169,
            0.0,
            0.184,
            0.188,
            0.155,
            0.174,
            0.143,
            0.153,
            0.12,
            0.167,
            0.2,
            0.143
        ],
        [
            0.175,
            0.194,
            0.173,
            0.184,
            0.114,
            0.151,
            0.137,
            0.134,
            0.152,
            0.122,
            0.158,
            0.0,
            0.149,
            0.178,
            0.178,
            0.115,
            0.13,
            0.165,
            0.116,
            0.199,
            0.122
        ],
        [
            0.114,
            0.101,
            0.137,
            0.181,
            0.116,
            0.159,
            0.188,
            0.185,
            0.175,
            0.119,
            0.174,
            0.176,
            0.0,
            0.141,
            0.111,
            0.175,
            0.179,
            0.135,
            0.163,
            0.115,
            0.159
        ],
        [
            0.164,
            0.152,
            0.172,
            0.135,
            0.117,
            0.107,
            0.107,
            0.12,
            0.175,
            0.109,
            0.119,
            0.153,
            0.137,
            0.0,
            0.148,
            0.155,
            0.185,
            0.105,
            0.197,
            0.139,
            0.114
        ],
        [
            0.182,
            0.138,
            0.126,
            0.155,
            0.175,
            0.17,
            0.149,
            0.118,
            0.173,
            0.198,
            0.199,
            0.179,
            0.1,
            0.174,
            0.0,
            0.161,
            0.132,
            0.1,
            0.125,
            0.123,
            0.171
        ],
        [
            0.154,
            0.13,
            0.184,
            0.164,
            0.195,
            0.184,
            0.112,
            0.168,
            0.123,
            0.148,
            0.128,
            0.135,
            0.159,
            0.152,
            0.135,
            0.0,
            0.14,
            0.138,
            0.105,
            0.129,
            0.189
        ],
        [
            0.154,
            0.185,
            0.134,
            0.111,
            0.174,
            0.104,
            0.197,
            0.164,
            0.117,
            0.112,
            0.11,
            0.116,
            0.162,
            0.169,
            0.171,
            0.177,
            0.0,
            0.13,
            0.157,
            0.193,
            0.125
        ],
        [
            0.13,
            0.144,
            0.147,
            0.164,
            0.113,
            0.189,
            0.108,
            0.188,
            0.171,
            0.136,
            0.115,
            0.158,
            0.188,
            0.135,
            0.167,
            0.16,
            0.12,
            0.0,
            0.11,
            0.163,
            0.159
        ],
        [
            0.169,
            0.155,
            0.177,
            0.111,
            0.174,
            0.162,
            0.1,
            0.17,
            0.154,
            0.109,
            0.158,
            0.134,
            0.108,
            0.12,
            0.121,
            0.108,
            0.167,
            0.197,
            0.0,
            0.143,
            0.102
        ],
        [
            0.155,
            0.176,
            0.198,
            0.117,
            0.159,
            0.132,
            0.168,
            0.15,
            0.183,
            0.12,
            0.171,
            0.107,
            0.17,
            0.112,
            0.123,
            0.176,
            0.143,
            0.199,
            0.142,
            0.0,
            0.141
        ],
        [
            0.193,
            0.151,
            0.124,
            0.104,
            0.172,
            0.163,
            0.113,
            0.135,
            0.178,
            0.158,
            0.117,
            0.186,
            0.15,
            0.1,
            0.122,
            0.188,
            0.109,
            0.173,
            0.157,
            0.179,
            0.0
        ]
    ],
    "service_scv": [
        0.0,
        0.725,
        1.394,
        0.903,
        0.781,
        0.788,
        1.269,
        0.774,
        1.334,
        0.678,
        0.7,
        0.913,
        0.892,
        0.594,
        1.299,
        0.735,
        0.581,
        1.144,
        0.599,
        0.748,
        1.062
    ],
    "service": [
        0,
        24,
        17,
        24,
        15,
        18,
        29,
        7,
        26,
        20,
        6,
        6,
        2,
        21,
        24,
        29,
        9,
        5,
        5,
        4,
        29
    ]
}
