{
    "coords": [
        [
            0,
            0
        ],
        [
            25,
            17
        ],
        [
            47,
            18
        ],
        [
            32,
            18
        ],
        [
            22,
            49
        ],
        [
            9,
            31
        ],
        [
            21,
            33
        ],
        [
            37,
            16
        ],
        [
            33,
            33
        ],
        [
            22,
            6
        ],
        [
            30,
            2
        ],
        [
            44,
            42
        ],
        [
            42,
            0
        ],
        [
            48,
            48
        ],
        [
            29,
            41
        ],
        [
            38,
            39
        ],
        [
            7,
            2
        ],
        [
            13,
            10
        ],
        [
            27,
            42
        ],
        [
            37,
            21
        ],
        [
            27,
            31
        ]
    ],
    "dimension": 21,
    "distances": [
        [
            0.0,
            30.232,
            50.329,
            36.715,
            53.712,
            32.28,
            39.115,
            40.311,
            46.669,
            22.804,
            30.067,
            60.828,
            42.0,
            67.882,
            50.22,
            54.452,
            7.28,
            16.401,
            49.93,
            42.544,
            41.11
        ],
        [
            30.232,
            0.0,
            22.023,
            7.071,
            32.14,
            21.26,
            16.492,
            12.042,
            17.889,
            11.402,
            15.811,
            31.401,
            24.042,
            38.601,
            24.331,
            25.554,
            23.431,
            13.892,
            25.08,
            12.649,
            14.142
        ],
        [
            50.329,
            22.023,
            0.0,
            15.0,
            39.825,
            40.162,
            30.017,
            10.198,
            20.518,
            27.731,
            23.345,
            24.187,
            18.682,
            30.017,
            29.206,
            22.847,
            43.081,
            34.928,
            31.241,
            10.44,
            23.854
        ],
        [
            36.715,
            7.071,
            15.0,
            0.0,
            32.573,
            26.42,
            18.601,
            5.385,
            15.033,
            15.62,
            16.125,
            26.833,
            20.591,
            34.0,
            23.195,
            21.84,
            29.682,
            20.616,
            24.515,
            5.831,
            13.928
        ],
        [
            53.712,
            32.14,
            39.825,
            32.573,
            0.0,
            22.204,
            16.031,
            36.249,
            19.416,
            43.0,
            47.676,
            23.087,
            52.924,
            26.019,
            10.63,
            18.868,
            49.336,
            40.025,
            8.602,
            31.765,
            18.682
        ],
        [
            32.28,
            21.26,
            40.162,
            26.42,
            22.204,
            0.0,
            12.166,
            31.765,
            24.083,
            28.178,
            35.805,
            36.688,
            45.277,
            42.544,
            22.361,
            30.083,
            29.069,
            21.378,
            21.095,
            29.732,
            18.0
        ],
        [
            39.115,
            16.492,
            30.017,
            18.601,
            16.031,
            12.166,
            0.0,
            23.345,
            12.0,
            27.019,
            32.28,
            24.698,
            39.115,
            30.887,
            11.314,
            18.028,
            34.015,
            24.352,
            10.817,
            20.0,
            6.325
        ],
        [
            40.311,
            12.042,
            10.198,
            5.385,
            36.249,
            31.765,
            23.345,
            0.0,
            17.464,
            18.028,
            15.652,
            26.926,
            16.763,
            33.838,
            26.249,
            23.022,
            33.106,
            24.739,
            27.857,
            5.0,
            18.028
        ],
        [
            46.669,
            17.889,
            20.518,
            15.033,
            19.416,
            24.083,
            12.0,
            17.464,
            0.0,
            29.155,
            31.145,
            14.213,
            34.205,
            21.213,
            8.944,
            7.81,
            40.46,
            30.48,
            10.817,
            12.649,
            6.325
        ],
        [
            22.804,
            11.402,
            27.731,
            15.62,
            43.0,
            28.178,
            27.019,
            18.028,
            29.155,
            0.0,
            8.944,
            42.19,
            20.881,
            49.396,
            35.693,
            36.674,
            15.524,
            9.849,
            36.346,
            21.213,
            25.495
        ],
        [
            30.067,
            15.811,
            23.345,
            16.125,
            47.676,
            35.805,
            32.28,
            15.652,
            31.145,
            8.944,
            0.0,
            42.379,
            12.166,
            49.396,
            39.013,
            37.855,
            23.0,
            18.788,
            40.112,
            20.248,
            29.155
        ],
        [
            60.828,
            31.401,
            24.187,
            26.833,
            23.087,
            36.688,
            24.698,
            26.926,
            14.213,
            42.19,
            42.379,
            0.0,
            42.048,
            7.211,
            15.033,
            6.708,
            54.489,
            44.553,
            17.0,
            22.136,
            20.248
        ],
        [
            42.0,
            24.042,
            18.682,
            20.591,
            52.924,
            45.277,
            39.115,
            16.763,
            34.205,
            20.881,
            12.166,
            42.048,
            0.0,
            48.374,
            43.012,
            39.205,
            35.057,
            30.676,
            44.598,
            21.587,
            34.438
        ],
        [
            67.882,
            38.601,
            30.017,
            34.0,
            26.019,
            42.544,
            30.887,
            33.838,
            21.213,
            49.396,
            49.396,
            7.211,
            48.374,
            0.0,
            20.248,
            13.454,
            61.62,
            51.662,
            21.84,
            29.155,
            27.019
        ],
        [
            50.22,
            24.331,
            29.206,
            23.195,
            10.63,
            22.361,
            11.314,
            26.249,
            8.944,
            35.693,
            39.013,
            15.033,
            43.012,
            20.248,
            0.0,
            9.22,
            44.777,
            34.886,
            2.236,
            21.541,
            10.198
        ],
        [
            54.452,
            25.554,
            22.847,
            21.84,
            18.868,
            30.083,
            18.028,
            23.022,
            7.81,
            36.674,
            37.855,
            6.708,
            39.205,
            13.454,
            9.22,
            0.0,
            48.27,
            38.288,
            11.402,
            18.028,
            13.601
        ],
        [
            7.28,
            23.431,
            43.081,
            29.682,
            49.336,
            29.069,
            34.015,
            33.106,
            40.46,
            15.524,
            23.0,
            54.489,
            35.057,
            61.62,
            44.777,
            48.27,
            0.0,
            10.0,
            44.721,
            35.511,
            35.228
        ],
        [
            16.401,
            13.892,
            34.928,
            20.616,
            40.025,
            21.378,
            24.352,
            24.739,
            30.48,
            9.849,
            18.788,
            44.553,
            30.676,
            51.662,
            34.886,
            38.288,
            10.0,
            0.0,
            34.928,
            26.401,
            25.239
        ],
        [
            49.93,
            25.08,
            31.241,
            24.515,
            8.602,
            21.095,
            10.817,
            27.857,
            10.817,
            36.346,
            40.112,
            17.0,
            44.598,
            21.84,
            2.236,
            11.402,
            44.721,
            34.928,
            0.0,
            23.259,
            11.0
        ],
        [
            42.544,
            12.649,
            10.44,
            5.831,
            31.765,
            29.732,
            20.0,
            5.0,
            12.649,
            21.213,
            20.248,
            22.136,
            21.587,
            29.155,
            21.541,
            18.028,
            35.511,
            26.401,
            23.259,
            0.0,
            14.142
        ],
        [
            41.11,
            14.142,
            23.854,
            13.928,
            18.682,
            18.0,
            6.325,
            18.028,
            6.325,
            25.495,
            29.155,
            20.248,
            34.438,
            27.019,
            10.198,
            13.601,
            35.228,
            25.239,
            11.0,
            14.142,
            0.0
        ]
    ],
    "distances_scv": [
        [
            0.0,
            0.119,
            0.15,
            0.176,
            0.154,
            0.111,
            0.187,
            0.114,
            0.144,
            0.159,
            0.132,
            0.142,
            0.189,
            0.145,
            0.154,
            0.197,
            0.128,
            0.189,
            0.136,
            0.131,
            0.188
        ],
        [
            0.107,
            0.0,
            0.183,
            0.189,
            0.106,
            0.124,
            0.178,
            0.144,
            0.101,
            0.169,
            0.18,
            0.197,
            0.115,
            0.125,
            0.184,
            0.109,
            0.127,
            0.145,
            0.142,
            0.154,
            0.187
        ],
        [
            0.163,
            0.165,
            0.0,
            0.121,
            0.145,
            0.199,
            0.191,
            0.177,
            0.153,
            0.187,
            0.163,
            0.14,
            0.153,
            0.12,
            0.157,
            0.131,
            0.178,
            0.183,
            0.199,
            0.183,
            0.106
        ],
        [
            0.172,
            0.181,
            0.187,
            0.0,
            0.148,
            0.153,
            0.115,
            0.196,
            0.199,
            0.126,
            0.196,
            0.121,
            0.108,
            0.173,
            0.182,
            0.12,
            0.195,
            0.14,
            0.119,
            0.13,
            0.111
        ],
        [
            0.177,
            0.129,
            0.169,
            0.146,
            0.0,
            0.159,
            0.197,
            0.118,
            0.196,
            0.112,
            0.158,
            0.117,
            0.2,
            0.155,
            0.187,
            0.171,
            0.145,
            0.126,
            0.187,
            0.189,
            0.178
        ],
        [
            0.181,
            0.104,
            0.122,
            0.155,
            0.108,
            0.0,
            0.195,
            0.135,
            0.169,
            0.12,
            0.18,
            0.19,
            0.182,
            0.144,
            0.135,
            0.108,
            0.185,
            0.19,
            0.156,
            0.176,
            0.123
        ],
        [
            0.176,
            0.125,
            0.173,
            0.101,
            0.138,
            0.124,
            0.0,
            0.126,
            0.192,
            0.13,
            0.112,
            0.167,
            0.177,
            0.134,
            0.192,
            0.17,
            0.154,
            0.19,
            0.181,
            0.16,
            0.125
        ],
        [
            0.152,
            0.162,
            0.19,
            0.194,
            0.106,
            0.153,
            0.194,
            0.0,
            0.175,
            0.123,
            0.187,
            0.117,
            0.126,
            0.125,
            0.114,
            0.167,
            0.184,
            0.116,
            0.12,
            0.14,
            0.13
        ],
        [
            0.164,
            0.112,
            0.158,
            0.15,
            0.112,
            0.145,
            0.137,
            0.107,
            0.0,
            0.164,
            0.188,
            0.195,
            0.174,
            0.141,
            0.115,
            0.168,
            0.157,
            0.186,
            0.126,
            0.166,
            0.109
        ],
        [
            0.131,
            0.143,
            0.181,
            0.135,
            0.162,
            0.199,
            0.195,
            0.148,
            0.121,
            0.0,
            0.179,
            0.159,
            0.175,
            0.121,
            0.129,
            0.116,
            0.106,
            0.146,
            0.177,
            0.137,
            0.195
        ],
        [
            0.135,
            0.138,
            0.185,
            0.166,
            0.153,
            0.124,
            0.109,
            0.116,
            0.117,
            0.142,
            0.0,
            0.155,
            0.126,
            0.168,
            0.195,
            0.182,
            0.158,
            0.126,
            0.179,
            0.184,
            0.109
        ],
        [
            0.185,
            0.192,
            0.12,
            0.118,
            0.173,
            0.148,
            0.107,
            0.161,
            0.183,
            0.173,
            0.105,
            0.0,
            0.152,
            0.166,
            0.192,
            0.171,
            0.168,
            0.188,
            0.141,
            0.117,
            0.111
        ],
        [
            0.136,
            0.186,
            0.155,
            0.104,
            0.191,
            0.182,
            0.106,
            0.179,
            0.118,
            0.105,
            0.14,
            0.171,
            0.0,
            0.143,
            0.184,
            0.112,
            0.164,
            0.132,
            0.106,
            0.176,
            0.167
        ],
        [
            0.146,
            0.147,
            0.139,
            0.168,
            0.101,
            0.111,
            0.109,
            0.111,
            0.155,
            0.142,
            0.166,
            0.152,
            0.178,
            0.0,
            0.103,
            0.109,
            0.166,
            0.185,
            0.183,
            0.109,
            0.16
        ],
        [
            0.115,
            0.13,
            0.185,
            0.162,
            0.184,
            0.16,
            0.19,
            0.127,
            0.148,
            0.194,
            0.176,
            0.105,
            0.121,
            0.137,
            0.0,
            0.129,
            0.184,
            0.181,
            0.142,
            0.125,
            0.124
        ],
        [
            0.123,
            0.15,
            0.154,
            0.189,
            0.15,
            0.156,
            0.123,
            0.198,
            0.148,
            0.115,
            0.129,
            0.173,
            0.127,
            0.199,
            0.156,
            0.0,
            0.16,
            0.169,
            0.139,
            0.181,
            0.181
        ],
        [
            0.18,
            0.163,
            0.18,
            0.18,
            0.123,
            0.105,
            0.192,
            0.139,
            0.108,
            0.187,
            0.184,
            0.161,
            0.11,
            0.187,
            0.149,
            0.109,
            0.0,
            0.114,
            0.187,
            0.189,
            0.193
        ],
        [
            0.132,
            0.158,
            0.162,
            0.136,
            0.102,
            0.106,
            0.108,
            0.145,
            0.141,
            0.103,
            0.106,
            0.138,
            0.165,
            0.15,
            0.175,
            0.156,
            0.109,
            0.0,
            0.136,
            0.16,
            0.187
        ],
        [
            0.188,
            0.196,
            0.186,
            0.14,
            0.156,
            0.106,
            0.194,
            0.159,
            0.104,
            0.189,
            0.172,
            0.199,
            0.11,
            0.142,
            0.111,
            0.194,
            0.115,
            0.172,
            0.0,
            0.16,
            0.148
        ],
        [
            0.143,
            0.18,
            0.16,
            0.134,
            0.173,
            0.167,
            0.144,
            0.17,
            0.117,
            0.143,
            0.178,
            0.179,
            0.175,
            0.2,
            0.139,
            0.191,
            0.178,
            0.176,
            0.132,
            0.0,
            0.177
        ],
        [
            0.106,
            0.166,
            0.102,
            0.119,
            0.144,
            0.183,
            0.13,
            0.192,
            0.194,
            0.175,
            0.135,
            0.145,
            0.197,
            0.157,
            0.159,
            0.157,
            0.116,
            0.199,
            0.159,
            0.168,
            0.0
        ]
    ],
    "service_scv": [
        0.0,
        0.896,
        0.82,
        0.847,
        0.847,
        1.041,
        0.514,
        0.725,
        1.062,
        1.385,
        1.024,
        0.781,
        1.443,
        1.355,
        0.769,
        1.493,
        1.195,
        0.759,
        1.11,
        0.827,
        1.424
    ],
    "service": [
        0.0,
        54.918,
        20.418,
        39.2,
        62.032,
        14.339,
        26.956,
        49.349,
        40.719,
        14.914,
        52.71,
        44.663,
        40.306,
        11.265,
        27.435,
        49.727,
        37.312,
        41.939,
        25.93,
        52.656,
        26.33
    ]
}
