{
    "coords": [
        [
            0,
            0
        ],
        [
            21,
            19
        ],
        [
            21,
            44
        ],
        [
            46,
            20
        ],
        [
            46,
            34
        ],
        [
            22,
            25
        ],
        [
            44,
            26
        ],
        [
            22,
            43
        ],
        [
            11,
            12
        ],
        [
            3,
            7
        ],
        [
            37,
            16
        ],
        [
            7,
            20
        ],
        [
            0,
            32
        ],
        [
            43,
            46
        ],
        [
            24,
            10
        ],
        [
            14,
            13
        ],
        [
            14,
            9
        ],
        [
            0,
            24
        ],
        [
            27,
            13
        ],
        [
            12,
            38
        ],
        [
            41,
            45
        ]
    ],
    "dimension": 21,
    "distances": [
        [
            0.0,
            28.32,
            48.754,
            50.16,
            57.201,
            33.302,
            51.108,
            48.301,
            16.279,
            7.616,
            40.311,
            21.19,
            32.0,
            62.968,
            26.0,
            19.105,
            16.643,
            24.0,
            29.967,
            39.85,
            60.877
        ],
        [
            28.32,
            0.0,
            25.0,
            25.02,
            29.155,
            6.083,
            24.042,
            24.021,
            12.207,
            21.633,
            16.279,
            14.036,
            24.698,
            34.828,
            9.487,
            9.22,
            12.207,
            21.587,
            8.485,
            21.024,
            32.802
        ],
        [
            48.754,
            25.0,
            0.0,
            34.655,
            26.926,
            19.026,
            29.206,
            1.414,
            33.526,
            41.146,
            32.249,
            27.785,
            24.187,
            22.091,
            34.132,
            31.78,
            35.693,
            29.0,
            31.575,
            10.817,
            20.025
        ],
        [
            50.16,
            25.02,
            34.655,
            0.0,
            14.0,
            24.515,
            6.325,
            33.242,
            35.903,
            44.922,
            9.849,
            39.0,
            47.539,
            26.173,
            24.166,
            32.757,
            33.838,
            46.174,
            20.248,
            38.471,
            25.495
        ],
        [
            57.201,
            29.155,
            26.926,
            14.0,
            0.0,
            25.632,
            8.246,
            25.632,
            41.34,
            50.774,
            20.125,
            41.437,
            46.043,
            12.369,
            32.558,
            38.275,
            40.608,
            47.074,
            28.32,
            34.234,
            12.083
        ],
        [
            33.302,
            6.083,
            19.026,
            24.515,
            25.632,
            0.0,
            22.023,
            18.0,
            17.029,
            26.173,
            17.493,
            15.811,
            23.087,
            29.698,
            15.133,
            14.422,
            17.889,
            22.023,
            13.0,
            16.401,
            27.586
        ],
        [
            51.108,
            24.042,
            29.206,
            6.325,
            8.246,
            22.023,
            0.0,
            27.803,
            35.847,
            45.188,
            12.207,
            37.483,
            44.407,
            20.025,
            25.612,
            32.696,
            34.482,
            44.045,
            21.401,
            34.176,
            19.235
        ],
        [
            48.301,
            24.021,
            1.414,
            33.242,
            25.632,
            18.0,
            27.803,
            0.0,
            32.894,
            40.706,
            30.887,
            27.459,
            24.597,
            21.213,
            33.061,
            31.048,
            34.928,
            29.069,
            30.414,
            11.18,
            19.105
        ],
        [
            16.279,
            12.207,
            33.526,
            35.903,
            41.34,
            17.029,
            35.847,
            32.894,
            0.0,
            9.434,
            26.306,
            8.944,
            22.825,
            46.69,
            13.153,
            3.162,
            4.243,
            16.279,
            16.031,
            26.019,
            44.598
        ],
        [
            7.616,
            21.633,
            41.146,
            44.922,
            50.774,
            26.173,
            45.188,
            40.706,
            9.434,
            0.0,
            35.171,
            13.601,
            25.179,
            55.866,
            21.213,
            12.53,
            11.18,
            17.263,
            24.739,
            32.28,
            53.74
        ],
        [
            40.311,
            16.279,
            32.249,
            9.849,
            20.125,
            17.493,
            12.207,
            30.887,
            26.306,
            35.171,
            0.0,
            30.265,
            40.311,
            30.594,
            14.318,
            23.195,
            24.042,
            37.855,
            10.44,
            33.302,
            29.275
        ],
        [
            21.19,
            14.036,
            27.785,
            39.0,
            41.437,
            15.811,
            37.483,
            27.459,
            8.944,
            13.601,
            30.265,
            0.0,
            13.892,
            44.407,
            19.723,
            9.899,
            13.038,
            8.062,
            21.19,
            18.682,
            42.202
        ],
        [
            32.0,
            24.698,
            24.187,
            47.539,
            46.043,
            23.087,
            44.407,
            24.597,
            22.825,
            25.179,
            40.311,
            13.892,
            0.0,
            45.222,
            32.558,
            23.601,
            26.926,
            8.0,
            33.015,
            13.416,
            43.012
        ],
        [
            62.968,
            34.828,
            22.091,
            26.173,
            12.369,
            29.698,
            20.025,
            21.213,
            46.69,
            55.866,
            30.594,
            44.407,
            45.222,
            0.0,
            40.706,
            43.932,
            47.011,
            48.301,
            36.674,
            32.016,
            2.236
        ],
        [
            26.0,
            9.487,
            34.132,
            24.166,
            32.558,
            15.133,
            25.612,
            33.061,
            13.153,
            21.213,
            14.318,
            19.723,
            32.558,
            40.706,
            0.0,
            10.44,
            10.05,
            27.785,
            4.243,
            30.463,
            38.91
        ],
        [
            19.105,
            9.22,
            31.78,
            32.757,
            38.275,
            14.422,
            32.696,
            31.048,
            3.162,
            12.53,
            23.195,
            9.899,
            23.601,
            43.932,
            10.44,
            0.0,
            4.0,
            17.804,
            13.0,
            25.08,
            41.869
        ],
        [
            16.643,
            12.207,
            35.693,
            33.838,
            40.608,
            17.889,
            34.482,
            34.928,
            4.243,
            11.18,
            24.042,
            13.038,
            26.926,
            47.011,
            10.05,
            4.0,
            0.0,
            20.518,
            13.601,
            29.069,
            45.0
        ],
        [
            24.0,
            21.587,
            29.0,
            46.174,
            47.074,
            22.023,
            44.045,
            29.069,
            16.279,
            17.263,
            37.855,
            8.062,
            8.0,
            48.301,
            27.785,
            17.804,
            20.518,
            0.0,
            29.155,
            18.439,
            46.065
        ],
        [
            29.967,
            8.485,
            31.575,
            20.248,
            28.32,
            13.0,
            21.401,
            30.414,
            16.031,
            24.739,
            10.44,
            21.19,
            33.015,
            36.674,
            4.243,
            13.0,
            13.601,
            29.155,
            0.0,
            29.155,
            34.928
        ],
        [
            39.85,
            21.024,
            10.817,
            38.471,
            34.234,
            16.401,
            34.176,
            11.18,
            26.019,
            32.28,
            33.302,
            18.682,
            13.416,
            32.016,
            30.463,
            25.08,
            29.069,
            18.439,
            29.155,
            0.0,
            29.833
        ],
        [
            60.877,
            32.802,
            20.025,
            25.495,
            12.083,
            27.586,
            19.235,
            19.105,
            44.598,
            53.74,
            29.275,
            42.202,
            43.012,
            2.236,
            38.91,
            41.869,
            45.0,
            46.065,
            34.928,
            29.833,
            0.0
        ]
    ],
    "distances_scv": [
        [
            0.0,
            0.109,
            0.284,
            0.324,
            0.21,
            0.26,
            0.27,
            0.166,
            0.134,
            0.29,
            0.417,
            0.213,
            0.346,
            0.115,
            0.452,
            0.459,
            0.471,
            0.236,
            0.261,
            0.179,
            0.165
        ],
        [
            0.196,
            0.0,
            0.472,
            0.317,
            0.172,
            0.277,
            0.389,
            0.229,
            0.258,
            0.298,
            0.32,
            0.444,
            0.449,
            0.226,
            0.155,
            0.153,
            0.121,
            0.222,
            0.194,
            0.102,
            0.386
        ],
        [
            0.472,
            0.372,
            0.0,
            0.309,
            0.172,
            0.269,
            0.153,
            0.122,
            0.383,
            0.345,
            0.215,
            0.286,
            0.359,
            0.446,
            0.475,
            0.333,
            0.399,
            0.426,
            0.454,
            0.299,
            0.232
        ],
        [
            0.458,
            0.176,
            0.268,
            0.0,
            0.193,
            0.174,
            0.298,
            0.359,
            0.289,
            0.399,
            0.394,
            0.199,
            0.165,
            0.187,
            0.397,
            0.243,
            0.227,
            0.169,
            0.121,
            0.21,
            0.285
        ],
        [
            0.224,
            0.495,
            0.1,
            0.152,
            0.0,
            0.291,
            0.325,
            0.328,
            0.463,
            0.362,
            0.284,
            0.283,
            0.163,
            0.448,
            0.229,
            0.335,
            0.105,
            0.252,
            0.324,
            0.435,
            0.459
        ],
        [
            0.162,
            0.431,
            0.191,
            0.235,
            0.49,
            0.0,
            0.271,
            0.329,
            0.231,
            0.32,
            0.137,
            0.461,
            0.447,
            0.224,
            0.429,
            0.297,
            0.107,
            0.26,
            0.421,
            0.284,
            0.461
        ],
        [
            0.401,
            0.144,
            0.253,
            0.21,
            0.219,
            0.345,
            0.0,
            0.131,
            0.189,
            0.429,
            0.378,
            0.276,
            0.236,
            0.314,
            0.233,
            0.493,
            0.434,
            0.134,
            0.388,
            0.269,
            0.118
        ],
        [
            0.492,
            0.229,
            0.234,
            0.259,
            0.406,
            0.135,
            0.191,
            0.0,
            0.454,
            0.3,
            0.361,
            0.158,
            0.236,
            0.318,
            0.279,
            0.288,
            0.442,
            0.162,
            0.301,
            0.202,
            0.188
        ],
        [
            0.273,
            0.327,
            0.458,
            0.249,
            0.396,
            0.324,
            0.152,
            0.177,
            0.0,
            0.464,
            0.392,
            0.213,
            0.308,
            0.165,
            0.209,
            0.371,
            0.107,
            0.445,
            0.211,
            0.386,
            0.41
        ],
        [
            0.38,
            0.233,
            0.273,
            0.229,
            0.219,
            0.238,
            0.397,
            0.37,
            0.495,
            0.0,
            0.333,
            0.247,
            0.241,
            0.239,
            0.325,
            0.209,
            0.216,
            0.447,
            0.329,
            0.353,
            0.461
        ],
        [
            0.27,
            0.339,
            0.343,
            0.419,
            0.189,
            0.366,
            0.173,
            0.198,
            0.119,
            0.25,
            0.0,
            0.126,
            0.193,
            0.216,
            0.125,
            0.145,
            0.13,
            0.126,
            0.195,
            0.218,
            0.463
        ],
        [
            0.276,
            0.389,
            0.302,
            0.364,
            0.372,
            0.143,
            0.488,
            0.444,
            0.259,
            0.215,
            0.219,
            0.0,
            0.131,
            0.462,
            0.164,
            0.407,
            0.332,
            0.335,
            0.442,
            0.386,
            0.329
        ],
        [
            0.262,
            0.338,
            0.445,
            0.114,
            0.494,
            0.303,
            0.189,
            0.286,
            0.363,
            0.494,
            0.12,
            0.144,
            0.0,
            0.219,
            0.496,
            0.492,
            0.205,
            0.191,
            0.386,
            0.445,
            0.435
        ],
        [
            0.425,
            0.128,
            0.346,
            0.154,
            0.469,
            0.433,
            0.432,
            0.359,
            0.278,
            0.47,
            0.296,
            0.396,
            0.433,
            0.0,
            0.373,
            0.401,
            0.356,
            0.209,
            0.128,
            0.278,
            0.313
        ],
        [
            0.41,
            0.129,
            0.411,
            0.15,
            0.303,
            0.285,
            0.144,
            0.15,
            0.283,
            0.107,
            0.494,
            0.107,
            0.286,
            0.271,
            0.0,
            0.399,
            0.151,
            0.496,
            0.321,
            0.477,
            0.272
        ],
        [
            0.183,
            0.181,
            0.208,
            0.16,
            0.29,
            0.25,
            0.226,
            0.193,
            0.256,
            0.328,
            0.262,
            0.289,
            0.306,
            0.122,
            0.191,
            0.0,
            0.114,
            0.119,
            0.342,
            0.287,
            0.44
        ],
        [
            0.208,
            0.38,
            0.122,
            0.452,
            0.477,
            0.392,
            0.455,
            0.227,
            0.408,
            0.474,
            0.327,
            0.448,
            0.392,
            0.489,
            0.156,
            0.359,
            0.0,
            0.21,
            0.221,
            0.422,
            0.159
        ],
        [
            0.396,
            0.36,
            0.346,
            0.377,
            0.448,
            0.351,
            0.182,
            0.185,
            0.155,
            0.438,
            0.112,
            0.344,
            0.341,
            0.169,
            0.405,
            0.1,
            0.171,
            0.0,
            0.481,
            0.395,
            0.394
        ],
        [
            0.416,
            0.101,
            0.219,
            0.117,
            0.424,
            0.448,
            0.33,
            0.334,
            0.201,
            0.327,
            0.443,
            0.156,
            0.412,
            0.489,
            0.184,
            0.431,
            0.316,
            0.195,
            0.0,
            0.407,
            0.388
        ],
        [
            0.45,
            0.5,
            0.302,
            0.231,
            0.286,
            0.417,
            0.311,
            0.295,
            0.255,
            0.204,
            0.408,
            0.137,
            0.44,
            0.18,
            0.454,
            0.22,
            0.454,
            0.173,
            0.24,
            0.0,
            0.21
        ],
        [
            0.346,
            0.229,
            0.36,
            0.252,
            0.492,
            0.395,
            0.377,
            0.324,
            0.411,
            0.374,
            0.18,
            0.404,
            0.22,
            0.312,
            0.111,
            0.292,
            0.158,
            0.389,
            0.484,
            0.44,
            0.0
        ]
    ],
    "service_scv": [
        0.0,
        1.292,
        1.222,
        0.698,
        1.044,
        1.012,
        1.33,
        1.091,
        1.234,
        0.898,
        0.695,
        1.073,
        0.779,
        0.928,
        0.569,
        0.666,
        1.316,
        0.86,
        0.867,
        0.897,
        0.551
    ],
    "service": [
        0,
        22,
        23,
        3,
        24,
        26,
        4,
        26,
        9,
        16,
        18,
        17,
        26,
        12,
        17,
        15,
        19,
        11,
        24,
        20,
        10
    ]
}
