{
    "coords": [
        [
            0,
            0
        ],
        [
            39,
            24
        ],
        [
            29,
            30
        ],
        [
            35,
            1
        ],
        [
            24,
            7
        ],
        [
            20,
            46
        ],
        [
            27,
            3
        ],
        [
            27,
            6
        ],
        [
            37,
            47
        ],
        [
            48,
            31
        ],
        [
            43,
            18
        ],
        [
            7,
            25
        ],
        [
            22,
            33
        ],
        [
            49,
            13
        ],
        [
            42,
            6
        ],
        [
            17,
            39
        ],
        [
            12,
            33
        ],
        [
            22,
            25
        ],
        [
            47,
            40
        ],
        [
            41,
            27
        ],
        [
            49,
            49
        ]
    ],
    "dimension": 21,
    "distances": [
        [
            0.0,
            45.793,
            41.725,
            35.014,
            25.0,
            50.16,
            27.166,
            27.659,
            59.816,
            57.14,
            46.615,
            25.962,
            39.661,
            50.695,
            42.426,
            42.544,
            35.114,
            33.302,
            61.717,
            49.092,
            69.296
        ],
        [
            45.793,
            0.0,
            11.662,
            23.345,
            22.672,
            29.069,
            24.187,
            21.633,
            23.087,
            11.402,
            7.211,
            32.016,
            19.235,
            14.866,
            18.248,
            26.627,
            28.46,
            17.029,
            17.889,
            3.606,
            26.926
        ],
        [
            41.725,
            11.662,
            0.0,
            29.614,
            23.537,
            18.358,
            27.074,
            24.083,
            18.788,
            19.026,
            18.439,
            22.561,
            7.616,
            26.249,
            27.295,
            15.0,
            17.263,
            8.602,
            20.591,
            12.369,
            27.586
        ],
        [
            35.014,
            23.345,
            29.614,
            0.0,
            12.53,
            47.434,
            8.246,
            9.434,
            46.043,
            32.696,
            18.788,
            36.878,
            34.54,
            18.439,
            8.602,
            42.048,
            39.408,
            27.295,
            40.804,
            26.683,
            50.0
        ],
        [
            25.0,
            22.672,
            23.537,
            12.53,
            0.0,
            39.205,
            5.0,
            3.162,
            42.059,
            33.941,
            21.954,
            24.759,
            26.077,
            25.71,
            18.028,
            32.757,
            28.636,
            18.111,
            40.224,
            26.249,
            48.877
        ],
        [
            50.16,
            29.069,
            18.358,
            47.434,
            39.205,
            0.0,
            43.566,
            40.608,
            17.029,
            31.765,
            36.235,
            24.698,
            13.153,
            43.932,
            45.651,
            7.616,
            15.264,
            21.095,
            27.659,
            28.32,
            29.155
        ],
        [
            27.166,
            24.187,
            27.074,
            8.246,
            5.0,
            43.566,
            0.0,
            3.0,
            45.122,
            35.0,
            21.932,
            29.732,
            30.414,
            24.166,
            15.297,
            37.363,
            33.541,
            22.561,
            42.059,
            27.785,
            50.99
        ],
        [
            27.659,
            21.633,
            24.083,
            9.434,
            3.162,
            40.608,
            3.0,
            0.0,
            42.202,
            32.65,
            20.0,
            27.586,
            27.459,
            23.087,
            15.0,
            34.482,
            30.887,
            19.647,
            39.446,
            25.239,
            48.301
        ],
        [
            59.816,
            23.087,
            18.788,
            46.043,
            42.059,
            17.029,
            45.122,
            42.202,
            0.0,
            19.416,
            29.614,
            37.202,
            20.518,
            36.056,
            41.304,
            21.541,
            28.653,
            26.627,
            12.207,
            20.396,
            12.166
        ],
        [
            57.14,
            11.402,
            19.026,
            32.696,
            33.941,
            31.765,
            35.0,
            32.65,
            19.416,
            0.0,
            13.928,
            41.437,
            26.077,
            18.028,
            25.71,
            32.016,
            36.056,
            26.683,
            9.055,
            8.062,
            18.028
        ],
        [
            46.615,
            7.211,
            18.439,
            18.788,
            21.954,
            36.235,
            21.932,
            20.0,
            29.614,
            13.928,
            0.0,
            36.674,
            25.807,
            7.81,
            12.042,
            33.422,
            34.438,
            22.136,
            22.361,
            9.22,
            31.575
        ],
        [
            25.962,
            32.016,
            22.561,
            36.878,
            24.759,
            24.698,
            29.732,
            27.586,
            37.202,
            41.437,
            36.674,
            0.0,
            17.0,
            43.681,
            39.825,
            17.205,
            9.434,
            15.0,
            42.72,
            34.059,
            48.374
        ],
        [
            39.661,
            19.235,
            7.616,
            34.54,
            26.077,
            13.153,
            30.414,
            27.459,
            20.518,
            26.077,
            25.807,
            17.0,
            0.0,
            33.601,
            33.601,
            7.81,
            10.0,
            8.0,
            25.962,
            19.925,
            31.385
        ],
        [
            50.695,
            14.866,
            26.249,
            18.439,
            25.71,
            43.932,
            24.166,
            23.087,
            36.056,
            18.028,
            7.81,
            43.681,
            33.601,
            0.0,
            9.899,
            41.231,
            42.059,
            29.547,
            27.074,
            16.125,
            36.0
        ],
        [
            42.426,
            18.248,
            27.295,
            8.602,
            18.028,
            45.651,
            15.297,
            15.0,
            41.304,
            25.71,
            12.042,
            39.825,
            33.601,
            9.899,
            0.0,
            41.4,
            40.361,
            27.586,
            34.366,
            21.024,
            43.566
        ],
        [
            42.544,
            26.627,
            15.0,
            42.048,
            32.757,
            7.616,
            37.363,
            34.482,
            21.541,
            32.016,
            33.422,
            17.205,
            7.81,
            41.231,
            41.4,
            0.0,
            7.81,
            14.866,
            30.017,
            26.833,
            33.526
        ],
        [
            35.114,
            28.46,
            17.263,
            39.408,
            28.636,
            15.264,
            33.541,
            30.887,
            28.653,
            36.056,
            34.438,
            9.434,
            10.0,
            42.059,
            40.361,
            7.81,
            0.0,
            12.806,
            35.693,
            29.614,
            40.311
        ],
        [
            33.302,
            17.029,
            8.602,
            27.295,
            18.111,
            21.095,
            22.561,
            19.647,
            26.627,
            26.683,
            22.136,
            15.0,
            8.0,
            29.547,
            27.586,
            14.866,
            12.806,
            0.0,
            29.155,
            19.105,
            36.125
        ],
        [
            61.717,
            17.889,
            20.591,
            40.804,
            40.224,
            27.659,
            42.059,
            39.446,
            12.207,
            9.055,
            22.361,
            42.72,
            25.962,
            27.074,
            34.366,
            30.017,
            35.693,
            29.155,
            0.0,
            14.318,
            9.22
        ],
        [
            49.092,
            3.606,
            12.369,
            26.683,
            26.249,
            28.32,
            27.785,
            25.239,
            20.396,
            8.062,
            9.22,
            34.059,
            19.925,
            16.125,
            21.024,
            26.833,
            29.614,
            19.105,
            14.318,
            0.0,
            23.409
        ],
        [
            69.296,
            26.926,
            27.586,
            50.0,
            48.877,
            29.155,
            50.99,
            48.301,
            12.166,
            18.028,
            31.575,
            48.374,
            31.385,
            36.0,
            43.566,
            33.526,
            40.311,
            36.125,
            9.22,
            23.409,
            0.0
        ]
    ],
    "distances_scv": [
        [
            0.0,
            0.15,
            0.15,
            0.15,
            0.15,
            0.15,
            0.15,
            0.15,
            0.15,
            0.15,
            0.15,
            0.15,
            0.15,
            0.15,
            0.15,
            0.15,
            0.15,
            0.15,
            0.15,
            0.15,
            0.15
        ],
        [
            0.15,
            0.0,
            0.15,
            0.15,
            0.15,
            0.15,
            0.15,
            0.15,
            0.15,
            0.15,
            0.15,
            0.15,
            0.15,
            0.15,
            0.15,
            0.15,
            0.15,
            0.15,
            0.15,
            0.15,
            0.15
        ],
        [
            0.15,
            0.15,
            0.0,
            0.15,
            0.15,
            0.15,
            0.15,
            0.15,
            0.15,
            0.15,
            0.15,
            0.15,
            0.15,
            0.15,
            0.15,
            0.15,
            0.15,
            0.15,
            0.15,
            0.15,
            0.15
        ],
        [
            0.15,
            0.15,
            0.15,
            0.0,
            0.15,
            0.15,
            0.15,
            0.15,
            0.15,
            0.15,
            0.15,
            0.15,
            0.15,
            0.15,
            0.15,
            0.15,
            0.15,
            0.15,
            0.15,
            0.15,
            0.15
        ],
        [
            0.15,
            0.15,
            0.15,
            0.15,
            0.0,
            0.15,
            0.15,
            0.15,
            0.15,
            0.15,
            0.15,
            0.15,
            0.15,
            0.15,
            0.15,
            0.15,
            0.15,
            0.15,
            0.15,
            0.15,
            0.15
        ],
        [
            0.15,
            0.15,
            0.15,
            0.15,
            0.15,
            0.0,
            0.15,
            0.15,
            0.15,
            0.15,
            0.15,
            0.15,
            0.15,
            0.15,
            0.15,
            0.15,
            0.15,
            0.15,
            0.15,
            0.15,
            0.15
        ],
        [
            0.15,
            0.15,
            0.15,
            0.15,
            0.15,
            0.15,
            0.0,
            0.15,
            0.15,
            0.15,
            0.15,
            0.15,
            0.15,
            0.15,
            0.15,
            0.15,
            0.15,
            0.15,
            0.15,
            0.15,
            0.15
        ],
        [
            0.15,
            0.15,
            0.15,
            0.15,
            0.15,
            0.15,
            0.15,
            0.0,
            0.15,
            0.15,
            0.15,
            0.15,
            0.15,
            0.15,
            0.15,
            0.15,
            0.15,
            0.15,
            0.15,
            0.15,
            0.15
        ],
        [
            0.15,
            0.15,
            0.15,
            0.15,
            0.15,
            0.15,
            0.15,
            0.15,
            0.0,
            0.15,
            0.15,
            0.15,
            0.15,
            0.15,
            0.15,
            0.15,
            0.15,
            0.15,
            0.15,
            0.15,
            0.15
        ],
        [
            0.15,
            0.15,
            0.15,
            0.15,
            0.15,
            0.15,
            0.15,
            0.15,
            0.15,
            0.0,
            0.15,
            0.15,
            0.15,
            0.15,
            0.15,
            0.15,
            0.15,
            0.15,
            0.15,
            0.15,
            0.15
        ],
        [
            0.15,
            0.15,
            0.15,
            0.15,
            0.15,
            0.15,
            0.15,
            0.15,
            0.15,
            0.15,
            0.0,
            0.15,
            0.15,
            0.15,
            0.15,
            0.15,
            0.15,
            0.15,
            0.15,
            0.15,
            0.15
        ],
        [
            0.15,
            0.15,
            0.15,
            0.15,
            0.15,
            0.15,
            0.15,
            0.15,
            0.15,
            0.15,
            0.15,
            0.0,
            0.15,
            0.15,
            0.15,
            0.15,
            0.15,
            0.15,
            0.15,
            0.15,
            0.15
        ],
        [
            0.15,
            0.15,
            0.15,
            0.15,
            0.15,
            0.15,
            0.15,
            0.15,
            0.15,
            0.15,
            0.15,
            0.15,
            0.0,
            0.15,
            0.15,
            0.15,
            0.15,
            0.15,
            0.15,
            0.15,
            0.15
        ],
        [
            0.15,
            0.15,
            0.15,
            0.15,
            0.15,
            0.15,
            0.15,
            0.15,
            0.15,
            0.15,
            0.15,
            0.15,
            0.15,
            0.0,
            0.15,
            0.15,
            0.15,
            0.15,
            0.15,
            0.15,
            0.15
        ],
        [
            0.15,
            0.15,
            0.15,
            0.15,
            0.15,
            0.15,
            0.15,
            0.15,
            0.15,
            0.15,
            0.15,
            0.15,
            0.15,
            0.15,
            0.0,
            0.15,
            0.15,
            0.15,
            0.15,
            0.15,
            0.15
        ],
        [
            0.15,
            0.15,
            0.15,
            0.15,
            0.15,
            0.15,
            0.15,
            0.15,
            0.15,
            0.15,
            0.15,
            0.15,
            0.15,
            0.15,
            0.15,
            0.0,
            0.15,
            0.15,
            0.15,
            0.15,
            0.15
        ],
        [
            0.15,
            0.15,
            0.15,
            0.15,
            0.15,
            0.15,
            0.15,
            0.15,
            0.15,
            0.15,
            0.15,
            0.15,
            0.15,
            0.15,
            0.15,
            0.15,
            0.0,
            0.15,
            0.15,
            0.15,
            0.15
        ],
        [
            0.15,
            0.15,
            0.15,
            0.15,
            0.15,
            0.15,
            0.15,
            0.15,
            0.15,
            0.15,
            0.15,
            0.15,
            0.15,
            0.15,
            0.15,
            0.15,
            0.15,
            0.0,
            0.15,
            0.15,
            0.15
        ],
        [
            0.15,
            0.15,
            0.15,
            0.15,
            0.15,
            0.15,
            0.15,
            0.15,
            0.15,
            0.15,
            0.15,
            0.15,
            0.15,
            0.15,
            0.15,
            0.15,
            0.15,
            0.15,
            0.0,
            0.15,
            0.15
        ],
        [
            0.15,
            0.15,
            0.15,
            0.15,
            0.15,
            0.15,
            0.15,
            0.15,
            0.15,
            0.15,
            0.15,
            0.15,
            0.15,
            0.15,
            0.15,
            0.15,
            0.15,
            0.15,
            0.15,
            0.0,
            0.15
        ],
        [
            0.15,
            0.15,
            0.15,
            0.15,
            0.15,
            0.15,
            0.15,
            0.15,
            0.15,
            0.15,
            0.15,
            0.15,
            0.15,
            0.15,
            0.15,
            0.15,
            0.15,
            0.15,
            0.15,
            0.15,
            0.0
        ]
    ],
    "service_scv": [
        0.0,
        1.243,
        1.306,
        0.883,
        1.035,
        0.597,
        0.785,
        0.723,
        0.809,
        0.824,
        1.075,
        0.833,
        0.827,
        1.331,
        0.512,
        0.505,
        0.557,
        1.366,
        1.134,
        1.228,
        1.458
    ],
    "service": [
        0,
        59,
        40,
        35,
        47,
        35,
        32,
        37,
        42,
        41,
        31,
        34,
        34,
        35,
        53,
        31,
        40,
        58,
        41,
        41,
        53
    ]
}
