{
    "coords": [
        [
            0,
            0
        ],
        [
            11,
            49
        ],
        [
            8,
            15
        ],
        [
            32,
            39
        ],
        [
            31,
            43
        ],
        [
            2,
            19
        ],
        [
            28,
            21
        ],
        [
            19,
            18
        ],
        [
            2,
            5
        ],
        [
            27,
            23
        ],
        [
            47,
            12
        ],
        [
            42,
            12
        ],
        [
            7,
            9
        ],
        [
            19,
            9
        ],
        [
            44,
            40
        ],
        [
            40,
            21
        ],
        [
            1,
            12
        ],
        [
            22,
            29
        ],
        [
            22,
            30
        ],
        [
            18,
            32
        ],
        [
            1,
            45
        ]
    ],
    "dimension": 21,
    "distances": [
        [
            0.0,
            50.22,
            17.0,
            50.448,
            53.009,
            19.105,
            35.0,
            26.173,
            5.385,
            35.468,
            48.508,
            43.681,
            11.402,
            21.024,
            59.464,
            45.177,
            12.042,
            36.401,
            37.202,
            36.715,
            45.011
        ],
        [
            50.22,
            0.0,
            34.132,
            23.259,
            20.881,
            31.321,
            32.757,
            32.016,
            44.911,
            30.529,
            51.624,
            48.27,
            40.2,
            40.792,
            34.205,
            40.311,
            38.328,
            22.825,
            21.954,
            18.385,
            10.77
        ],
        [
            17.0,
            34.132,
            0.0,
            33.941,
            36.235,
            7.211,
            20.881,
            11.402,
            11.662,
            20.616,
            39.115,
            34.132,
            6.083,
            12.53,
            43.829,
            32.558,
            7.616,
            19.799,
            20.518,
            19.723,
            30.806
        ],
        [
            50.448,
            23.259,
            33.941,
            0.0,
            4.123,
            36.056,
            18.439,
            24.698,
            45.343,
            16.763,
            30.887,
            28.792,
            39.051,
            32.696,
            12.042,
            19.698,
            41.11,
            14.142,
            13.454,
            15.652,
            31.575
        ],
        [
            53.009,
            20.881,
            36.235,
            4.123,
            0.0,
            37.643,
            22.204,
            27.731,
            47.802,
            20.396,
            34.886,
            32.894,
            41.617,
            36.056,
            13.342,
            23.77,
            43.139,
            16.643,
            15.811,
            17.029,
            30.067
        ],
        [
            19.105,
            31.321,
            7.211,
            36.056,
            37.643,
            0.0,
            26.077,
            17.029,
            14.0,
            25.318,
            45.541,
            40.608,
            11.18,
            19.723,
            46.957,
            38.053,
            7.071,
            22.361,
            22.825,
            20.616,
            26.019
        ],
        [
            35.0,
            32.757,
            20.881,
            18.439,
            22.204,
            26.077,
            0.0,
            9.487,
            30.529,
            2.236,
            21.024,
            16.643,
            24.187,
            15.0,
            24.839,
            12.0,
            28.46,
            10.0,
            10.817,
            14.866,
            36.125
        ],
        [
            26.173,
            32.016,
            11.402,
            24.698,
            27.731,
            17.029,
            9.487,
            0.0,
            21.401,
            9.434,
            28.636,
            23.77,
            15.0,
            9.0,
            33.302,
            21.213,
            18.974,
            11.402,
            12.369,
            14.036,
            32.45
        ],
        [
            5.385,
            44.911,
            11.662,
            45.343,
            47.802,
            14.0,
            30.529,
            21.401,
            0.0,
            30.806,
            45.541,
            40.608,
            6.403,
            17.464,
            54.672,
            41.231,
            7.071,
            31.241,
            32.016,
            31.385,
            40.012
        ],
        [
            35.468,
            30.529,
            20.616,
            16.763,
            20.396,
            25.318,
            2.236,
            9.434,
            30.806,
            0.0,
            22.825,
            18.601,
            24.413,
            16.125,
            24.042,
            13.153,
            28.231,
            7.81,
            8.602,
            12.728,
            34.059
        ],
        [
            48.508,
            51.624,
            39.115,
            30.887,
            34.886,
            45.541,
            21.024,
            28.636,
            45.541,
            22.825,
            0.0,
            5.0,
            40.112,
            28.16,
            28.16,
            11.402,
            46.0,
            30.232,
            30.806,
            35.228,
            56.613
        ],
        [
            43.681,
            48.27,
            34.132,
            28.792,
            32.894,
            40.608,
            16.643,
            23.77,
            40.608,
            18.601,
            5.0,
            0.0,
            35.128,
            23.195,
            28.071,
            9.22,
            41.0,
            26.249,
            26.907,
            31.241,
            52.631
        ],
        [
            11.402,
            40.2,
            6.083,
            39.051,
            41.617,
            11.18,
            24.187,
            15.0,
            6.403,
            24.413,
            40.112,
            35.128,
            0.0,
            12.0,
            48.27,
            35.114,
            6.708,
            25.0,
            25.807,
            25.495,
            36.497
        ],
        [
            21.024,
            40.792,
            12.53,
            32.696,
            36.056,
            19.723,
            15.0,
            9.0,
            17.464,
            16.125,
            28.16,
            23.195,
            12.0,
            0.0,
            39.825,
            24.187,
            18.248,
            20.224,
            21.213,
            23.022,
            40.249
        ],
        [
            59.464,
            34.205,
            43.829,
            12.042,
            13.342,
            46.957,
            24.839,
            33.302,
            54.672,
            24.042,
            28.16,
            28.071,
            48.27,
            39.825,
            0.0,
            19.416,
            51.313,
            24.597,
            24.166,
            27.203,
            43.29
        ],
        [
            45.177,
            40.311,
            32.558,
            19.698,
            23.77,
            38.053,
            12.0,
            21.213,
            41.231,
            13.153,
            11.402,
            9.22,
            35.114,
            24.187,
            19.416,
            0.0,
            40.025,
            19.698,
            20.125,
            24.597,
            45.793
        ],
        [
            12.042,
            38.328,
            7.616,
            41.11,
            43.139,
            7.071,
            28.46,
            18.974,
            7.071,
            28.231,
            46.0,
            41.0,
            6.708,
            18.248,
            51.313,
            40.025,
            0.0,
            27.019,
            27.659,
            26.249,
            33.0
        ],
        [
            36.401,
            22.825,
            19.799,
            14.142,
            16.643,
            22.361,
            10.0,
            11.402,
            31.241,
            7.81,
            30.232,
            26.249,
            25.0,
            20.224,
            24.597,
            19.698,
            27.019,
            0.0,
            1.0,
            5.0,
            26.401
        ],
        [
            37.202,
            21.954,
            20.518,
            13.454,
            15.811,
            22.825,
            10.817,
            12.369,
            32.016,
            8.602,
            30.806,
            26.907,
            25.807,
            21.213,
            24.166,
            20.125,
            27.659,
            1.0,
            0.0,
            4.472,
            25.807
        ],
        [
            36.715,
            18.385,
            19.723,
            15.652,
            17.029,
            20.616,
            14.866,
            14.036,
            31.385,
            12.728,
            35.228,
            31.241,
            25.495,
            23.022,
            27.203,
            24.597,
            26.249,
            5.0,
            4.472,
            0.0,
            21.401
        ],
        [
            45.011,
            10.77,
            30.806,
            31.575,
            30.067,
            26.019,
            36.125,
            32.45,
            40.012,
            34.059,
            56.613,
            52.631,
            36.497,
            40.249,
            43.29,
            45.793,
            33.0,
            26.401,
            25.807,
            21.401,
            0.0
        ]
    ],
    "distances_scv": [
        [
            0.0,
            0.249,
            0.214,
            0.107,
            0.173,
            0.258,
            0.257,
            0.347,
            0.281,
            0.343,
            0.189,
            0.154,
            0.232,
            0.138,
            0.246,
            0.284,
            0.388,
            0.447,
            0.121,
            0.482,
            0.388
        ],
        [
            0.496,
            0.0,
            0.25,
            0.301,
            0.399,
            0.224,
            0.28,
            0.21,
            0.28,
            0.304,
            0.326,
            0.382,
            0.197,
            0.352,
            0.136,
            0.344,
            0.284,
            0.154,
            0.203,
            0.126,
            0.249
        ],
        [
            0.262,
            0.296,
            0.0,
            0.386,
            0.228,
            0.213,
            0.457,
            0.34,
            0.363,
            0.313,
            0.186,
            0.16,
            0.174,
            0.236,
            0.168,
            0.291,
            0.487,
            0.396,
            0.224,
            0.223,
            0.413
        ],
        [
            0.49,
            0.346,
            0.203,
            0.0,
            0.163,
            0.274,
            0.456,
            0.181,
            0.277,
            0.353,
            0.479,
            0.352,
            0.277,
            0.361,
            0.218,
            0.14,
            0.433,
            0.287,
            0.471,
            0.175,
            0.105
        ],
        [
            0.306,
            0.385,
            0.496,
            0.355,
            0.0,
            0.323,
            0.254,
            0.174,
            0.428,
            0.386,
            0.423,
            0.344,
            0.379,
            0.375,
            0.202,
            0.324,
            0.449,
            0.248,
            0.167,
            0.109,
            0.132
        ],
        [
            0.274,
            0.108,
            0.371,
            0.39,
            0.474,
            0.0,
            0.271,
            0.411,
            0.403,
            0.126,
            0.111,
            0.178,
            0.48,
            0.252,
            0.427,
            0.246,
            0.36,
            0.249,
            0.428,
            0.306,
            0.478
        ],
        [
            0.425,
            0.492,
            0.233,
            0.211,
            0.359,
            0.382,
            0.0,
            0.161,
            0.2,
            0.5,
            0.223,
            0.233,
            0.306,
            0.147,
            0.16,
            0.417,
            0.297,
            0.187,
            0.463,
            0.207,
            0.374
        ],
        [
            0.378,
            0.138,
            0.131,
            0.409,
            0.154,
            0.178,
            0.449,
            0.0,
            0.458,
            0.455,
            0.392,
            0.135,
            0.308,
            0.202,
            0.168,
            0.273,
            0.421,
            0.478,
            0.304,
            0.303,
            0.452
        ],
        [
            0.332,
            0.433,
            0.299,
            0.488,
            0.382,
            0.282,
            0.165,
            0.466,
            0.0,
            0.123,
            0.107,
            0.435,
            0.388,
            0.124,
            0.123,
            0.167,
            0.377,
            0.241,
            0.424,
            0.484,
            0.361
        ],
        [
            0.289,
            0.448,
            0.209,
            0.388,
            0.115,
            0.205,
            0.358,
            0.399,
            0.275,
            0.0,
            0.399,
            0.394,
            0.395,
            0.461,
            0.132,
            0.217,
            0.397,
            0.458,
            0.439,
            0.279,
            0.419
        ],
        [
            0.335,
            0.143,
            0.438,
            0.264,
            0.106,
            0.183,
            0.19,
            0.125,
            0.484,
            0.271,
            0.0,
            0.338,
            0.477,
            0.318,
            0.237,
            0.275,
            0.224,
            0.402,
            0.448,
            0.171,
            0.112
        ],
        [
            0.447,
            0.359,
            0.473,
            0.234,
            0.18,
            0.46,
            0.125,
            0.413,
            0.418,
            0.437,
            0.284,
            0.0,
            0.112,
            0.288,
            0.499,
            0.238,
            0.314,
            0.158,
            0.375,
            0.435,
            0.223
        ],
        [
            0.314,
            0.21,
            0.216,
            0.12,
            0.264,
            0.437,
            0.404,
            0.381,
            0.256,
            0.307,
            0.345,
            0.145,
            0.0,
            0.211,
            0.245,
            0.127,
            0.282,
            0.398,
            0.262,
            0.312,
            0.345
        ],
        [
            0.471,
            0.439,
            0.294,
            0.232,
            0.432,
            0.313,
            0.429,
            0.165,
            0.203,
            0.371,
            0.339,
            0.232,
            0.247,
            0.0,
            0.413,
            0.127,
            0.183,
            0.367,
            0.173,
            0.341,
            0.27
        ],
        [
            0.424,
            0.413,
            0.216,
            0.181,
            0.124,
            0.275,
            0.276,
            0.393,
            0.396,
            0.403,
            0.379,
            0.347,
            0.27,
            0.187,
            0.0,
            0.415,
            0.165,
            0.203,
            0.318,
            0.206,
            0.296
        ],
        [
            0.461,
            0.229,
            0.353,
            0.333,
            0.245,
            0.232,
            0.27,
            0.101,
            0.145,
            0.417,
            0.164,
            0.214,
            0.288,
            0.425,
            0.391,
            0.0,
            0.394,
            0.209,
            0.421,
            0.124,
            0.203
        ],
        [
            0.203,
            0.261,
            0.151,
            0.457,
            0.234,
            0.33,
            0.134,
            0.297,
            0.266,
            0.118,
            0.307,
            0.374,
            0.427,
            0.386,
            0.408,
            0.346,
            0.0,
            0.265,
            0.288,
            0.244,
            0.354
        ],
        [
            0.265,
            0.319,
            0.448,
            0.353,
            0.308,
            0.285,
            0.384,
            0.398,
            0.462,
            0.231,
            0.288,
            0.337,
            0.415,
            0.306,
            0.173,
            0.393,
            0.155,
            0.0,
            0.496,
            0.454,
            0.459
        ],
        [
            0.189,
            0.106,
            0.137,
            0.405,
            0.479,
            0.491,
            0.279,
            0.398,
            0.427,
            0.122,
            0.318,
            0.407,
            0.255,
            0.295,
            0.107,
            0.173,
            0.159,
            0.295,
            0.0,
            0.345,
            0.321
        ],
        [
            0.225,
            0.14,
            0.285,
            0.291,
            0.229,
            0.124,
            0.475,
            0.352,
            0.327,
            0.332,
            0.338,
            0.338,
            0.363,
            0.207,
            0.165,
            0.332,
            0.423,
            0.272,
            0.316,
            0.0,
            0.304
        ],
        [
            0.222,
            0.422,
            0.133,
            0.185,
            0.41,
            0.124,
            0.227,
            0.314,
            0.305,
            0.315,
            0.489,
            0.106,
            0.378,
            0.229,
            0.215,
            0.125,
            0.198,
            0.463,
            0.465,
            0.481,
            0.0
        ]
    ],
    "service_scv": [
        0.0,
        0.636,
        0.993,
        1.198,
        1.035,
        0.652,
        1.44,
        1.401,
        1.45,
        0.968,
        1.032,
        0.681,
        0.692,
        1.147,
        1.23,
        0.934,
        1.17,
        1.178,
        0.992,
        0.911,
        1.435
    ],
    "service": [
        0.0,
        22.986,
        18.365,
        33.679,
        17.781,
        68.95,
        37.082,
        28.315,
        20.384,
        35.778,
        46.821,
        35.455,
        14.658,
        28.288,
        6.138,
        53.195,
        41.903,
        34.756,
        36.022,
        23.117,
        29.446
    ]
}
