{
    "coords": [
        [
            0,
            0
        ],
        [
            48,
            47
        ],
        [
            3,
            9
        ],
        [
            9,
            8
        ],
        [
            29,
            17
        ],
        [
            24,
            11
        ],
        [
            47,
            33
        ],
        [
            33,
            5
        ],
        [
            7,
            44
        ],
        [
            15,
            42
        ],
        [
            39,
            0
        ],
        [
            23,
            27
        ],
        [
            23,
            5
        ],
        [
            35,
            12
        ],
        [
            17,
            20
        ],
        [
            14,
            22
        ],
        [
            41,
            23
        ],
        [
            37,
            46
        ],
        [
            10,
            12
        ],
        [
            27,
            9
        ],
        [
            34,
            33
        ]
    ],
    "dimension": 21,
    "distances": [
        [
            0.0,
            67.179,
            9.487,
            12.042,
            33.615,
            26.401,
            57.428,
            33.377,
            44.553,
            44.598,
            39.0,
            35.468,
            23.537,
            37.0,
            26.249,
            26.077,
            47.011,
            59.034,
            15.62,
            28.46,
            47.381
        ],
        [
            67.179,
            0.0,
            58.898,
            55.154,
            35.511,
            43.267,
            14.036,
            44.598,
            41.11,
            33.377,
            47.854,
            32.016,
            48.877,
            37.336,
            41.11,
            42.202,
            25.0,
            11.045,
            51.662,
            43.417,
            19.799
        ],
        [
            9.487,
            58.898,
            0.0,
            6.083,
            27.203,
            21.095,
            50.12,
            30.265,
            35.228,
            35.114,
            37.108,
            26.907,
            20.396,
            32.14,
            17.804,
            17.029,
            40.497,
            50.249,
            7.616,
            24.0,
            39.205
        ],
        [
            12.042,
            55.154,
            6.083,
            0.0,
            21.932,
            15.297,
            45.486,
            24.187,
            36.056,
            34.525,
            31.048,
            23.601,
            14.318,
            26.306,
            14.422,
            14.866,
            35.341,
            47.202,
            4.123,
            18.028,
            35.355
        ],
        [
            33.615,
            35.511,
            27.203,
            21.932,
            0.0,
            7.81,
            24.083,
            12.649,
            34.828,
            28.653,
            19.723,
            11.662,
            13.416,
            7.81,
            12.369,
            15.811,
            13.416,
            30.083,
            19.647,
            8.246,
            16.763
        ],
        [
            26.401,
            43.267,
            21.095,
            15.297,
            7.81,
            0.0,
            31.828,
            10.817,
            37.121,
            32.28,
            18.601,
            16.031,
            6.083,
            11.045,
            11.402,
            14.866,
            20.809,
            37.336,
            14.036,
            3.606,
            24.166
        ],
        [
            57.428,
            14.036,
            50.12,
            45.486,
            24.083,
            31.828,
            0.0,
            31.305,
            41.485,
            33.242,
            33.956,
            24.739,
            36.878,
            24.187,
            32.696,
            34.785,
            11.662,
            16.401,
            42.544,
            31.241,
            13.0
        ],
        [
            33.377,
            44.598,
            30.265,
            24.187,
            12.649,
            10.817,
            31.305,
            0.0,
            46.872,
            41.146,
            7.81,
            24.166,
            10.0,
            7.28,
            21.932,
            25.495,
            19.698,
            41.195,
            24.042,
            7.211,
            28.018
        ],
        [
            44.553,
            41.11,
            35.228,
            36.056,
            34.828,
            37.121,
            41.485,
            46.872,
            0.0,
            8.246,
            54.406,
            23.345,
            42.154,
            42.521,
            26.0,
            23.087,
            39.962,
            30.067,
            32.14,
            40.311,
            29.155
        ],
        [
            44.598,
            33.377,
            35.114,
            34.525,
            28.653,
            32.28,
            33.242,
            41.146,
            8.246,
            0.0,
            48.374,
            17.0,
            37.855,
            36.056,
            22.091,
            20.025,
            32.202,
            22.361,
            30.414,
            35.114,
            21.024
        ],
        [
            39.0,
            47.854,
            37.108,
            31.048,
            19.723,
            18.601,
            33.956,
            7.81,
            54.406,
            48.374,
            0.0,
            31.385,
            16.763,
            12.649,
            29.732,
            33.302,
            23.087,
            46.043,
            31.385,
            15.0,
            33.377
        ],
        [
            35.468,
            32.016,
            26.907,
            23.601,
            11.662,
            16.031,
            24.739,
            24.166,
            23.345,
            17.0,
            31.385,
            0.0,
            22.0,
            19.209,
            9.22,
            10.296,
            18.439,
            23.601,
            19.849,
            18.439,
            12.53
        ],
        [
            23.537,
            48.877,
            20.396,
            14.318,
            13.416,
            6.083,
            36.878,
            10.0,
            42.154,
            37.855,
            16.763,
            22.0,
            0.0,
            13.892,
            16.155,
            19.235,
            25.456,
            43.324,
            14.765,
            5.657,
            30.083
        ],
        [
            37.0,
            37.336,
            32.14,
            26.306,
            7.81,
            11.045,
            24.187,
            7.28,
            42.521,
            36.056,
            12.649,
            19.209,
            13.892,
            0.0,
            19.698,
            23.259,
            12.53,
            34.059,
            25.0,
            8.544,
            21.024
        ],
        [
            26.249,
            41.11,
            17.804,
            14.422,
            12.369,
            11.402,
            32.696,
            21.932,
            26.0,
            22.091,
            29.732,
            9.22,
            16.155,
            19.698,
            0.0,
            3.606,
            24.187,
            32.802,
            10.63,
            14.866,
            21.401
        ],
        [
            26.077,
            42.202,
            17.029,
            14.866,
            15.811,
            14.866,
            34.785,
            25.495,
            23.087,
            20.025,
            33.302,
            10.296,
            19.235,
            23.259,
            3.606,
            0.0,
            27.019,
            33.242,
            10.77,
            18.385,
            22.825
        ],
        [
            47.011,
            25.0,
            40.497,
            35.341,
            13.416,
            20.809,
            11.662,
            19.698,
            39.962,
            32.202,
            23.087,
            18.439,
            25.456,
            12.53,
            24.187,
            27.019,
            0.0,
            23.345,
            32.894,
            19.799,
            12.207
        ],
        [
            59.034,
            11.045,
            50.249,
            47.202,
            30.083,
            37.336,
            16.401,
            41.195,
            30.067,
            22.361,
            46.043,
            23.601,
            43.324,
            34.059,
            32.802,
            33.242,
            23.345,
            0.0,
            43.417,
            38.328,
            13.342
        ],
        [
            15.62,
            51.662,
            7.616,
            4.123,
            19.647,
            14.036,
            42.544,
            24.042,
            32.14,
            30.414,
            31.385,
            19.849,
            14.765,
            25.0,
            10.63,
            10.77,
            32.894,
            43.417,
            0.0,
            17.263,
            31.89
        ],
        [
            28.46,
            43.417,
            24.0,
            18.028,
            8.246,
            3.606,
            31.241,
            7.211,
            40.311,
            35.114,
            15.0,
            18.439,
            5.657,
            8.544,
            14.866,
            18.385,
            19.799,
            38.328,
            17.263,
            0.0,
            25.0
        ],
        [
            47.381,
            19.799,
            39.205,
            35.355,
            16.763,
            24.166,
            13.0,
            28.018,
            29.155,
            21.024,
            33.377,
            12.53,
            30.083,
            21.024,
            21.401,
            22.825,
            12.207,
            13.342,
            31.89,
            25.0,
            0.0
        ]
    ],
    "distances_scv": [
        [
            0.0,
            0.469,
            0.452,
            0.126,
            0.475,
            0.36,
            0.449,
            0.263,
            0.188,
            0.417,
            0.365,
            0.412,
            0.181,
            0.154,
            0.405,
            0.108,
            0.478,
            0.154,
            0.34,
            0.268,
            0.23
        ],
        [
            0.168,
            0.0,
            0.466,
            0.392,
            0.34,
            0.385,
            0.314,
            0.323,
            0.462,
            0.213,
            0.189,
            0.479,
            0.477,
            0.29,
            0.42,
            0.397,
            0.48,
            0.133,
            0.459,
            0.3,
            0.28
        ],
        [
            0.375,
            0.347,
            0.0,
            0.216,
            0.467,
            0.428,
            0.141,
            0.262,
            0.405,
            0.452,
            0.485,
            0.196,
            0.457,
            0.378,
            0.127,
            0.184,
            0.175,
            0.131,
            0.375,
            0.224,
            0.377
        ],
        [
            0.133,
            0.448,
            0.378,
            0.0,
            0.343,
            0.283,
            0.177,
            0.477,
            0.158,
            0.309,
            0.149,
            0.143,
            0.379,
            0.456,
            0.284,
            0.418,
            0.444,
            0.314,
            0.41,
            0.217,
            0.16
        ],
        [
            0.176,
            0.103,
            0.128,
            0.4,
            0.0,
            0.123,
            0.388,
            0.411,
            0.372,
            0.3,
            0.294,
            0.378,
            0.198,
            0.401,
            0.177,
            0.114,
            0.473,
            0.136,
            0.179,
            0.122,
            0.104
        ],
        [
            0.15,
            0.469,
            0.378,
            0.262,
            0.103,
            0.0,
            0.294,
            0.442,
            0.302,
            0.131,
            0.129,
            0.416,
            0.189,
            0.16,
            0.264,
            0.205,
            0.211,
            0.417,
            0.288,
            0.498,
            0.139
        ],
        [
            0.218,
            0.453,
            0.274,
            0.408,
            0.273,
            0.262,
            0.0,
            0.225,
            0.319,
            0.326,
            0.117,
            0.14,
            0.194,
            0.101,
            0.373,
            0.331,
            0.237,
            0.268,
            0.116,
            0.26,
            0.437
        ],
        [
            0.115,
            0.361,
            0.377,
            0.188,
            0.218,
            0.172,
            0.326,
            0.0,
            0.152,
            0.216,
            0.198,
            0.495,
            0.344,
            0.291,
            0.296,
            0.33,
            0.492,
            0.254,
            0.123,
            0.174,
            0.103
        ],
        [
            0.181,
            0.341,
            0.203,
            0.434,
            0.481,
            0.149,
            0.422,
            0.365,
            0.0,
            0.176,
            0.406,
            0.233,
            0.18,
            0.204,
            0.475,
            0.292,
            0.274,
            0.449,
            0.443,
            0.459,
            0.109
        ],
        [
            0.498,
            0.375,
            0.461,
            0.421,
            0.459,
            0.454,
            0.359,
            0.151,
            0.372,
            0.0,
            0.24,
            0.213,
            0.218,
            0.422,
            0.453,
            0.46,
            0.348,
            0.409,
            0.15,
            0.239,
            0.415
        ],
        [
            0.282,
            0.298,
            0.414,
            0.189,
            0.447,
            0.396,
            0.131,
            0.27,
            0.467,
            0.208,
            0.0,
            0.168,
            0.317,
            0.141,
            0.122,
            0.155,
            0.43,
            0.487,
            0.154,
            0.323,
            0.372
        ],
        [
            0.128,
            0.452,
            0.399,
            0.372,
            0.292,
            0.416,
            0.43,
            0.214,
            0.195,
            0.493,
            0.294,
            0.0,
            0.474,
            0.389,
            0.399,
            0.422,
            0.434,
            0.373,
            0.498,
            0.416,
            0.431
        ],
        [
            0.432,
            0.119,
            0.496,
            0.406,
            0.134,
            0.388,
            0.384,
            0.299,
            0.221,
            0.316,
            0.165,
            0.258,
            0.0,
            0.386,
            0.317,
            0.456,
            0.457,
            0.464,
            0.337,
            0.2,
            0.118
        ],
        [
            0.332,
            0.307,
            0.101,
            0.157,
            0.487,
            0.401,
            0.462,
            0.23,
            0.273,
            0.334,
            0.261,
            0.113,
            0.288,
            0.0,
            0.243,
            0.47,
            0.473,
            0.112,
            0.266,
            0.341,
            0.263
        ],
        [
            0.491,
            0.221,
            0.459,
            0.238,
            0.455,
            0.14,
            0.441,
            0.437,
            0.326,
            0.222,
            0.256,
            0.151,
            0.212,
            0.306,
            0.0,
            0.288,
            0.449,
            0.185,
            0.413,
            0.445,
            0.242
        ],
        [
            0.123,
            0.428,
            0.392,
            0.294,
            0.47,
            0.204,
            0.391,
            0.359,
            0.255,
            0.412,
            0.143,
            0.223,
            0.298,
            0.486,
            0.405,
            0.0,
            0.35,
            0.155,
            0.256,
            0.486,
            0.21
        ],
        [
            0.141,
            0.471,
            0.185,
            0.335,
            0.205,
            0.478,
            0.401,
            0.42,
            0.141,
            0.245,
            0.442,
            0.218,
            0.143,
            0.442,
            0.208,
            0.337,
            0.0,
            0.148,
            0.297,
            0.356,
            0.408
        ],
        [
            0.473,
            0.308,
            0.375,
            0.225,
            0.457,
            0.238,
            0.115,
            0.184,
            0.158,
            0.356,
            0.164,
            0.282,
            0.231,
            0.418,
            0.216,
            0.195,
            0.215,
            0.0,
            0.362,
            0.309,
            0.378
        ],
        [
            0.147,
            0.421,
            0.317,
            0.49,
            0.495,
            0.106,
            0.341,
            0.202,
            0.378,
            0.155,
            0.327,
            0.405,
            0.328,
            0.221,
            0.398,
            0.474,
            0.21,
            0.144,
            0.0,
            0.263,
            0.257
        ],
        [
            0.479,
            0.196,
            0.123,
            0.106,
            0.293,
            0.208,
            0.295,
            0.377,
            0.229,
            0.152,
            0.465,
            0.174,
            0.224,
            0.109,
            0.345,
            0.195,
            0.399,
            0.272,
            0.431,
            0.0,
            0.412
        ],
        [
            0.128,
            0.242,
            0.229,
            0.263,
            0.187,
            0.217,
            0.489,
            0.133,
            0.298,
            0.462,
            0.285,
            0.278,
            0.309,
            0.154,
            0.18,
            0.381,
            0.339,
            0.192,
            0.292,
            0.494,
            0.0
        ]
    ],
    "service_scv": [
        0.0,
        1.037,
        1.41,
        1.346,
        1.142,
        1.093,
        1.275,
        0.671,
        0.869,
        1.142,
        1.023,
        0.666,
        0.825,
        0.636,
        1.335,
        0.682,
        1.148,
        0.669,
        0.627,
        0.541,
        0.86
    ],
    "service": [
        0,
        24,
        10,
        29,
        30,
        17,
        17,
        5,
        29,
        15,
        10,
        24,
        9,
        20,
        14,
        26,
        26,
        16,
        7,
        1,
        17
    ]
}
