{
    "coords": [
        [
            0,
            0
        ],
        [
            10,
            35
        ],
        [
            43,
            14
        ],
        [
            18,
            4
        ],
        [
            48,
            48
        ],
        [
            34,
            28
        ],
        [
            28,
            32
        ],
        [
            36,
            28
        ],
        [
            39,
            23
        ],
        [
            18,
            6
        ],
        [
            40,
            15
        ],
        [
            33,
            36
        ],
        [
            34,
            45
        ],
        [
            34,
            44
        ],
        [
            37,
            47
        ],
        [
            24,
            1
        ],
        [
            30,
            36
        ],
        [
            7,
            33
        ],
        [
            38,
            31
        ],
        [
            11,
            31
        ],
        [
            28,
            6
        ],
        [
            33,
            31
        ],
        [
            42,
            39
        ],
        [
            42,
            0
        ],
        [
            3,
            46
        ],
        [
            41,
            6
        ]
    ],
    "dimension": 26,
    "distances": [
        [
            0.0,
            36.401,
            45.222,
            18.439,
            67.882,
            44.045,
            42.521,
            45.607,
            45.277,
            18.974,
            42.72,
            48.836,
            56.4,
            55.606,
            59.816,
            24.021,
            46.861,
            33.734,
            49.041,
            32.894,
            28.636,
            45.277,
            57.315,
            42.0,
            46.098,
            41.437
        ],
        [
            36.401,
            0.0,
            39.115,
            32.016,
            40.162,
            25.0,
            18.248,
            26.926,
            31.385,
            30.083,
            36.056,
            23.022,
            26.0,
            25.632,
            29.547,
            36.77,
            20.025,
            3.606,
            28.284,
            4.123,
            34.132,
            23.345,
            32.249,
            47.424,
            13.038,
            42.45
        ],
        [
            45.222,
            39.115,
            0.0,
            26.926,
            34.366,
            16.643,
            23.431,
            15.652,
            9.849,
            26.249,
            3.162,
            24.166,
            32.28,
            31.321,
            33.541,
            23.022,
            25.554,
            40.706,
            17.72,
            36.235,
            17.0,
            19.723,
            25.02,
            14.036,
            51.225,
            8.246
        ],
        [
            18.439,
            32.016,
            26.926,
            0.0,
            53.254,
            28.844,
            29.732,
            30.0,
            28.32,
            2.0,
            24.597,
            35.341,
            44.011,
            43.081,
            47.011,
            6.708,
            34.176,
            31.016,
            33.601,
            27.893,
            10.198,
            30.887,
            42.438,
            24.331,
            44.598,
            23.087
        ],
        [
            67.882,
            40.162,
            34.366,
            53.254,
            0.0,
            24.413,
            25.612,
            23.324,
            26.571,
            51.614,
            33.956,
            19.209,
            14.318,
            14.56,
            11.045,
            52.773,
            21.633,
            43.658,
            19.723,
            40.719,
            46.519,
            22.672,
            10.817,
            48.374,
            45.044,
            42.579
        ],
        [
            44.045,
            25.0,
            16.643,
            28.844,
            24.413,
            0.0,
            7.211,
            2.0,
            7.071,
            27.203,
            14.318,
            8.062,
            17.0,
            16.0,
            19.235,
            28.792,
            8.944,
            27.459,
            5.0,
            23.195,
            22.804,
            3.162,
            13.601,
            29.12,
            35.847,
            23.087
        ],
        [
            42.521,
            18.248,
            23.431,
            29.732,
            25.612,
            7.211,
            0.0,
            8.944,
            14.213,
            27.857,
            20.809,
            6.403,
            14.318,
            13.416,
            17.493,
            31.257,
            4.472,
            21.024,
            10.05,
            17.029,
            26.0,
            5.099,
            15.652,
            34.928,
            28.653,
            29.069
        ],
        [
            45.607,
            26.926,
            15.652,
            30.0,
            23.324,
            2.0,
            8.944,
            0.0,
            5.831,
            28.425,
            13.601,
            8.544,
            17.117,
            16.125,
            19.026,
            29.547,
            10.0,
            29.428,
            3.606,
            25.179,
            23.409,
            4.243,
            12.53,
            28.636,
            37.59,
            22.561
        ],
        [
            45.277,
            31.385,
            9.849,
            28.32,
            26.571,
            7.071,
            14.213,
            5.831,
            0.0,
            27.019,
            8.062,
            14.318,
            22.561,
            21.587,
            24.083,
            26.627,
            15.811,
            33.526,
            8.062,
            29.12,
            20.248,
            10.0,
            16.279,
            23.195,
            42.72,
            17.117
        ],
        [
            18.974,
            30.083,
            26.249,
            2.0,
            51.614,
            27.203,
            27.857,
            28.425,
            27.019,
            0.0,
            23.77,
            33.541,
            42.154,
            41.231,
            45.188,
            7.81,
            32.311,
            29.155,
            32.016,
            25.962,
            10.0,
            29.155,
            40.804,
            24.739,
            42.72,
            23.0
        ],
        [
            42.72,
            36.056,
            3.162,
            24.597,
            33.956,
            14.318,
            20.809,
            13.601,
            8.062,
            23.77,
            0.0,
            22.136,
            30.594,
            29.614,
            32.14,
            21.26,
            23.259,
            37.59,
            16.125,
            33.121,
            15.0,
            17.464,
            24.083,
            15.133,
            48.27,
            9.055
        ],
        [
            48.836,
            23.022,
            24.166,
            35.341,
            19.209,
            8.062,
            6.403,
            8.544,
            14.318,
            33.541,
            22.136,
            0.0,
            9.055,
            8.062,
            11.705,
            36.139,
            3.0,
            26.173,
            7.071,
            22.561,
            30.414,
            5.0,
            9.487,
            37.108,
            31.623,
            31.048
        ],
        [
            56.4,
            26.0,
            32.28,
            44.011,
            14.318,
            17.0,
            14.318,
            17.117,
            22.561,
            42.154,
            30.594,
            9.055,
            0.0,
            1.0,
            3.606,
            45.122,
            9.849,
            29.547,
            14.56,
            26.926,
            39.459,
            14.036,
            10.0,
            45.706,
            31.016,
            39.623
        ],
        [
            55.606,
            25.632,
            31.321,
            43.081,
            14.56,
            16.0,
            13.416,
            16.125,
            21.587,
            41.231,
            29.614,
            8.062,
            1.0,
            0.0,
            4.243,
            44.147,
            8.944,
            29.155,
            13.601,
            26.42,
            38.471,
            13.038,
            9.434,
            44.721,
            31.064,
            38.639
        ],
        [
            59.816,
            29.547,
            33.541,
            47.011,
            11.045,
            19.235,
            17.493,
            19.026,
            24.083,
            45.188,
            32.14,
            11.705,
            3.606,
            4.243,
            0.0,
            47.802,
            13.038,
            33.106,
            16.031,
            30.529,
            41.976,
            16.492,
            9.434,
            47.265,
            34.015,
            41.195
        ],
        [
            24.021,
            36.77,
            23.022,
            6.708,
            52.773,
            28.792,
            31.257,
            29.547,
            26.627,
            7.81,
            21.26,
            36.139,
            45.122,
            44.147,
            47.802,
            0.0,
            35.511,
            36.235,
            33.106,
            32.696,
            6.403,
            31.321,
            42.048,
            18.028,
            49.659,
            17.72
        ],
        [
            46.861,
            20.025,
            25.554,
            34.176,
            21.633,
            8.944,
            4.472,
            10.0,
            15.811,
            32.311,
            23.259,
            3.0,
            9.849,
            8.944,
            13.038,
            35.511,
            0.0,
            23.195,
            9.434,
            19.647,
            30.067,
            5.831,
            12.369,
            37.947,
            28.792,
            31.953
        ],
        [
            33.734,
            3.606,
            40.706,
            31.016,
            43.658,
            27.459,
            21.024,
            29.428,
            33.526,
            29.155,
            37.59,
            26.173,
            29.547,
            29.155,
            33.106,
            36.235,
            23.195,
            0.0,
            31.064,
            4.472,
            34.205,
            26.077,
            35.511,
            48.104,
            13.601,
            43.417
        ],
        [
            49.041,
            28.284,
            17.72,
            33.601,
            19.723,
            5.0,
            10.05,
            3.606,
            8.062,
            32.016,
            16.125,
            7.071,
            14.56,
            13.601,
            16.031,
            33.106,
            9.434,
            31.064,
            0.0,
            27.0,
            26.926,
            5.0,
            8.944,
            31.257,
            38.079,
            25.179
        ],
        [
            32.894,
            4.123,
            36.235,
            27.893,
            40.719,
            23.195,
            17.029,
            25.179,
            29.12,
            25.962,
            33.121,
            22.561,
            26.926,
            26.42,
            30.529,
            32.696,
            19.647,
            4.472,
            27.0,
            0.0,
            30.232,
            22.0,
            32.016,
            43.841,
            17.0,
            39.051
        ],
        [
            28.636,
            34.132,
            17.0,
            10.198,
            46.519,
            22.804,
            26.0,
            23.409,
            20.248,
            10.0,
            15.0,
            30.414,
            39.459,
            38.471,
            41.976,
            6.403,
            30.067,
            34.205,
            26.926,
            30.232,
            0.0,
            25.495,
            35.847,
            15.232,
            47.17,
            13.0
        ],
        [
            45.277,
            23.345,
            19.723,
            30.887,
            22.672,
            3.162,
            5.099,
            4.243,
            10.0,
            29.155,
            17.464,
            5.0,
            14.036,
            13.038,
            16.492,
            31.321,
            5.831,
            26.077,
            5.0,
            22.0,
            25.495,
            0.0,
            12.042,
            32.28,
            33.541,
            26.249
        ],
        [
            57.315,
            32.249,
            25.02,
            42.438,
            10.817,
            13.601,
            15.652,
            12.53,
            16.279,
            40.804,
            24.083,
            9.487,
            10.0,
            9.434,
            9.434,
            42.048,
            12.369,
            35.511,
            8.944,
            32.016,
            35.847,
            12.042,
            0.0,
            39.0,
            39.623,
            33.015
        ],
        [
            42.0,
            47.424,
            14.036,
            24.331,
            48.374,
            29.12,
            34.928,
            28.636,
            23.195,
            24.739,
            15.133,
            37.108,
            45.706,
            44.721,
            47.265,
            18.028,
            37.947,
            48.104,
            31.257,
            43.841,
            15.232,
            32.28,
            39.0,
            0.0,
            60.308,
            6.083
        ],
        [
            46.098,
            13.038,
            51.225,
            44.598,
            45.044,
            35.847,
            28.653,
            37.59,
            42.72,
            42.72,
            48.27,
            31.623,
            31.016,
            31.064,
            34.015,
            49.659,
            28.792,
            13.601,
            38.079,
            17.0,
            47.17,
            33.541,
            39.623,
            60.308,
            0.0,
            55.172
        ],
        [
            41.437,
            42.45,
            8.246,
            23.087,
            42.579,
            23.087,
            29.069,
            22.561,
            17.117,
            23.0,
            9.055,
            31.048,
            39.623,
            38.639,
            41.195,
            17.72,
            31.953,
            43.417,
            25.179,
            39.051,
            13.0,
            26.249,
            33.015,
            6.083,
            55.172,
            0.0
        ]
    ],
    "distances_scv": [
        [
            0.0,
            0.15,
            0.15,
            0.15,
            0.15,
            0.15,
            0.15,
            0.15,
            0.15,
            0.15,
            0.15,
            0.15,
            0.15,
            0.15,
            0.15,
            0.15,
            0.15,
            0.15,
            0.15,
            0.15,
            0.15,
            0.15,
            0.15,
            0.15,
            0.15,
            0.15
        ],
        [
            0.15,
            0.0,
            0.15,
            0.15,
            0.15,
            0.15,
            0.15,
            0.15,
            0.15,
            0.15,
            0.15,
            0.15,
            0.15,
            0.15,
            0.15,
            0.15,
            0.15,
            0.15,
            0.15,
            0.15,
            0.15,
            0.15,
            0.15,
            0.15,
            0.15,
            0.15
        ],
        [
            0.15,
            0.15,
            0.0,
            0.15,
            0.15,
            0.15,
            0.15,
            0.15,
            0.15,
            0.15,
            0.15,
            0.15,
            0.15,
            0.15,
            0.15,
            0.15,
            0.15,
            0.15,
            0.15,
            0.15,
            0.15,
            0.15,
            0.15,
            0.15,
            0.15,
            0.15
        ],
        [
            0.15,
            0.15,
            0.15,
            0.0,
            0.15,
            0.15,
            0.15,
            0.15,
            0.15,
            0.15,
            0.15,
            0.15,
            0.15,
            0.15,
            0.15,
            0.15,
            0.15,
            0.15,
            0.15,
            0.15,
            0.15,
            0.15,
            0.15,
            0.15,
            0.15,
            0.15
        ],
        [
            0.15,
            0.15,
            0.15,
            0.15,
            0.0,
            0.15,
            0.15,
            0.15,
            0.15,
            0.15,
            0.15,
            0.15,
            0.15,
            0.15,
            0.15,
            0.15,
            0.15,
            0.15,
            0.15,
            0.15,
            0.15,
            0.15,
            0.15,
            0.15,
            0.15,
            0.15
        ],
        [
            0.15,
            0.15,
            0.15,
            0.15,
            0.15,
            0.0,
            0.15,
            0.15,
            0.15,
            0.15,
            0.15,
            0.15,
            0.15,
            0.15,
            0.15,
            0.15,
            0.15,
            0.15,
            0.15,
            0.15,
            0.15,
            0.15,
            0.15,
            0.15,
            0.15,
            0.15
        ],
        [
            0.15,
            0.15,
            0.15,
            0.15,
            0.15,
            0.15,
            0.0,
            0.15,
            0.15,
            0.15,
            0.15,
            0.15,
            0.15,
            0.15,
            0.15,
            0.15,
            0.15,
            0.15,
            0.15,
            0.15,
            0.15,
            0.15,
            0.15,
            0.15,
            0.15,
            0.15
        ],
        [
            0.15,
            0.15,
            0.15,
            0.15,
            0.15,
            0.15,
            0.15,
            0.0,
            0.15,
            0.15,
            0.15,
            0.15,
            0.15,
            0.15,
            0.15,
            0.15,
            0.15,
            0.15,
            0.15,
            0.15,
            0.15,
            0.15,
            0.15,
            0.15,
            0.15,
            0.15
        ],
        [
            0.15,
            0.15,
            0.15,
            0.15,
            0.15,
            0.15,
            0.15,
            0.15,
            0.0,
            0.15,
            0.15,
            0.15,
            0.15,
            0.15,
            0.15,
            0.15,
            0.15,
            0.15,
            0.15,
            0.15,
            0.15,
            0.15,
            0.15,
            0.15,
            0.15,
            0.15
        ],
        [
            0.15,
            0.15,
            0.15,
            0.15,
            0.15,
            0.15,
            0.15,
            0.15,
            0.15,
            0.0,
            0.15,
            0.15,
            0.15,
            0.15,
            0.15,
            0.15,
            0.15,
            0.15,
            0.15,
            0.15,
            0.15,
            0.15,
            0.15,
            0.15,
            0.15,
            0.15
        ],
        [
            0.15,
            0.15,
            0.15,
            0.15,
            0.15,
            0.15,
            0.15,
            0.15,
            0.15,
            0.15,
            0.0,
            0.15,
            0.15,
            0.15,
            0.15,
            0.15,
            0.15,
            0.15,
            0.15,
            0.15,
            0.15,
            0.15,
            0.15,
            0.15,
            0.15,
            0.15
        ],
        [
            0.15,
            0.15,
            0.15,
            0.15,
            0.15,
            0.15,
            0.15,
            0.15,
            0.15,
            0.15,
            0.15,
            0.0,
            0.15,
            0.15,
            0.15,
            0.15,
            0.15,
            0.15,
            0.15,
            0.15,
            0.15,
            0.15,
            0.15,
            0.15,
            0.15,
            0.15
        ],
        [
            0.15,
            0.15,
            0.15,
            0.15,
            0.15,
            0.15,
            0.15,
            0.15,
            0.15,
            0.15,
            0.15,
            0.15,
            0.0,
            0.15,
            0.15,
            0.15,
            0.15,
            0.15,
            0.15,
            0.15,
            0.15,
            0.15,
            0.15,
            0.15,
            0.15,
            0.15
        ],
        [
            0.15,
            0.15,
            0.15,
            0.15,
            0.15,
            0.15,
            0.15,
            0.15,
            0.15,
            0.15,
            0.15,
            0.15,
            0.15,
            0.0,
            0.15,
            0.15,
            0.15,
            0.15,
            0.15,
            0.15,
            0.15,
            0.15,
            0.15,
            0.15,
            0.15,
            0.15
        ],
        [
            0.15,
            0.15,
            0.15,
            0.15,
            0.15,
            0.15,
            0.15,
            0.15,
            0.15,
            0.15,
            0.15,
            0.15,
            0.15,
            0.15,
            0.0,
            0.15,
            0.15,
            0.15,
            0.15,
            0.15,
            0.15,
            0.15,
            0.15,
            0.15,
            0.15,
            0.15
        ],
        [
            0.15,
            0.15,
            0.15,
            0.15,
            0.15,
            0.15,
            0.15,
            0.15,
            0.15,
            0.15,
            0.15,
            0.15,
            0.15,
            0.15,
            0.15,
            0.0,
            0.15,
            0.15,
            0.15,
            0.15,
            0.15,
            0.15,
            0.15,
            0.15,
            0.15,
            0.15
        ],
        [
            0.15,
            0.15,
            0.15,
            0.15,
            0.15,
            0.15,
            0.15,
            0.15,
            0.15,
            0.15,
            0.15,
            0.15,
            0.15,
            0.15,
            0.15,
            0.15,
            0.0,
            0.15,
            0.15,
            0.15,
            0.15,
            0.15,
            0.15,
            0.15,
            0.15,
            0.15
        ],
        [
            0.15,
            0.15,
            0.15,
            0.15,
            0.15,
            0.15,
            0.15,
            0.15,
            0.15,
            0.15,
            0.15,
            0.15,
            0.15,
            0.15,
            0.15,
            0.15,
            0.15,
            0.0,
            0.15,
            0.15,
            0.15,
            0.15,
            0.15,
            0.15,
            0.15,
            0.15
        ],
        [
            0.15,
            0.15,
            0.15,
            0.15,
            0.15,
            0.15,
            0.15,
            0.15,
            0.15,
            0.15,
            0.15,
            0.15,
            0.15,
            0.15,
            0.15,
            0.15,
            0.15,
            0.15,
            0.0,
            0.15,
            0.15,
            0.15,
            0.15,
            0.15,
            0.15,
            0.15
        ],
        [
            0.15,
            0.15,
            0.15,
            0.15,
            0.15,
            0.15,
            0.15,
            0.15,
            0.15,
            0.15,
            0.15,
            0.15,
            0.15,
            0.15,
            0.15,
            0.15,
            0.15,
            0.15,
            0.15,
            0.0,
            0.15,
            0.15,
            0.15,
            0.15,
            0.15,
            0.15
        ],
        [
            0.15,
            0.15,
            0.15,
            0.15,
            0.15,
            0.15,
            0.15,
            0.15,
            0.15,
            0.15,
            0.15,
            0.15,
            0.15,
            0.15,
            0.15,
            0.15,
            0.15,
            0.15,
            0.15,
            0.15,
            0.0,
            0.15,
            0.15,
            0.15,
            0.15,
            0.15
        ],
        [
            0.15,
            0.15,
            0.15,
            0.15,
            0.15,
            0.15,
            0.15,
            0.15,
            0.15,
            0.15,
            0.15,
            0.15,
            0.15,
            0.15,
            0.15,
            0.15,
            0.15,
            0.15,
            0.15,
            0.15,
            0.15,
            0.0,
            0.15,
            0.15,
            0.15,
            0.15
        ],
        [
            0.15,
            0.15,
            0.15,
            0.15,
            0.15,
            0.15,
            0.15,
            0.15,
            0.15,
            0.15,
            0.15,
            0.15,
            0.15,
            0.15,
            0.15,
            0.15,
            0.15,
            0.15,
            0.15,
            0.15,
            0.15,
            0.15,
            0.0,
            0.15,
            0.15,
            0.15
        ],
        [
            0.15,
            0.15,
            0.15,
            0.15,
            0.15,
            0.15,
            0.15,
            0.15,
            0.15,
            0.15,
            0.15,
            0.15,
            0.15,
            0.15,
            0.15,
            0.15,
            0.15,
            0.15,
            0.15,
            0.15,
            0.15,
            0.15,
            0.15,
            0.0,
            0.15,
            0.15
        ],
        [
            0.15,
            0.15,
            0.15,
            0.15,
            0.15,
            0.15,
            0.15,
            0.15,
            0.15,
            0.15,
            0.15,
            0.15,
            0.15,
            0.15,
            0.15,
            0.15,
            0.15,
            0.15,
            0.15,
            0.15,
            0.15,
            0.15,
            0.15,
            0.15,
            0.0,
            0.15
        ],
        [
            0.15,
            0.15,
            0.15,
            0.15,
            0.15,
            0.15,
            0.15,
            0.15,
            0.15,
            0.15,
            0.15,
            0.15,
            0.15,
            0.15,
            0.15,
            0.15,
            0.15,
            0.15,
            0.15,
            0.15,
            0.15,
            0.15,
            0.15,
            0.15,
            0.15,
            0.0
        ]
    ],
    "service_scv": [
        0.0,
        0.3,
        0.248,
        0.421,
        0.182,
        0.412,
        0.407,
        0.352,
        0.342,
        0.36,
        0.206,
        0.171,
        0.489,
        0.275,
        0.319,
        0.361,
        0.482,
        0.252,
        0.474,
        0.311,
        0.434,
        0.479,
        0.436,
        0.154,
        0.286,
        0.194
    ],
    "service": [
        0,
        46,
        47,
        32,
        56,
        50,
        50,
        41,
        39,
        39,
        58,
        58,
        58,
        53,
        57,
        47,
        51,
        31,
        58,
        42,
        36,
        39,
        33,
        55,
        54,
        57
    ]
}
