{
    "coords": [
        [
            0,
            0
        ],
        [
            5,
            8
        ],
        [
            22,
            27
        ],
        [
            38,
            18
        ],
        [
            1,
            10
        ],
        [
            22,
            19
        ],
        [
            45,
            21
        ],
        [
            31,
            30
        ],
        [
            4,
            36
        ],
        [
            2,
            0
        ],
        [
            29,
            12
        ],
        [
            18,
            30
        ],
        [
            7,
            4
        ],
        [
            35,
            49
        ],
        [
            34,
            41
        ],
        [
            20,
            1
        ],
        [
            32,
            28
        ],
        [
            37,
            30
        ],
        [
            24,
            0
        ],
        [
            34,
            8
        ],
        [
            23,
            8
        ],
        [
            28,
            23
        ],
        [
            20,
            28
        ],
        [
            7,
            22
        ],
        [
            36,
            45
        ],
        [
            11,
            40
        ]
    ],
    "dimension": 26,
    "distances": [
        [
            0.0,
            9.434,
            34.828,
            42.048,
            10.05,
            29.069,
            49.659,
            43.139,
            36.222,
            2.0,
            31.385,
            34.986,
            8.062,
            60.216,
            53.263,
            20.025,
            42.521,
            47.634,
            24.0,
            34.928,
            24.352,
            36.235,
            34.409,
            23.087,
            57.628,
            41.485
        ],
        [
            9.434,
            0.0,
            25.495,
            34.482,
            4.472,
            20.248,
            42.059,
            34.059,
            28.018,
            8.544,
            24.331,
            25.554,
            4.472,
            50.804,
            43.932,
            16.553,
            33.601,
            38.833,
            20.616,
            29.0,
            18.0,
            27.459,
            25.0,
            14.142,
            48.27,
            32.558
        ],
        [
            34.828,
            25.495,
            0.0,
            18.358,
            27.019,
            8.0,
            23.77,
            9.487,
            20.125,
            33.601,
            16.553,
            5.0,
            27.459,
            25.554,
            18.439,
            26.077,
            10.05,
            15.297,
            27.074,
            22.472,
            19.026,
            7.211,
            2.236,
            15.811,
            22.804,
            17.029
        ],
        [
            42.048,
            34.482,
            18.358,
            0.0,
            37.855,
            16.031,
            7.616,
            13.892,
            38.471,
            40.249,
            10.817,
            23.324,
            34.015,
            31.145,
            23.345,
            24.759,
            11.662,
            12.042,
            22.804,
            10.77,
            18.028,
            11.18,
            20.591,
            31.257,
            27.074,
            34.828
        ],
        [
            10.05,
            4.472,
            27.019,
            37.855,
            0.0,
            22.847,
            45.354,
            36.056,
            26.173,
            10.05,
            28.071,
            26.249,
            8.485,
            51.74,
            45.277,
            21.024,
            35.847,
            41.183,
            25.08,
            33.061,
            22.091,
            29.967,
            26.173,
            13.416,
            49.497,
            31.623
        ],
        [
            29.069,
            20.248,
            8.0,
            16.031,
            22.847,
            0.0,
            23.087,
            14.213,
            24.759,
            27.586,
            9.899,
            11.705,
            21.213,
            32.696,
            25.06,
            18.111,
            13.454,
            18.601,
            19.105,
            16.279,
            11.045,
            7.211,
            9.22,
            15.297,
            29.53,
            23.707
        ],
        [
            49.659,
            42.059,
            23.77,
            7.616,
            45.354,
            23.087,
            0.0,
            16.643,
            43.658,
            47.854,
            18.358,
            28.46,
            41.629,
            29.732,
            22.825,
            32.016,
            14.765,
            12.042,
            29.698,
            17.029,
            25.554,
            17.117,
            25.962,
            38.013,
            25.632,
            38.949
        ],
        [
            43.139,
            34.059,
            9.487,
            13.892,
            36.056,
            14.213,
            16.643,
            0.0,
            27.659,
            41.725,
            18.111,
            13.0,
            35.384,
            19.416,
            11.402,
            31.016,
            2.236,
            6.0,
            30.806,
            22.204,
            23.409,
            7.616,
            11.18,
            25.298,
            15.811,
            22.361
        ],
        [
            36.222,
            28.018,
            20.125,
            38.471,
            26.173,
            24.759,
            43.658,
            27.659,
            0.0,
            36.056,
            34.655,
            15.232,
            32.14,
            33.615,
            30.414,
            38.484,
            29.12,
            33.541,
            41.183,
            41.037,
            33.838,
            27.295,
            17.889,
            14.318,
            33.242,
            8.062
        ],
        [
            2.0,
            8.544,
            33.601,
            40.249,
            10.05,
            27.586,
            47.854,
            41.725,
            36.056,
            0.0,
            29.547,
            34.0,
            6.403,
            59.076,
            52.01,
            18.028,
            41.037,
            46.098,
            22.0,
            32.985,
            22.472,
            34.713,
            33.287,
            22.561,
            56.4,
            41.0
        ],
        [
            31.385,
            24.331,
            16.553,
            10.817,
            28.071,
            9.899,
            18.358,
            18.111,
            34.655,
            29.547,
            0.0,
            21.095,
            23.409,
            37.483,
            29.428,
            14.213,
            16.279,
            19.698,
            13.0,
            6.403,
            7.211,
            11.045,
            18.358,
            24.166,
            33.734,
            33.287
        ],
        [
            34.986,
            25.554,
            5.0,
            23.324,
            26.249,
            11.705,
            28.46,
            13.0,
            15.232,
            34.0,
            21.095,
            0.0,
            28.231,
            25.495,
            19.416,
            29.069,
            14.142,
            19.0,
            30.594,
            27.203,
            22.561,
            12.207,
            2.828,
            13.601,
            23.431,
            12.207
        ],
        [
            8.062,
            4.472,
            27.459,
            34.015,
            8.485,
            21.213,
            41.629,
            35.384,
            32.14,
            6.403,
            23.409,
            28.231,
            0.0,
            53.0,
            45.804,
            13.342,
            34.655,
            39.699,
            17.464,
            27.295,
            16.492,
            28.32,
            27.295,
            18.0,
            50.22,
            36.222
        ],
        [
            60.216,
            50.804,
            25.554,
            31.145,
            51.74,
            32.696,
            29.732,
            19.416,
            33.615,
            59.076,
            37.483,
            25.495,
            53.0,
            0.0,
            8.062,
            50.289,
            21.213,
            19.105,
            50.22,
            41.012,
            42.72,
            26.926,
            25.807,
            38.897,
            4.123,
            25.632
        ],
        [
            53.263,
            43.932,
            18.439,
            23.345,
            45.277,
            25.06,
            22.825,
            11.402,
            30.414,
            52.01,
            29.428,
            19.416,
            45.804,
            8.062,
            0.0,
            42.379,
            13.153,
            11.402,
            42.202,
            33.0,
            34.785,
            18.974,
            19.105,
            33.015,
            4.472,
            23.022
        ],
        [
            20.025,
            16.553,
            26.077,
            24.759,
            21.024,
            18.111,
            32.016,
            31.016,
            38.484,
            18.028,
            14.213,
            29.069,
            13.342,
            50.289,
            42.379,
            0.0,
            29.547,
            33.615,
            4.123,
            15.652,
            7.616,
            23.409,
            27.0,
            24.698,
            46.819,
            40.025
        ],
        [
            42.521,
            33.601,
            10.05,
            11.662,
            35.847,
            13.454,
            14.765,
            2.236,
            29.12,
            41.037,
            16.279,
            14.142,
            34.655,
            21.213,
            13.153,
            29.547,
            0.0,
            5.385,
            29.12,
            20.1,
            21.932,
            6.403,
            12.0,
            25.71,
            17.464,
            24.187
        ],
        [
            47.634,
            38.833,
            15.297,
            12.042,
            41.183,
            18.601,
            12.042,
            6.0,
            33.541,
            46.098,
            19.698,
            19.0,
            39.699,
            19.105,
            11.402,
            33.615,
            5.385,
            0.0,
            32.696,
            22.204,
            26.077,
            11.402,
            17.117,
            31.048,
            15.033,
            27.857
        ],
        [
            24.0,
            20.616,
            27.074,
            22.804,
            25.08,
            19.105,
            29.698,
            30.806,
            41.183,
            22.0,
            13.0,
            30.594,
            17.464,
            50.22,
            42.202,
            4.123,
            29.12,
            32.696,
            0.0,
            12.806,
            8.062,
            23.345,
            28.284,
            27.803,
            46.573,
            42.059
        ],
        [
            34.928,
            29.0,
            22.472,
            10.77,
            33.061,
            16.279,
            17.029,
            22.204,
            41.037,
            32.985,
            6.403,
            27.203,
            27.295,
            41.012,
            33.0,
            15.652,
            20.1,
            22.204,
            12.806,
            0.0,
            11.0,
            16.155,
            24.413,
            30.414,
            37.054,
            39.408
        ],
        [
            24.352,
            18.0,
            19.026,
            18.028,
            22.091,
            11.045,
            25.554,
            23.409,
            33.838,
            22.472,
            7.211,
            22.561,
            16.492,
            42.72,
            34.785,
            7.616,
            21.932,
            26.077,
            8.062,
            11.0,
            0.0,
            15.811,
            20.224,
            21.26,
            39.217,
            34.176
        ],
        [
            36.235,
            27.459,
            7.211,
            11.18,
            29.967,
            7.211,
            17.117,
            7.616,
            27.295,
            34.713,
            11.045,
            12.207,
            28.32,
            26.926,
            18.974,
            23.409,
            6.403,
            11.402,
            23.345,
            16.155,
            15.811,
            0.0,
            9.434,
            21.024,
            23.409,
            24.042
        ],
        [
            34.409,
            25.0,
            2.236,
            20.591,
            26.173,
            9.22,
            25.962,
            11.18,
            17.889,
            33.287,
            18.358,
            2.828,
            27.295,
            25.807,
            19.105,
            27.0,
            12.0,
            17.117,
            28.284,
            24.413,
            20.224,
            9.434,
            0.0,
            14.318,
            23.345,
            15.0
        ],
        [
            23.087,
            14.142,
            15.811,
            31.257,
            13.416,
            15.297,
            38.013,
            25.298,
            14.318,
            22.561,
            24.166,
            13.601,
            18.0,
            38.897,
            33.015,
            24.698,
            25.71,
            31.048,
            27.803,
            30.414,
            21.26,
            21.024,
            14.318,
            0.0,
            37.014,
            18.439
        ],
        [
            57.628,
            48.27,
            22.804,
            27.074,
            49.497,
            29.53,
            25.632,
            15.811,
            33.242,
            56.4,
            33.734,
            23.431,
            50.22,
            4.123,
            4.472,
            46.819,
            17.464,
            15.033,
            46.573,
            37.054,
            39.217,
            23.409,
            23.345,
            37.014,
            0.0,
            25.495
        ],
        [
            41.485,
            32.558,
            17.029,
            34.828,
            31.623,
            23.707,
            38.949,
            22.361,
            8.062,
            41.0,
            33.287,
            12.207,
            36.222,
            25.632,
            23.022,
            40.025,
            24.187,
            27.857,
            42.059,
            39.408,
            34.176,
            24.042,
            15.0,
            18.439,
            25.495,
            0.0
        ]
    ],
    "distances_scv": [
        [
            0.0,
            0.15,
            0.15,
            0.15,
            0.15,
            0.15,
            0.15,
            0.15,
            0.15,
            0.15,
            0.15,
            0.15,
            0.15,
            0.15,
            0.15,
            0.15,
            0.15,
            0.15,
            0.15,
            0.15,
            0.15,
            0.15,
            0.15,
            0.15,
            0.15,
            0.15
        ],
        [
            0.15,
            0.0,
            0.15,
            0.15,
            0.15,
            0.15,
            0.15,
            0.15,
            0.15,
            0.15,
            0.15,
            0.15,
            0.15,
            0.15,
            0.15,
            0.15,
            0.15,
            0.15,
            0.15,
            0.15,
            0.15,
            0.15,
            0.15,
            0.15,
            0.15,
            0.15
        ],
        [
            0.15,
            0.15,
            0.0,
            0.15,
            0.15,
            0.15,
            0.15,
            0.15,
            0.15,
            0.15,
            0.15,
            0.15,
            0.15,
            0.15,
            0.15,
            0.15,
            0.15,
            0.15,
            0.15,
            0.15,
            0.15,
            0.15,
            0.15,
            0.15,
            0.15,
            0.15
        ],
        [
            0.15,
            0.15,
            0.15,
            0.0,
            0.15,
            0.15,
            0.15,
            0.15,
            0.15,
            0.15,
            0.15,
            0.15,
            0.15,
            0.15,
            0.15,
            0.15,
            0.15,
            0.15,
            0.15,
            0.15,
            0.15,
            0.15,
            0.15,
            0.15,
            0.15,
            0.15
        ],
        [
            0.15,
            0.15,
            0.15,
            0.15,
            0.0,
            0.15,
            0.15,
            0.15,
            0.15,
            0.15,
            0.15,
            0.15,
            0.15,
            0.15,
            0.15,
            0.15,
            0.15,
            0.15,
            0.15,
            0.15,
            0.15,
            0.15,
            0.15,
            0.15,
            0.15,
            0.15
        ],
        [
            0.15,
            0.15,
            0.15,
            0.15,
            0.15,
            0.0,
            0.15,
            0.15,
            0.15,
            0.15,
            0.15,
            0.15,
            0.15,
            0.15,
            0.15,
            0.15,
            0.15,
            0.15,
            0.15,
            0.15,
            0.15,
            0.15,
            0.15,
            0.15,
            0.15,
            0.15
        ],
        [
            0.15,
            0.15,
            0.15,
            0.15,
            0.15,
            0.15,
            0.0,
            0.15,
            0.15,
            0.15,
            0.15,
            0.15,
            0.15,
            0.15,
            0.15,
            0.15,
            0.15,
            0.15,
            0.15,
            0.15,
            0.15,
            0.15,
            0.15,
            0.15,
            0.15,
            0.15
        ],
        [
            0.15,
            0.15,
            0.15,
            0.15,
            0.15,
            0.15,
            0.15,
            0.0,
            0.15,
            0.15,
            0.15,
            0.15,
            0.15,
            0.15,
            0.15,
            0.15,
            0.15,
            0.15,
            0.15,
            0.15,
            0.15,
            0.15,
            0.15,
            0.15,
            0.15,
            0.15
        ],
        [
            0.15,
            0.15,
            0.15,
            0.15,
            0.15,
            0.15,
            0.15,
            0.15,
            0.0,
            0.15,
            0.15,
            0.15,
            0.15,
            0.15,
            0.15,
            0.15,
            0.15,
            0.15,
            0.15,
            0.15,
            0.15,
            0.15,
            0.15,
            0.15,
            0.15,
            0.15
        ],
        [
            0.15,
            0.15,
            0.15,
            0.15,
            0.15,
            0.15,
            0.15,
            0.15,
            0.15,
            0.0,
            0.15,
            0.15,
            0.15,
            0.15,
            0.15,
            0.15,
            0.15,
            0.15,
            0.15,
            0.15,
            0.15,
            0.15,
            0.15,
            0.15,
            0.15,
            0.15
        ],
        [
            0.15,
            0.15,
            0.15,
            0.15,
            0.15,
            0.15,
            0.15,
            0.15,
            0.15,
            0.15,
            0.0,
            0.15,
            0.15,
            0.15,
            0.15,
            0.15,
            0.15,
            0.15,
            0.15,
            0.15,
            0.15,
            0.15,
            0.15,
            0.15,
            0.15,
            0.15
        ],
        [
            0.15,
            0.15,
            0.15,
            0.15,
            0.15,
            0.15,
            0.15,
            0.15,
            0.15,
            0.15,
            0.15,
            0.0,
            0.15,
            0.15,
            0.15,
            0.15,
            0.15,
            0.15,
            0.15,
            0.15,
            0.15,
            0.15,
            0.15,
            0.15,
            0.15,
            0.15
        ],
        [
            0.15,
            0.15,
            0.15,
            0.15,
            0.15,
            0.15,
            0.15,
            0.15,
            0.15,
            0.15,
            0.15,
            0.15,
            0.0,
            0.15,
            0.15,
            0.15,
            0.15,
            0.15,
            0.15,
            0.15,
            0.15,
            0.15,
            0.15,
            0.15,
            0.15,
            0.15
        ],
        [
            0.15,
            0.15,
            0.15,
            0.15,
            0.15,
            0.15,
            0.15,
            0.15,
            0.15,
            0.15,
            0.15,
            0.15,
            0.15,
            0.0,
            0.15,
            0.15,
            0.15,
            0.15,
            0.15,
            0.15,
            0.15,
            0.15,
            0.15,
            0.15,
            0.15,
            0.15
        ],
        [
            0.15,
            0.15,
            0.15,
            0.15,
            0.15,
            0.15,
            0.15,
            0.15,
            0.15,
            0.15,
            0.15,
            0.15,
            0.15,
            0.15,
            0.0,
            0.15,
            0.15,
            0.15,
            0.15,
            0.15,
            0.15,
            0.15,
            0.15,
            0.15,
            0.15,
            0.15
        ],
        [
            0.15,
            0.15,
            0.15,
            0.15,
            0.15,
            0.15,
            0.15,
            0.15,
            0.15,
            0.15,
            0.15,
            0.15,
            0.15,
            0.15,
            0.15,
            0.0,
            0.15,
            0.15,
            0.15,
            0.15,
            0.15,
            0.15,
            0.15,
            0.15,
            0.15,
            0.15
        ],
        [
            0.15,
            0.15,
            0.15,
            0.15,
            0.15,
            0.15,
            0.15,
            0.15,
            0.15,
            0.15,
            0.15,
            0.15,
            0.15,
            0.15,
            0.15,
            0.15,
            0.0,
            0.15,
            0.15,
            0.15,
            0.15,
            0.15,
            0.15,
            0.15,
            0.15,
            0.15
        ],
        [
            0.15,
            0.15,
            0.15,
            0.15,
            0.15,
            0.15,
            0.15,
            0.15,
            0.15,
            0.15,
            0.15,
            0.15,
            0.15,
            0.15,
            0.15,
            0.15,
            0.15,
            0.0,
            0.15,
            0.15,
            0.15,
            0.15,
            0.15,
            0.15,
            0.15,
            0.15
        ],
        [
            0.15,
            0.15,
            0.15,
            0.15,
            0.15,
            0.15,
            0.15,
            0.15,
            0.15,
            0.15,
            0.15,
            0.15,
            0.15,
            0.15,
            0.15,
            0.15,
            0.15,
            0.15,
            0.0,
            0.15,
            0.15,
            0.15,
            0.15,
            0.15,
            0.15,
            0.15
        ],
        [
            0.15,
            0.15,
            0.15,
            0.15,
            0.15,
            0.15,
            0.15,
            0.15,
            0.15,
            0.15,
            0.15,
            0.15,
            0.15,
            0.15,
            0.15,
            0.15,
            0.15,
            0.15,
            0.15,
            0.0,
            0.15,
            0.15,
            0.15,
            0.15,
            0.15,
            0.15
        ],
        [
            0.15,
            0.15,
            0.15,
            0.15,
            0.15,
            0.15,
            0.15,
            0.15,
            0.15,
            0.15,
            0.15,
            0.15,
            0.15,
            0.15,
            0.15,
            0.15,
            0.15,
            0.15,
            0.15,
            0.15,
            0.0,
            0.15,
            0.15,
            0.15,
            0.15,
            0.15
        ],
        [
            0.15,
            0.15,
            0.15,
            0.15,
            0.15,
            0.15,
            0.15,
            0.15,
            0.15,
            0.15,
            0.15,
            0.15,
            0.15,
            0.15,
            0.15,
            0.15,
            0.15,
            0.15,
            0.15,
            0.15,
            0.15,
            0.0,
            0.15,
            0.15,
            0.15,
            0.15
        ],
        [
            0.15,
            0.15,
            0.15,
            0.15,
            0.15,
            0.15,
            0.15,
            0.15,
            0.15,
            0.15,
            0.15,
            0.15,
            0.15,
            0.15,
            0.15,
            0.15,
            0.15,
            0.15,
            0.15,
            0.15,
            0.15,
            0.15,
            0.0,
            0.15,
            0.15,
            0.15
        ],
        [
            0.15,
            0.15,
            0.15,
            0.15,
            0.15,
            0.15,
            0.15,
            0.15,
            0.15,
            0.15,
            0.15,
            0.15,
            0.15,
            0.15,
            0.15,
            0.15,
            0.15,
            0.15,
            0.15,
            0.15,
            0.15,
            0.15,
            0.15,
            0.0,
            0.15,
            0.15
        ],
        [
            0.15,
            0.15,
            0.15,
            0.15,
            0.15,
            0.15,
            0.15,
            0.15,
            0.15,
            0.15,
            0.15,
            0.15,
            0.15,
            0.15,
            0.15,
            0.15,
            0.15,
            0.15,
            0.15,
            0.15,
            0.15,
            0.15,
            0.15,
            0.15,
            0.0,
            0.15
        ],
        [
            0.15,
            0.15,
            0.15,
            0.15,
            0.15,
            0.15,
            0.15,
            0.15,
            0.15,
            0.15,
            0.15,
            0.15,
            0.15,
            0.15,
            0.15,
            0.15,
            0.15,
            0.15,
            0.15,
            0.15,
            0.15,
            0.15,
            0.15,
            0.15,
            0.15,
            0.0
        ]
    ],
    "service_scv": [
        0.0,
        0.35,
        0.472,
        0.227,
        0.163,
        0.267,
        0.365,
        0.206,
        0.287,
        0.39,
        0.189,
        0.428,
        0.356,
        0.437,
        0.442,
        0.172,
        0.426,
        0.287,
        0.326,
        0.354,
        0.411,
        0.351,
        0.29,
        0.265,
        0.449,
        0.193
    ],
    "service": [
        0,
        58,
        57,
        46,
        48,
        52,
        50,
        41,
        40,
        32,
        60,
        55,
        40,
        37,
        42,
        53,
        55,
        41,
        35,
        35,
        50,
        56,
        50,
        37,
        51,
        56
    ]
}
