{
    "coords": [
        [
            0,
            0
        ],
        [
            11,
            49
        ],
        [
            8,
            15
        ],
        [
            32,
            39
        ],
        [
            31,
            43
        ],
        [
            2,
            19
        ],
        [
            28,
            21
        ],
        [
            19,
            18
        ],
        [
            2,
            5
        ],
        [
            27,
            23
        ],
        [
            47,
            12
        ],
        [
            42,
            12
        ],
        [
            7,
            9
        ],
        [
            19,
            9
        ],
        [
            44,
            40
        ],
        [
            40,
            21
        ],
        [
            1,
            12
        ],
        [
            22,
            29
        ],
        [
            22,
            30
        ],
        [
            18,
            32
        ],
        [
            1,
            45
        ],
        [
            26,
            7
        ],
        [
            40,
            18
        ],
        [
            43,
            14
        ],
        [
            44,
            0
        ],
        [
            21,
            9
        ]
    ],
    "dimension": 26,
    "distances": [
        [
            0.0,
            50.22,
            17.0,
            50.448,
            53.009,
            19.105,
            35.0,
            26.173,
            5.385,
            35.468,
            48.508,
            43.681,
            11.402,
            21.024,
            59.464,
            45.177,
            12.042,
            36.401,
            37.202,
            36.715,
            45.011,
            26.926,
            43.863,
            45.222,
            44.0,
            22.847
        ],
        [
            50.22,
            0.0,
            34.132,
            23.259,
            20.881,
            31.321,
            32.757,
            32.016,
            44.911,
            30.529,
            51.624,
            48.27,
            40.2,
            40.792,
            34.205,
            40.311,
            38.328,
            22.825,
            21.954,
            18.385,
            10.77,
            44.598,
            42.45,
            47.424,
            59.076,
            41.231
        ],
        [
            17.0,
            34.132,
            0.0,
            33.941,
            36.235,
            7.211,
            20.881,
            11.402,
            11.662,
            20.616,
            39.115,
            34.132,
            6.083,
            12.53,
            43.829,
            32.558,
            7.616,
            19.799,
            20.518,
            19.723,
            30.806,
            19.698,
            32.14,
            35.014,
            39.0,
            14.318
        ],
        [
            50.448,
            23.259,
            33.941,
            0.0,
            4.123,
            36.056,
            18.439,
            24.698,
            45.343,
            16.763,
            30.887,
            28.792,
            39.051,
            32.696,
            12.042,
            19.698,
            41.11,
            14.142,
            13.454,
            15.652,
            31.575,
            32.558,
            22.472,
            27.313,
            40.804,
            31.953
        ],
        [
            53.009,
            20.881,
            36.235,
            4.123,
            0.0,
            37.643,
            22.204,
            27.731,
            47.802,
            20.396,
            34.886,
            32.894,
            41.617,
            36.056,
            13.342,
            23.77,
            43.139,
            16.643,
            15.811,
            17.029,
            30.067,
            36.346,
            26.571,
            31.385,
            44.922,
            35.44
        ],
        [
            19.105,
            31.321,
            7.211,
            36.056,
            37.643,
            0.0,
            26.077,
            17.029,
            14.0,
            25.318,
            45.541,
            40.608,
            11.18,
            19.723,
            46.957,
            38.053,
            7.071,
            22.361,
            22.825,
            20.616,
            26.019,
            26.833,
            38.013,
            41.304,
            46.098,
            21.471
        ],
        [
            35.0,
            32.757,
            20.881,
            18.439,
            22.204,
            26.077,
            0.0,
            9.487,
            30.529,
            2.236,
            21.024,
            16.643,
            24.187,
            15.0,
            24.839,
            12.0,
            28.46,
            10.0,
            10.817,
            14.866,
            36.125,
            14.142,
            12.369,
            16.553,
            26.401,
            13.892
        ],
        [
            26.173,
            32.016,
            11.402,
            24.698,
            27.731,
            17.029,
            9.487,
            0.0,
            21.401,
            9.434,
            28.636,
            23.77,
            15.0,
            9.0,
            33.302,
            21.213,
            18.974,
            11.402,
            12.369,
            14.036,
            32.45,
            13.038,
            21.0,
            24.331,
            30.806,
            9.22
        ],
        [
            5.385,
            44.911,
            11.662,
            45.343,
            47.802,
            14.0,
            30.529,
            21.401,
            0.0,
            30.806,
            45.541,
            40.608,
            6.403,
            17.464,
            54.672,
            41.231,
            7.071,
            31.241,
            32.016,
            31.385,
            40.012,
            24.083,
            40.162,
            41.976,
            42.297,
            19.416
        ],
        [
            35.468,
            30.529,
            20.616,
            16.763,
            20.396,
            25.318,
            2.236,
            9.434,
            30.806,
            0.0,
            22.825,
            18.601,
            24.413,
            16.125,
            24.042,
            13.153,
            28.231,
            7.81,
            8.602,
            12.728,
            34.059,
            16.031,
            13.928,
            18.358,
            28.601,
            15.232
        ],
        [
            48.508,
            51.624,
            39.115,
            30.887,
            34.886,
            45.541,
            21.024,
            28.636,
            45.541,
            22.825,
            0.0,
            5.0,
            40.112,
            28.16,
            28.16,
            11.402,
            46.0,
            30.232,
            30.806,
            35.228,
            56.613,
            21.587,
            9.22,
            4.472,
            12.369,
            26.173
        ],
        [
            43.681,
            48.27,
            34.132,
            28.792,
            32.894,
            40.608,
            16.643,
            23.77,
            40.608,
            18.601,
            5.0,
            0.0,
            35.128,
            23.195,
            28.071,
            9.22,
            41.0,
            26.249,
            26.907,
            31.241,
            52.631,
            16.763,
            6.325,
            2.236,
            12.166,
            21.213
        ],
        [
            11.402,
            40.2,
            6.083,
            39.051,
            41.617,
            11.18,
            24.187,
            15.0,
            6.403,
            24.413,
            40.112,
            35.128,
            0.0,
            12.0,
            48.27,
            35.114,
            6.708,
            25.0,
            25.807,
            25.495,
            36.497,
            19.105,
            34.205,
            36.346,
            38.079,
            14.0
        ],
        [
            21.024,
            40.792,
            12.53,
            32.696,
            36.056,
            19.723,
            15.0,
            9.0,
            17.464,
            16.125,
            28.16,
            23.195,
            12.0,
            0.0,
            39.825,
            24.187,
            18.248,
            20.224,
            21.213,
            23.022,
            40.249,
            7.28,
            22.847,
            24.515,
            26.571,
            2.0
        ],
        [
            59.464,
            34.205,
            43.829,
            12.042,
            13.342,
            46.957,
            24.839,
            33.302,
            54.672,
            24.042,
            28.16,
            28.071,
            48.27,
            39.825,
            0.0,
            19.416,
            51.313,
            24.597,
            24.166,
            27.203,
            43.29,
            37.59,
            22.361,
            26.019,
            40.0,
            38.601
        ],
        [
            45.177,
            40.311,
            32.558,
            19.698,
            23.77,
            38.053,
            12.0,
            21.213,
            41.231,
            13.153,
            11.402,
            9.22,
            35.114,
            24.187,
            19.416,
            0.0,
            40.025,
            19.698,
            20.125,
            24.597,
            45.793,
            19.799,
            3.0,
            7.616,
            21.378,
            22.472
        ],
        [
            12.042,
            38.328,
            7.616,
            41.11,
            43.139,
            7.071,
            28.46,
            18.974,
            7.071,
            28.231,
            46.0,
            41.0,
            6.708,
            18.248,
            51.313,
            40.025,
            0.0,
            27.019,
            27.659,
            26.249,
            33.0,
            25.495,
            39.459,
            42.048,
            44.643,
            20.224
        ],
        [
            36.401,
            22.825,
            19.799,
            14.142,
            16.643,
            22.361,
            10.0,
            11.402,
            31.241,
            7.81,
            30.232,
            26.249,
            25.0,
            20.224,
            24.597,
            19.698,
            27.019,
            0.0,
            1.0,
            5.0,
            26.401,
            22.361,
            21.095,
            25.807,
            36.401,
            20.025
        ],
        [
            37.202,
            21.954,
            20.518,
            13.454,
            15.811,
            22.825,
            10.817,
            12.369,
            32.016,
            8.602,
            30.806,
            26.907,
            25.807,
            21.213,
            24.166,
            20.125,
            27.659,
            1.0,
            0.0,
            4.472,
            25.807,
            23.345,
            21.633,
            26.401,
            37.202,
            21.024
        ],
        [
            36.715,
            18.385,
            19.723,
            15.652,
            17.029,
            20.616,
            14.866,
            14.036,
            31.385,
            12.728,
            35.228,
            31.241,
            25.495,
            23.022,
            27.203,
            24.597,
            26.249,
            5.0,
            4.472,
            0.0,
            21.401,
            26.249,
            26.077,
            30.806,
            41.231,
            23.195
        ],
        [
            45.011,
            10.77,
            30.806,
            31.575,
            30.067,
            26.019,
            36.125,
            32.45,
            40.012,
            34.059,
            56.613,
            52.631,
            36.497,
            40.249,
            43.29,
            45.793,
            33.0,
            26.401,
            25.807,
            21.401,
            0.0,
            45.486,
            47.434,
            52.202,
            62.241,
            41.183
        ],
        [
            26.926,
            44.598,
            19.698,
            32.558,
            36.346,
            26.833,
            14.142,
            13.038,
            24.083,
            16.031,
            21.587,
            16.763,
            19.105,
            7.28,
            37.59,
            19.799,
            25.495,
            22.361,
            23.345,
            26.249,
            45.486,
            0.0,
            17.804,
            18.385,
            19.313,
            5.385
        ],
        [
            43.863,
            42.45,
            32.14,
            22.472,
            26.571,
            38.013,
            12.369,
            21.0,
            40.162,
            13.928,
            9.22,
            6.325,
            34.205,
            22.847,
            22.361,
            3.0,
            39.459,
            21.095,
            21.633,
            26.077,
            47.434,
            17.804,
            0.0,
            5.0,
            18.439,
            21.024
        ],
        [
            45.222,
            47.424,
            35.014,
            27.313,
            31.385,
            41.304,
            16.553,
            24.331,
            41.976,
            18.358,
            4.472,
            2.236,
            36.346,
            24.515,
            26.019,
            7.616,
            42.048,
            25.807,
            26.401,
            30.806,
            52.202,
            18.385,
            5.0,
            0.0,
            14.036,
            22.561
        ],
        [
            44.0,
            59.076,
            39.0,
            40.804,
            44.922,
            46.098,
            26.401,
            30.806,
            42.297,
            28.601,
            12.369,
            12.166,
            38.079,
            26.571,
            40.0,
            21.378,
            44.643,
            36.401,
            37.202,
            41.231,
            62.241,
            19.313,
            18.439,
            14.036,
            0.0,
            24.698
        ],
        [
            22.847,
            41.231,
            14.318,
            31.953,
            35.44,
            21.471,
            13.892,
            9.22,
            19.416,
            15.232,
            26.173,
            21.213,
            14.0,
            2.0,
            38.601,
            22.472,
            20.224,
            20.025,
            21.024,
            23.195,
            41.183,
            5.385,
            21.024,
            22.561,
            24.698,
            0.0
        ]
    ],
    "distances_scv": [
        [
            0.0,
            0.15,
            0.15,
            0.15,
            0.15,
            0.15,
            0.15,
            0.15,
            0.15,
            0.15,
            0.15,
            0.15,
            0.15,
            0.15,
            0.15,
            0.15,
            0.15,
            0.15,
            0.15,
            0.15,
            0.15,
            0.15,
            0.15,
            0.15,
            0.15,
            0.15
        ],
        [
            0.15,
            0.0,
            0.15,
            0.15,
            0.15,
            0.15,
            0.15,
            0.15,
            0.15,
            0.15,
            0.15,
            0.15,
            0.15,
            0.15,
            0.15,
            0.15,
            0.15,
            0.15,
            0.15,
            0.15,
            0.15,
            0.15,
            0.15,
            0.15,
            0.15,
            0.15
        ],
        [
            0.15,
            0.15,
            0.0,
            0.15,
            0.15,
            0.15,
            0.15,
            0.15,
            0.15,
            0.15,
            0.15,
            0.15,
            0.15,
            0.15,
            0.15,
            0.15,
            0.15,
            0.15,
            0.15,
            0.15,
            0.15,
            0.15,
            0.15,
            0.15,
            0.15,
            0.15
        ],
        [
            0.15,
            0.15,
            0.15,
            0.0,
            0.15,
            0.15,
            0.15,
            0.15,
            0.15,
            0.15,
            0.15,
            0.15,
            0.15,
            0.15,
            0.15,
            0.15,
            0.15,
            0.15,
            0.15,
            0.15,
            0.15,
            0.15,
            0.15,
            0.15,
            0.15,
            0.15
        ],
        [
            0.15,
            0.15,
            0.15,
            0.15,
            0.0,
            0.15,
            0.15,
            0.15,
            0.15,
            0.15,
            0.15,
            0.15,
            0.15,
            0.15,
            0.15,
            0.15,
            0.15,
            0.15,
            0.15,
            0.15,
            0.15,
            0.15,
            0.15,
            0.15,
            0.15,
            0.15
        ],
        [
            0.15,
            0.15,
            0.15,
            0.15,
            0.15,
            0.0,
            0.15,
            0.15,
            0.15,
            0.15,
            0.15,
            0.15,
            0.15,
            0.15,
            0.15,
            0.15,
            0.15,
            0.15,
            0.15,
            0.15,
            0.15,
            0.15,
            0.15,
            0.15,
            0.15,
            0.15
        ],
        [
            0.15,
            0.15,
            0.15,
            0.15,
            0.15,
            0.15,
            0.0,
            0.15,
            0.15,
            0.15,
            0.15,
            0.15,
            0.15,
            0.15,
            0.15,
            0.15,
            0.15,
            0.15,
            0.15,
            0.15,
            0.15,
            0.15,
            0.15,
            0.15,
            0.15,
            0.15
        ],
        [
            0.15,
            0.15,
            0.15,
            0.15,
            0.15,
            0.15,
            0.15,
            0.0,
            0.15,
            0.15,
            0.15,
            0.15,
            0.15,
            0.15,
            0.15,
            0.15,
            0.15,
            0.15,
            0.15,
            0.15,
            0.15,
            0.15,
            0.15,
            0.15,
            0.15,
            0.15
        ],
        [
            0.15,
            0.15,
            0.15,
            0.15,
            0.15,
            0.15,
            0.15,
            0.15,
            0.0,
            0.15,
            0.15,
            0.15,
            0.15,
            0.15,
            0.15,
            0.15,
            0.15,
            0.15,
            0.15,
            0.15,
            0.15,
            0.15,
            0.15,
            0.15,
            0.15,
            0.15
        ],
        [
            0.15,
            0.15,
            0.15,
            0.15,
            0.15,
            0.15,
            0.15,
            0.15,
            0.15,
            0.0,
            0.15,
            0.15,
            0.15,
            0.15,
            0.15,
            0.15,
            0.15,
            0.15,
            0.15,
            0.15,
            0.15,
            0.15,
            0.15,
            0.15,
            0.15,
            0.15
        ],
        [
            0.15,
            0.15,
            0.15,
            0.15,
            0.15,
            0.15,
            0.15,
            0.15,
            0.15,
            0.15,
            0.0,
            0.15,
            0.15,
            0.15,
            0.15,
            0.15,
            0.15,
            0.15,
            0.15,
            0.15,
            0.15,
            0.15,
            0.15,
            0.15,
            0.15,
            0.15
        ],
        [
            0.15,
            0.15,
            0.15,
            0.15,
            0.15,
            0.15,
            0.15,
            0.15,
            0.15,
            0.15,
            0.15,
            0.0,
            0.15,
            0.15,
            0.15,
            0.15,
            0.15,
            0.15,
            0.15,
            0.15,
            0.15,
            0.15,
            0.15,
            0.15,
            0.15,
            0.15
        ],
        [
            0.15,
            0.15,
            0.15,
            0.15,
            0.15,
            0.15,
            0.15,
            0.15,
            0.15,
            0.15,
            0.15,
            0.15,
            0.0,
            0.15,
            0.15,
            0.15,
            0.15,
            0.15,
            0.15,
            0.15,
            0.15,
            0.15,
            0.15,
            0.15,
            0.15,
            0.15
        ],
        [
            0.15,
            0.15,
            0.15,
            0.15,
            0.15,
            0.15,
            0.15,
            0.15,
            0.15,
            0.15,
            0.15,
            0.15,
            0.15,
            0.0,
            0.15,
            0.15,
            0.15,
            0.15,
            0.15,
            0.15,
            0.15,
            0.15,
            0.15,
            0.15,
            0.15,
            0.15
        ],
        [
            0.15,
            0.15,
            0.15,
            0.15,
            0.15,
            0.15,
            0.15,
            0.15,
            0.15,
            0.15,
            0.15,
            0.15,
            0.15,
            0.15,
            0.0,
            0.15,
            0.15,
            0.15,
            0.15,
            0.15,
            0.15,
            0.15,
            0.15,
            0.15,
            0.15,
            0.15
        ],
        [
            0.15,
            0.15,
            0.15,
            0.15,
            0.15,
            0.15,
            0.15,
            0.15,
            0.15,
            0.15,
            0.15,
            0.15,
            0.15,
            0.15,
            0.15,
            0.0,
            0.15,
            0.15,
            0.15,
            0.15,
            0.15,
            0.15,
            0.15,
            0.15,
            0.15,
            0.15
        ],
        [
            0.15,
            0.15,
            0.15,
            0.15,
            0.15,
            0.15,
            0.15,
            0.15,
            0.15,
            0.15,
            0.15,
            0.15,
            0.15,
            0.15,
            0.15,
            0.15,
            0.0,
            0.15,
            0.15,
            0.15,
            0.15,
            0.15,
            0.15,
            0.15,
            0.15,
            0.15
        ],
        [
            0.15,
            0.15,
            0.15,
            0.15,
            0.15,
            0.15,
            0.15,
            0.15,
            0.15,
            0.15,
            0.15,
            0.15,
            0.15,
            0.15,
            0.15,
            0.15,
            0.15,
            0.0,
            0.15,
            0.15,
            0.15,
            0.15,
            0.15,
            0.15,
            0.15,
            0.15
        ],
        [
            0.15,
            0.15,
            0.15,
            0.15,
            0.15,
            0.15,
            0.15,
            0.15,
            0.15,
            0.15,
            0.15,
            0.15,
            0.15,
            0.15,
            0.15,
            0.15,
            0.15,
            0.15,
            0.0,
            0.15,
            0.15,
            0.15,
            0.15,
            0.15,
            0.15,
            0.15
        ],
        [
            0.15,
            0.15,
            0.15,
            0.15,
            0.15,
            0.15,
            0.15,
            0.15,
            0.15,
            0.15,
            0.15,
            0.15,
            0.15,
            0.15,
            0.15,
            0.15,
            0.15,
            0.15,
            0.15,
            0.0,
            0.15,
            0.15,
            0.15,
            0.15,
            0.15,
            0.15
        ],
        [
            0.15,
            0.15,
            0.15,
            0.15,
            0.15,
            0.15,
            0.15,
            0.15,
            0.15,
            0.15,
            0.15,
            0.15,
            0.15,
            0.15,
            0.15,
            0.15,
            0.15,
            0.15,
            0.15,
            0.15,
            0.0,
            0.15,
            0.15,
            0.15,
            0.15,
            0.15
        ],
        [
            0.15,
            0.15,
            0.15,
            0.15,
            0.15,
            0.15,
            0.15,
            0.15,
            0.15,
            0.15,
            0.15,
            0.15,
            0.15,
            0.15,
            0.15,
            0.15,
            0.15,
            0.15,
            0.15,
            0.15,
            0.15,
            0.0,
            0.15,
            0.15,
            0.15,
            0.15
        ],
        [
            0.15,
            0.15,
            0.15,
            0.15,
            0.15,
            0.15,
            0.15,
            0.15,
            0.15,
            0.15,
            0.15,
            0.15,
            0.15,
            0.15,
            0.15,
            0.15,
            0.15,
            0.15,
            0.15,
            0.15,
            0.15,
            0.15,
            0.0,
            0.15,
            0.15,
            0.15
        ],
        [
            0.15,
            0.15,
            0.15,
            0.15,
            0.15,
            0.15,
            0.15,
            0.15,
            0.15,
            0.15,
            0.15,
            0.15,
            0.15,
            0.15,
            0.15,
            0.15,
            0.15,
            0.15,
            0.15,
            0.15,
            0.15,
            0.15,
            0.15,
            0.0,
            0.15,
            0.15
        ],
        [
            0.15,
            0.15,
            0.15,
            0.15,
            0.15,
            0.15,
            0.15,
            0.15,
            0.15,
            0.15,
            0.15,
            0.15,
            0.15,
            0.15,
            0.15,
            0.15,
            0.15,
            0.15,
            0.15,
            0.15,
            0.15,
            0.15,
            0.15,
            0.15,
            0.0,
            0.15
        ],
        [
            0.15,
            0.15,
            0.15,
            0.15,
            0.15,
            0.15,
            0.15,
            0.15,
            0.15,
            0.15,
            0.15,
            0.15,
            0.15,
            0.15,
            0.15,
            0.15,
            0.15,
            0.15,
            0.15,
            0.15,
            0.15,
            0.15,
            0.15,
            0.15,
            0.15,
            0.0
        ]
    ],
    "service_scv": [
        0.0,
        0.329,
        0.448,
        0.402,
        0.406,
        0.232,
        0.391,
        0.372,
        0.41,
        0.392,
        0.338,
        0.238,
        0.227,
        0.311,
        0.194,
        0.327,
        0.177,
        0.201,
        0.495,
        0.273,
        0.464,
        0.445,
        0.351,
        0.481,
        0.404,
        0.178
    ],
    "service": [
        0,
        56,
        53,
        54,
        48,
        43,
        58,
        49,
        36,
        31,
        32,
        57,
        45,
        31,
        41,
        48,
        34,
        46,
        49,
        32,
        35,
        31,
        31,
        37,
        53,
        43
    ]
}
