{
    "coords": [
        [
            0,
            0
        ],
        [
            34,
            44
        ],
        [
            28,
            38
        ],
        [
            41,
            11
        ],
        [
            2,
            15
        ],
        [
            14,
            43
        ],
        [
            45,
            0
        ],
        [
            24,
            41
        ],
        [
            6,
            39
        ],
        [
            5,
            23
        ],
        [
            40,
            15
        ],
        [
            17,
            13
        ],
        [
            35,
            12
        ],
        [
            49,
            22
        ],
        [
            23,
            25
        ],
        [
            29,
            27
        ],
        [
            25,
            49
        ],
        [
            40,
            39
        ],
        [
            35,
            31
        ],
        [
            17,
            49
        ],
        [
            23,
            10
        ],
        [
            42,
            8
        ],
        [
            42,
            30
        ],
        [
            5,
            2
        ],
        [
            22,
            1
        ],
        [
            7,
            25
        ]
    ],
    "dimension": 26,
    "distances": [
        [
            0.0,
            55.606,
            47.202,
            42.45,
            15.133,
            45.222,
            45.0,
            47.508,
            39.459,
            23.537,
            42.72,
            21.401,
            37.0,
            53.712,
            33.971,
            39.623,
            55.009,
            55.866,
            46.755,
            51.865,
            25.08,
            42.755,
            51.614,
            5.385,
            22.023,
            25.962
        ],
        [
            55.606,
            0.0,
            8.485,
            33.734,
            43.186,
            20.025,
            45.354,
            10.44,
            28.443,
            35.805,
            29.614,
            35.355,
            32.016,
            26.627,
            21.954,
            17.72,
            10.296,
            7.81,
            13.038,
            17.72,
            35.735,
            36.878,
            16.125,
            51.039,
            44.643,
            33.015
        ],
        [
            47.202,
            8.485,
            0.0,
            29.967,
            34.713,
            14.866,
            41.629,
            5.0,
            22.023,
            27.459,
            25.942,
            27.313,
            26.926,
            26.401,
            13.928,
            11.045,
            11.402,
            12.042,
            9.899,
            15.556,
            28.443,
            33.106,
            16.125,
            42.72,
            37.483,
            24.698
        ],
        [
            42.45,
            33.734,
            29.967,
            0.0,
            39.205,
            41.869,
            11.705,
            34.482,
            44.822,
            37.947,
            4.123,
            24.083,
            6.083,
            13.601,
            22.804,
            20.0,
            41.231,
            28.018,
            20.881,
            44.944,
            18.028,
            3.162,
            19.026,
            37.108,
            21.471,
            36.77
        ],
        [
            15.133,
            43.186,
            34.713,
            39.205,
            0.0,
            30.463,
            45.541,
            34.059,
            24.331,
            8.544,
            38.0,
            15.133,
            33.136,
            47.518,
            23.259,
            29.547,
            41.049,
            44.944,
            36.674,
            37.162,
            21.587,
            40.608,
            42.72,
            13.342,
            24.413,
            11.18
        ],
        [
            45.222,
            20.025,
            14.866,
            41.869,
            30.463,
            0.0,
            53.009,
            10.198,
            8.944,
            21.932,
            38.21,
            30.15,
            37.443,
            40.817,
            20.125,
            21.932,
            12.53,
            26.306,
            24.187,
            6.708,
            34.205,
            44.822,
            30.871,
            41.976,
            42.755,
            19.313
        ],
        [
            45.0,
            45.354,
            41.629,
            11.705,
            45.541,
            53.009,
            0.0,
            46.065,
            55.154,
            46.141,
            15.811,
            30.871,
            15.62,
            22.361,
            33.302,
            31.385,
            52.924,
            39.319,
            32.573,
            56.436,
            24.166,
            8.544,
            30.15,
            40.05,
            23.022,
            45.486
        ],
        [
            47.508,
            10.44,
            5.0,
            34.482,
            34.059,
            10.198,
            46.065,
            0.0,
            18.111,
            26.173,
            30.529,
            28.862,
            31.016,
            31.401,
            16.031,
            14.866,
            8.062,
            16.125,
            14.866,
            10.63,
            31.016,
            37.59,
            21.095,
            43.382,
            40.05,
            23.345
        ],
        [
            39.459,
            28.443,
            22.023,
            44.822,
            24.331,
            8.944,
            55.154,
            18.111,
            0.0,
            16.031,
            41.617,
            28.231,
            39.623,
            46.239,
            22.023,
            25.942,
            21.471,
            34.0,
            30.083,
            14.866,
            33.615,
            47.508,
            37.108,
            37.014,
            41.231,
            14.036
        ],
        [
            23.537,
            35.805,
            27.459,
            37.947,
            8.544,
            21.932,
            46.141,
            26.173,
            16.031,
            0.0,
            35.903,
            15.62,
            31.953,
            44.011,
            18.111,
            24.331,
            32.802,
            38.484,
            31.048,
            28.636,
            22.204,
            39.925,
            37.656,
            21.0,
            27.803,
            2.828
        ],
        [
            42.72,
            29.614,
            25.942,
            4.123,
            38.0,
            38.21,
            15.811,
            30.529,
            41.617,
            35.903,
            0.0,
            23.087,
            5.831,
            11.402,
            19.723,
            16.279,
            37.162,
            24.0,
            16.763,
            41.049,
            17.72,
            7.28,
            15.133,
            37.336,
            22.804,
            34.482
        ],
        [
            21.401,
            35.355,
            27.313,
            24.083,
            15.133,
            30.15,
            30.871,
            28.862,
            28.231,
            15.62,
            23.087,
            0.0,
            18.028,
            33.242,
            13.416,
            18.439,
            36.878,
            34.713,
            25.456,
            36.0,
            6.708,
            25.495,
            30.232,
            16.279,
            13.0,
            15.62
        ],
        [
            37.0,
            32.016,
            26.926,
            6.083,
            33.136,
            37.443,
            15.62,
            31.016,
            39.623,
            31.953,
            5.831,
            18.028,
            0.0,
            17.205,
            17.692,
            16.155,
            38.328,
            27.459,
            19.0,
            41.146,
            12.166,
            8.062,
            19.313,
            31.623,
            17.029,
            30.871
        ],
        [
            53.712,
            26.627,
            26.401,
            13.601,
            47.518,
            40.817,
            22.361,
            31.401,
            46.239,
            44.011,
            11.402,
            33.242,
            17.205,
            0.0,
            26.173,
            20.616,
            36.125,
            19.235,
            16.643,
            41.869,
            28.636,
            15.652,
            10.63,
            48.332,
            34.205,
            42.107
        ],
        [
            33.971,
            21.954,
            13.928,
            22.804,
            23.259,
            20.125,
            33.302,
            16.031,
            22.023,
            18.111,
            19.723,
            13.416,
            17.692,
            26.173,
            0.0,
            6.325,
            24.083,
            22.023,
            13.416,
            24.739,
            15.0,
            25.495,
            19.647,
            29.206,
            24.021,
            16.0
        ],
        [
            39.623,
            17.72,
            11.045,
            20.0,
            29.547,
            21.932,
            31.385,
            14.866,
            25.942,
            24.331,
            16.279,
            18.439,
            16.155,
            20.616,
            6.325,
            0.0,
            22.361,
            16.279,
            7.211,
            25.06,
            18.028,
            23.022,
            13.342,
            34.655,
            26.926,
            22.091
        ],
        [
            55.009,
            10.296,
            11.402,
            41.231,
            41.049,
            12.53,
            52.924,
            8.062,
            21.471,
            32.802,
            37.162,
            36.878,
            38.328,
            36.125,
            24.083,
            22.361,
            0.0,
            18.028,
            20.591,
            8.0,
            39.051,
            44.385,
            25.495,
            51.078,
            48.094,
            30.0
        ],
        [
            55.866,
            7.81,
            12.042,
            28.018,
            44.944,
            26.306,
            39.319,
            16.125,
            34.0,
            38.484,
            24.0,
            34.713,
            27.459,
            19.235,
            22.023,
            16.279,
            18.028,
            0.0,
            9.434,
            25.08,
            33.615,
            31.064,
            9.22,
            50.931,
            42.048,
            35.847
        ],
        [
            46.755,
            13.038,
            9.899,
            20.881,
            36.674,
            24.187,
            32.573,
            14.866,
            30.083,
            31.048,
            16.763,
            25.456,
            19.0,
            16.643,
            13.416,
            7.211,
            20.591,
            9.434,
            0.0,
            25.456,
            24.187,
            24.042,
            7.071,
            41.725,
            32.696,
            28.636
        ],
        [
            51.865,
            17.72,
            15.556,
            44.944,
            37.162,
            6.708,
            56.436,
            10.63,
            14.866,
            28.636,
            41.049,
            36.0,
            41.146,
            41.869,
            24.739,
            25.06,
            8.0,
            25.08,
            25.456,
            0.0,
            39.459,
            48.021,
            31.401,
            48.508,
            48.26,
            26.0
        ],
        [
            25.08,
            35.735,
            28.443,
            18.028,
            21.587,
            34.205,
            24.166,
            31.016,
            33.615,
            22.204,
            17.72,
            6.708,
            12.166,
            28.636,
            15.0,
            18.028,
            39.051,
            33.615,
            24.187,
            39.459,
            0.0,
            19.105,
            27.586,
            19.698,
            9.055,
            21.932
        ],
        [
            42.755,
            36.878,
            33.106,
            3.162,
            40.608,
            44.822,
            8.544,
            37.59,
            47.508,
            39.925,
            7.28,
            25.495,
            8.062,
            15.652,
            25.495,
            23.022,
            44.385,
            31.064,
            24.042,
            48.021,
            19.105,
            0.0,
            22.0,
            37.483,
            21.19,
            38.91
        ],
        [
            51.614,
            16.125,
            16.125,
            19.026,
            42.72,
            30.871,
            30.15,
            21.095,
            37.108,
            37.656,
            15.133,
            30.232,
            19.313,
            10.63,
            19.647,
            13.342,
            25.495,
            9.22,
            7.071,
            31.401,
            27.586,
            22.0,
            0.0,
            46.4,
            35.228,
            35.355
        ],
        [
            5.385,
            51.039,
            42.72,
            37.108,
            13.342,
            41.976,
            40.05,
            43.382,
            37.014,
            21.0,
            37.336,
            16.279,
            31.623,
            48.332,
            29.206,
            34.655,
            51.078,
            50.931,
            41.725,
            48.508,
            19.698,
            37.483,
            46.4,
            0.0,
            17.029,
            23.087
        ],
        [
            22.023,
            44.643,
            37.483,
            21.471,
            24.413,
            42.755,
            23.022,
            40.05,
            41.231,
            27.803,
            22.804,
            13.0,
            17.029,
            34.205,
            24.021,
            26.926,
            48.094,
            42.048,
            32.696,
            48.26,
            9.055,
            21.19,
            35.228,
            17.029,
            0.0,
            28.302
        ],
        [
            25.962,
            33.015,
            24.698,
            36.77,
            11.18,
            19.313,
            45.486,
            23.345,
            14.036,
            2.828,
            34.482,
            15.62,
            30.871,
            42.107,
            16.0,
            22.091,
            30.0,
            35.847,
            28.636,
            26.0,
            21.932,
            38.91,
            35.355,
            23.087,
            28.302,
            0.0
        ]
    ],
    "distances_scv": [
        [
            0.0,
            0.15,
            0.15,
            0.15,
            0.15,
            0.15,
            0.15,
            0.15,
            0.15,
            0.15,
            0.15,
            0.15,
            0.15,
            0.15,
            0.15,
            0.15,
            0.15,
            0.15,
            0.15,
            0.15,
            0.15,
            0.15,
            0.15,
            0.15,
            0.15,
            0.15
        ],
        [
            0.15,
            0.0,
            0.15,
            0.15,
            0.15,
            0.15,
            0.15,
            0.15,
            0.15,
            0.15,
            0.15,
            0.15,
            0.15,
            0.15,
            0.15,
            0.15,
            0.15,
            0.15,
            0.15,
            0.15,
            0.15,
            0.15,
            0.15,
            0.15,
            0.15,
            0.15
        ],
        [
            0.15,
            0.15,
            0.0,
            0.15,
            0.15,
            0.15,
            0.15,
            0.15,
            0.15,
            0.15,
            0.15,
            0.15,
            0.15,
            0.15,
            0.15,
            0.15,
            0.15,
            0.15,
            0.15,
            0.15,
            0.15,
            0.15,
            0.15,
            0.15,
            0.15,
            0.15
        ],
        [
            0.15,
            0.15,
            0.15,
            0.0,
            0.15,
            0.15,
            0.15,
            0.15,
            0.15,
            0.15,
            0.15,
            0.15,
            0.15,
            0.15,
            0.15,
            0.15,
            0.15,
            0.15,
            0.15,
            0.15,
            0.15,
            0.15,
            0.15,
            0.15,
            0.15,
            0.15
        ],
        [
            0.15,
            0.15,
            0.15,
            0.15,
            0.0,
            0.15,
            0.15,
            0.15,
            0.15,
            0.15,
            0.15,
            0.15,
            0.15,
            0.15,
            0.15,
            0.15,
            0.15,
            0.15,
            0.15,
            0.15,
            0.15,
            0.15,
            0.15,
            0.15,
            0.15,
            0.15
        ],
        [
            0.15,
            0.15,
            0.15,
            0.15,
            0.15,
            0.0,
            0.15,
            0.15,
            0.15,
            0.15,
            0.15,
            0.15,
            0.15,
            0.15,
            0.15,
            0.15,
            0.15,
            0.15,
            0.15,
            0.15,
            0.15,
            0.15,
            0.15,
            0.15,
            0.15,
            0.15
        ],
        [
            0.15,
            0.15,
            0.15,
            0.15,
            0.15,
            0.15,
            0.0,
            0.15,
            0.15,
            0.15,
            0.15,
            0.15,
            0.15,
            0.15,
            0.15,
            0.15,
            0.15,
            0.15,
            0.15,
            0.15,
            0.15,
            0.15,
            0.15,
            0.15,
            0.15,
            0.15
        ],
        [
            0.15,
            0.15,
            0.15,
            0.15,
            0.15,
            0.15,
            0.15,
            0.0,
            0.15,
            0.15,
            0.15,
            0.15,
            0.15,
            0.15,
            0.15,
            0.15,
            0.15,
            0.15,
            0.15,
            0.15,
            0.15,
            0.15,
            0.15,
            0.15,
            0.15,
            0.15
        ],
        [
            0.15,
            0.15,
            0.15,
            0.15,
            0.15,
            0.15,
            0.15,
            0.15,
            0.0,
            0.15,
            0.15,
            0.15,
            0.15,
            0.15,
            0.15,
            0.15,
            0.15,
            0.15,
            0.15,
            0.15,
            0.15,
            0.15,
            0.15,
            0.15,
            0.15,
            0.15
        ],
        [
            0.15,
            0.15,
            0.15,
            0.15,
            0.15,
            0.15,
            0.15,
            0.15,
            0.15,
            0.0,
            0.15,
            0.15,
            0.15,
            0.15,
            0.15,
            0.15,
            0.15,
            0.15,
            0.15,
            0.15,
            0.15,
            0.15,
            0.15,
            0.15,
            0.15,
            0.15
        ],
        [
            0.15,
            0.15,
            0.15,
            0.15,
            0.15,
            0.15,
            0.15,
            0.15,
            0.15,
            0.15,
            0.0,
            0.15,
            0.15,
            0.15,
            0.15,
            0.15,
            0.15,
            0.15,
            0.15,
            0.15,
            0.15,
            0.15,
            0.15,
            0.15,
            0.15,
            0.15
        ],
        [
            0.15,
            0.15,
            0.15,
            0.15,
            0.15,
            0.15,
            0.15,
            0.15,
            0.15,
            0.15,
            0.15,
            0.0,
            0.15,
            0.15,
            0.15,
            0.15,
            0.15,
            0.15,
            0.15,
            0.15,
            0.15,
            0.15,
            0.15,
            0.15,
            0.15,
            0.15
        ],
        [
            0.15,
            0.15,
            0.15,
            0.15,
            0.15,
            0.15,
            0.15,
            0.15,
            0.15,
            0.15,
            0.15,
            0.15,
            0.0,
            0.15,
            0.15,
            0.15,
            0.15,
            0.15,
            0.15,
            0.15,
            0.15,
            0.15,
            0.15,
            0.15,
            0.15,
            0.15
        ],
        [
            0.15,
            0.15,
            0.15,
            0.15,
            0.15,
            0.15,
            0.15,
            0.15,
            0.15,
            0.15,
            0.15,
            0.15,
            0.15,
            0.0,
            0.15,
            0.15,
            0.15,
            0.15,
            0.15,
            0.15,
            0.15,
            0.15,
            0.15,
            0.15,
            0.15,
            0.15
        ],
        [
            0.15,
            0.15,
            0.15,
            0.15,
            0.15,
            0.15,
            0.15,
            0.15,
            0.15,
            0.15,
            0.15,
            0.15,
            0.15,
            0.15,
            0.0,
            0.15,
            0.15,
            0.15,
            0.15,
            0.15,
            0.15,
            0.15,
            0.15,
            0.15,
            0.15,
            0.15
        ],
        [
            0.15,
            0.15,
            0.15,
            0.15,
            0.15,
            0.15,
            0.15,
            0.15,
            0.15,
            0.15,
            0.15,
            0.15,
            0.15,
            0.15,
            0.15,
            0.0,
            0.15,
            0.15,
            0.15,
            0.15,
            0.15,
            0.15,
            0.15,
            0.15,
            0.15,
            0.15
        ],
        [
            0.15,
            0.15,
            0.15,
            0.15,
            0.15,
            0.15,
            0.15,
            0.15,
            0.15,
            0.15,
            0.15,
            0.15,
            0.15,
            0.15,
            0.15,
            0.15,
            0.0,
            0.15,
            0.15,
            0.15,
            0.15,
            0.15,
            0.15,
            0.15,
            0.15,
            0.15
        ],
        [
            0.15,
            0.15,
            0.15,
            0.15,
            0.15,
            0.15,
            0.15,
            0.15,
            0.15,
            0.15,
            0.15,
            0.15,
            0.15,
            0.15,
            0.15,
            0.15,
            0.15,
            0.0,
            0.15,
            0.15,
            0.15,
            0.15,
            0.15,
            0.15,
            0.15,
            0.15
        ],
        [
            0.15,
            0.15,
            0.15,
            0.15,
            0.15,
            0.15,
            0.15,
            0.15,
            0.15,
            0.15,
            0.15,
            0.15,
            0.15,
            0.15,
            0.15,
            0.15,
            0.15,
            0.15,
            0.0,
            0.15,
            0.15,
            0.15,
            0.15,
            0.15,
            0.15,
            0.15
        ],
        [
            0.15,
            0.15,
            0.15,
            0.15,
            0.15,
            0.15,
            0.15,
            0.15,
            0.15,
            0.15,
            0.15,
            0.15,
            0.15,
            0.15,
            0.15,
            0.15,
            0.15,
            0.15,
            0.15,
            0.0,
            0.15,
            0.15,
            0.15,
            0.15,
            0.15,
            0.15
        ],
        [
            0.15,
            0.15,
            0.15,
            0.15,
            0.15,
            0.15,
            0.15,
            0.15,
            0.15,
            0.15,
            0.15,
            0.15,
            0.15,
            0.15,
            0.15,
            0.15,
            0.15,
            0.15,
            0.15,
            0.15,
            0.0,
            0.15,
            0.15,
            0.15,
            0.15,
            0.15
        ],
        [
            0.15,
            0.15,
            0.15,
            0.15,
            0.15,
            0.15,
            0.15,
            0.15,
            0.15,
            0.15,
            0.15,
            0.15,
            0.15,
            0.15,
            0.15,
            0.15,
            0.15,
            0.15,
            0.15,
            0.15,
            0.15,
            0.0,
            0.15,
            0.15,
            0.15,
            0.15
        ],
        [
            0.15,
            0.15,
            0.15,
            0.15,
            0.15,
            0.15,
            0.15,
            0.15,
            0.15,
            0.15,
            0.15,
            0.15,
            0.15,
            0.15,
            0.15,
            0.15,
            0.15,
            0.15,
            0.15,
            0.15,
            0.15,
            0.15,
            0.0,
            0.15,
            0.15,
            0.15
        ],
        [
            0.15,
            0.15,
            0.15,
            0.15,
            0.15,
            0.15,
            0.15,
            0.15,
            0.15,
            0.15,
            0.15,
            0.15,
            0.15,
            0.15,
            0.15,
            0.15,
            0.15,
            0.15,
            0.15,
            0.15,
            0.15,
            0.15,
            0.15,
            0.0,
            0.15,
            0.15
        ],
        [
            0.15,
            0.15,
            0.15,
            0.15,
            0.15,
            0.15,
            0.15,
            0.15,
            0.15,
            0.15,
            0.15,
            0.15,
            0.15,
            0.15,
            0.15,
            0.15,
            0.15,
            0.15,
            0.15,
            0.15,
            0.15,
            0.15,
            0.15,
            0.15,
            0.0,
            0.15
        ],
        [
            0.15,
            0.15,
            0.15,
            0.15,
            0.15,
            0.15,
            0.15,
            0.15,
            0.15,
            0.15,
            0.15,
            0.15,
            0.15,
            0.15,
            0.15,
            0.15,
            0.15,
            0.15,
            0.15,
            0.15,
            0.15,
            0.15,
            0.15,
            0.15,
            0.15,
            0.0
        ]
    ],
    "service_scv": [
        0.0,
        0.872,
        1.042,
        1.187,
        1.059,
        0.607,
        1.318,
        1.424,
        0.601,
        0.75,
        0.674,
        1.349,
        1.41,
        0.544,
        0.832,
        0.692,
        0.97,
        1.422,
        0.57,
        0.671,
        0.987,
        1.024,
        1.246,
        0.938,
        0.641,
        0.854
    ],
    "service": [
        0,
        48,
        33,
        55,
        60,
        47,
        44,
        36,
        44,
        48,
        54,
        45,
        36,
        35,
        47,
        49,
        57,
        55,
        48,
        35,
        55,
        47,
        56,
        53,
        40,
        43
    ]
}
