{
    "coords": [
        [
            0,
            0
        ],
        [
            17,
            46
        ],
        [
            18,
            13
        ],
        [
            43,
            3
        ],
        [
            22,
            15
        ],
        [
            1,
            35
        ],
        [
            49,
            39
        ],
        [
            16,
            26
        ],
        [
            42,
            15
        ],
        [
            21,
            45
        ],
        [
            9,
            46
        ],
        [
            33,
            21
        ],
        [
            39,
            20
        ],
        [
            17,
            30
        ],
        [
            46,
            35
        ],
        [
            33,
            31
        ],
        [
            41,
            21
        ],
        [
            37,
            22
        ],
        [
            30,
            32
        ],
        [
            18,
            45
        ],
        [
            12,
            2
        ],
        [
            37,
            4
        ],
        [
            27,
            38
        ],
        [
            8,
            22
        ],
        [
            28,
            38
        ],
        [
            25,
            26
        ]
    ],
    "dimension": 26,
    "distances": [
        [
            0.0,
            49.041,
            22.204,
            43.105,
            26.627,
            35.014,
            62.626,
            30.529,
            44.598,
            49.659,
            46.872,
            39.115,
            43.829,
            34.482,
            57.801,
            45.277,
            46.065,
            43.046,
            43.863,
            48.466,
            12.166,
            37.216,
            46.615,
            23.409,
            47.202,
            36.069
        ],
        [
            49.041,
            0.0,
            33.015,
            50.249,
            31.401,
            19.416,
            32.757,
            20.025,
            39.825,
            4.123,
            8.0,
            29.682,
            34.059,
            16.0,
            31.016,
            21.932,
            34.655,
            31.241,
            19.105,
            1.414,
            44.283,
            46.519,
            12.806,
            25.632,
            13.601,
            21.541
        ],
        [
            22.204,
            33.015,
            0.0,
            26.926,
            4.472,
            27.803,
            40.46,
            13.153,
            24.083,
            32.14,
            34.205,
            17.0,
            22.136,
            17.029,
            35.609,
            23.431,
            24.352,
            21.024,
            22.472,
            32.0,
            12.53,
            21.024,
            26.571,
            13.454,
            26.926,
            14.765
        ],
        [
            43.105,
            50.249,
            26.926,
            0.0,
            24.187,
            52.802,
            36.497,
            35.468,
            12.042,
            47.413,
            54.818,
            20.591,
            17.464,
            37.483,
            32.14,
            29.732,
            18.111,
            19.925,
            31.78,
            48.877,
            31.016,
            6.083,
            38.484,
            39.825,
            38.079,
            29.206
        ],
        [
            26.627,
            31.401,
            4.472,
            24.187,
            0.0,
            29.0,
            36.125,
            12.53,
            20.0,
            30.017,
            33.615,
            12.53,
            17.72,
            15.811,
            31.241,
            19.416,
            19.925,
            16.553,
            18.788,
            30.265,
            16.401,
            18.601,
            23.537,
            15.652,
            23.77,
            11.402
        ],
        [
            35.014,
            19.416,
            27.803,
            52.802,
            29.0,
            0.0,
            48.166,
            17.493,
            45.618,
            22.361,
            13.601,
            34.928,
            40.853,
            16.763,
            45.0,
            32.249,
            42.379,
            38.275,
            29.155,
            19.723,
            34.785,
            47.508,
            26.173,
            14.765,
            27.166,
            25.632
        ],
        [
            62.626,
            32.757,
            40.46,
            36.497,
            36.125,
            48.166,
            0.0,
            35.468,
            25.0,
            28.636,
            40.608,
            24.083,
            21.471,
            33.242,
            5.0,
            17.889,
            19.698,
            20.809,
            20.248,
            31.575,
            52.326,
            37.0,
            22.023,
            44.385,
            21.024,
            27.295
        ],
        [
            30.529,
            20.025,
            13.153,
            35.468,
            12.53,
            17.493,
            35.468,
            0.0,
            28.231,
            19.647,
            21.19,
            17.72,
            23.77,
            4.123,
            31.321,
            17.72,
            25.495,
            21.378,
            15.232,
            19.105,
            24.331,
            30.414,
            16.279,
            8.944,
            16.971,
            9.0
        ],
        [
            44.598,
            39.825,
            24.083,
            12.042,
            20.0,
            45.618,
            25.0,
            28.231,
            0.0,
            36.62,
            45.277,
            10.817,
            5.831,
            29.155,
            20.396,
            18.358,
            6.083,
            8.602,
            20.809,
            38.419,
            32.696,
            12.083,
            27.459,
            34.713,
            26.926,
            20.248
        ],
        [
            49.659,
            4.123,
            32.14,
            47.413,
            30.017,
            22.361,
            28.636,
            19.647,
            36.62,
            0.0,
            12.042,
            26.833,
            30.806,
            15.524,
            26.926,
            18.439,
            31.241,
            28.018,
            15.811,
            3.0,
            43.932,
            44.011,
            9.22,
            26.42,
            9.899,
            19.416
        ],
        [
            46.872,
            8.0,
            34.205,
            54.818,
            33.615,
            13.601,
            40.608,
            21.19,
            45.277,
            12.042,
            0.0,
            34.655,
            39.699,
            17.889,
            38.601,
            28.302,
            40.608,
            36.878,
            25.239,
            9.055,
            44.102,
            50.478,
            19.698,
            24.021,
            20.616,
            25.612
        ],
        [
            39.115,
            29.682,
            17.0,
            20.591,
            12.53,
            34.928,
            24.083,
            17.72,
            10.817,
            26.833,
            34.655,
            0.0,
            6.083,
            18.358,
            19.105,
            10.0,
            8.0,
            4.123,
            11.402,
            28.302,
            28.32,
            17.464,
            18.028,
            25.02,
            17.72,
            9.434
        ],
        [
            43.829,
            34.059,
            22.136,
            17.464,
            17.72,
            40.853,
            21.471,
            23.77,
            5.831,
            30.806,
            39.699,
            6.083,
            0.0,
            24.166,
            16.553,
            12.53,
            2.236,
            2.828,
            15.0,
            32.65,
            32.45,
            16.125,
            21.633,
            31.064,
            21.095,
            15.232
        ],
        [
            34.482,
            16.0,
            17.029,
            37.483,
            15.811,
            16.763,
            33.242,
            4.123,
            29.155,
            15.524,
            17.889,
            18.358,
            24.166,
            0.0,
            29.428,
            16.031,
            25.632,
            21.541,
            13.153,
            15.033,
            28.443,
            32.802,
            12.806,
            12.042,
            13.601,
            8.944
        ],
        [
            57.801,
            31.016,
            35.609,
            32.14,
            31.241,
            45.0,
            5.0,
            31.321,
            20.396,
            26.926,
            38.601,
            19.105,
            16.553,
            29.428,
            0.0,
            13.601,
            14.866,
            15.811,
            16.279,
            29.732,
            47.381,
            32.28,
            19.235,
            40.162,
            18.248,
            22.847
        ],
        [
            45.277,
            21.932,
            23.431,
            29.732,
            19.416,
            32.249,
            17.889,
            17.72,
            18.358,
            18.439,
            28.302,
            10.0,
            12.53,
            16.031,
            13.601,
            0.0,
            12.806,
            9.849,
            3.162,
            20.518,
            35.805,
            27.295,
            9.22,
            26.571,
            8.602,
            9.434
        ],
        [
            46.065,
            34.655,
            24.352,
            18.111,
            19.925,
            42.379,
            19.698,
            25.495,
            6.083,
            31.241,
            40.608,
            8.0,
            2.236,
            25.632,
            14.866,
            12.806,
            0.0,
            4.123,
            15.556,
            33.242,
            34.67,
            17.464,
            22.023,
            33.015,
            21.401,
            16.763
        ],
        [
            43.046,
            31.241,
            21.024,
            19.925,
            16.553,
            38.275,
            20.809,
            21.378,
            8.602,
            28.018,
            36.878,
            4.123,
            2.828,
            21.541,
            15.811,
            9.849,
            4.123,
            0.0,
            12.207,
            29.833,
            32.016,
            18.0,
            18.868,
            29.0,
            18.358,
            12.649
        ],
        [
            43.863,
            19.105,
            22.472,
            31.78,
            18.788,
            29.155,
            20.248,
            15.232,
            20.809,
            15.811,
            25.239,
            11.402,
            15.0,
            13.153,
            16.279,
            3.162,
            15.556,
            12.207,
            0.0,
            17.692,
            34.986,
            28.862,
            6.708,
            24.166,
            6.325,
            7.81
        ],
        [
            48.466,
            1.414,
            32.0,
            48.877,
            30.265,
            19.723,
            31.575,
            19.105,
            38.419,
            3.0,
            9.055,
            28.302,
            32.65,
            15.033,
            29.732,
            20.518,
            33.242,
            29.833,
            17.692,
            0.0,
            43.417,
            45.188,
            11.402,
            25.08,
            12.207,
            20.248
        ],
        [
            12.166,
            44.283,
            12.53,
            31.016,
            16.401,
            34.785,
            52.326,
            24.331,
            32.696,
            43.932,
            44.102,
            28.32,
            32.45,
            28.443,
            47.381,
            35.805,
            34.67,
            32.016,
            34.986,
            43.417,
            0.0,
            25.08,
            39.0,
            20.396,
            39.395,
            27.295
        ],
        [
            37.216,
            46.519,
            21.024,
            6.083,
            18.601,
            47.508,
            37.0,
            30.414,
            12.083,
            44.011,
            50.478,
            17.464,
            16.125,
            32.802,
            32.28,
            27.295,
            17.464,
            18.0,
            28.862,
            45.188,
            25.08,
            0.0,
            35.44,
            34.132,
            35.171,
            25.06
        ],
        [
            46.615,
            12.806,
            26.571,
            38.484,
            23.537,
            26.173,
            22.023,
            16.279,
            27.459,
            9.22,
            19.698,
            18.028,
            21.633,
            12.806,
            19.235,
            9.22,
            22.023,
            18.868,
            6.708,
            11.402,
            39.0,
            35.44,
            0.0,
            24.839,
            1.0,
            12.166
        ],
        [
            23.409,
            25.632,
            13.454,
            39.825,
            15.652,
            14.765,
            44.385,
            8.944,
            34.713,
            26.42,
            24.021,
            25.02,
            31.064,
            12.042,
            40.162,
            26.571,
            33.015,
            29.0,
            24.166,
            25.08,
            20.396,
            34.132,
            24.839,
            0.0,
            25.612,
            17.464
        ],
        [
            47.202,
            13.601,
            26.926,
            38.079,
            23.77,
            27.166,
            21.024,
            16.971,
            26.926,
            9.899,
            20.616,
            17.72,
            21.095,
            13.601,
            18.248,
            8.602,
            21.401,
            18.358,
            6.325,
            12.207,
            39.395,
            35.171,
            1.0,
            25.612,
            0.0,
            12.369
        ],
        [
            36.069,
            21.541,
            14.765,
            29.206,
            11.402,
            25.632,
            27.295,
            9.0,
            20.248,
            19.416,
            25.612,
            9.434,
            15.232,
            8.944,
            22.847,
            9.434,
            16.763,
            12.649,
            7.81,
            20.248,
            27.295,
            25.06,
            12.166,
            17.464,
            12.369,
            0.0
        ]
    ],
    "distances_scv": [
        [
            0.0,
            0.15,
            0.15,
            0.15,
            0.15,
            0.15,
            0.15,
            0.15,
            0.15,
            0.15,
            0.15,
            0.15,
            0.15,
            0.15,
            0.15,
            0.15,
            0.15,
            0.15,
            0.15,
            0.15,
            0.15,
            0.15,
            0.15,
            0.15,
            0.15,
            0.15
        ],
        [
            0.15,
            0.0,
            0.15,
            0.15,
            0.15,
            0.15,
            0.15,
            0.15,
            0.15,
            0.15,
            0.15,
            0.15,
            0.15,
            0.15,
            0.15,
            0.15,
            0.15,
            0.15,
            0.15,
            0.15,
            0.15,
            0.15,
            0.15,
            0.15,
            0.15,
            0.15
        ],
        [
            0.15,
            0.15,
            0.0,
            0.15,
            0.15,
            0.15,
            0.15,
            0.15,
            0.15,
            0.15,
            0.15,
            0.15,
            0.15,
            0.15,
            0.15,
            0.15,
            0.15,
            0.15,
            0.15,
            0.15,
            0.15,
            0.15,
            0.15,
            0.15,
            0.15,
            0.15
        ],
        [
            0.15,
            0.15,
            0.15,
            0.0,
            0.15,
            0.15,
            0.15,
            0.15,
            0.15,
            0.15,
            0.15,
            0.15,
            0.15,
            0.15,
            0.15,
            0.15,
            0.15,
            0.15,
            0.15,
            0.15,
            0.15,
            0.15,
            0.15,
            0.15,
            0.15,
            0.15
        ],
        [
            0.15,
            0.15,
            0.15,
            0.15,
            0.0,
            0.15,
            0.15,
            0.15,
            0.15,
            0.15,
            0.15,
            0.15,
            0.15,
            0.15,
            0.15,
            0.15,
            0.15,
            0.15,
            0.15,
            0.15,
            0.15,
            0.15,
            0.15,
            0.15,
            0.15,
            0.15
        ],
        [
            0.15,
            0.15,
            0.15,
            0.15,
            0.15,
            0.0,
            0.15,
            0.15,
            0.15,
            0.15,
            0.15,
            0.15,
            0.15,
            0.15,
            0.15,
            0.15,
            0.15,
            0.15,
            0.15,
            0.15,
            0.15,
            0.15,
            0.15,
            0.15,
            0.15,
            0.15
        ],
        [
            0.15,
            0.15,
            0.15,
            0.15,
            0.15,
            0.15,
            0.0,
            0.15,
            0.15,
            0.15,
            0.15,
            0.15,
            0.15,
            0.15,
            0.15,
            0.15,
            0.15,
            0.15,
            0.15,
            0.15,
            0.15,
            0.15,
            0.15,
            0.15,
            0.15,
            0.15
        ],
        [
            0.15,
            0.15,
            0.15,
            0.15,
            0.15,
            0.15,
            0.15,
            0.0,
            0.15,
            0.15,
            0.15,
            0.15,
            0.15,
            0.15,
            0.15,
            0.15,
            0.15,
            0.15,
            0.15,
            0.15,
            0.15,
            0.15,
            0.15,
            0.15,
            0.15,
            0.15
        ],
        [
            0.15,
            0.15,
            0.15,
            0.15,
            0.15,
            0.15,
            0.15,
            0.15,
            0.0,
            0.15,
            0.15,
            0.15,
            0.15,
            0.15,
            0.15,
            0.15,
            0.15,
            0.15,
            0.15,
            0.15,
            0.15,
            0.15,
            0.15,
            0.15,
            0.15,
            0.15
        ],
        [
            0.15,
            0.15,
            0.15,
            0.15,
            0.15,
            0.15,
            0.15,
            0.15,
            0.15,
            0.0,
            0.15,
            0.15,
            0.15,
            0.15,
            0.15,
            0.15,
            0.15,
            0.15,
            0.15,
            0.15,
            0.15,
            0.15,
            0.15,
            0.15,
            0.15,
            0.15
        ],
        [
            0.15,
            0.15,
            0.15,
            0.15,
            0.15,
            0.15,
            0.15,
            0.15,
            0.15,
            0.15,
            0.0,
            0.15,
            0.15,
            0.15,
            0.15,
            0.15,
            0.15,
            0.15,
            0.15,
            0.15,
            0.15,
            0.15,
            0.15,
            0.15,
            0.15,
            0.15
        ],
        [
            0.15,
            0.15,
            0.15,
            0.15,
            0.15,
            0.15,
            0.15,
            0.15,
            0.15,
            0.15,
            0.15,
            0.0,
            0.15,
            0.15,
            0.15,
            0.15,
            0.15,
            0.15,
            0.15,
            0.15,
            0.15,
            0.15,
            0.15,
            0.15,
            0.15,
            0.15
        ],
        [
            0.15,
            0.15,
            0.15,
            0.15,
            0.15,
            0.15,
            0.15,
            0.15,
            0.15,
            0.15,
            0.15,
            0.15,
            0.0,
            0.15,
            0.15,
            0.15,
            0.15,
            0.15,
            0.15,
            0.15,
            0.15,
            0.15,
            0.15,
            0.15,
            0.15,
            0.15
        ],
        [
            0.15,
            0.15,
            0.15,
            0.15,
            0.15,
            0.15,
            0.15,
            0.15,
            0.15,
            0.15,
            0.15,
            0.15,
            0.15,
            0.0,
            0.15,
            0.15,
            0.15,
            0.15,
            0.15,
            0.15,
            0.15,
            0.15,
            0.15,
            0.15,
            0.15,
            0.15
        ],
        [
            0.15,
            0.15,
            0.15,
            0.15,
            0.15,
            0.15,
            0.15,
            0.15,
            0.15,
            0.15,
            0.15,
            0.15,
            0.15,
            0.15,
            0.0,
            0.15,
            0.15,
            0.15,
            0.15,
            0.15,
            0.15,
            0.15,
            0.15,
            0.15,
            0.15,
            0.15
        ],
        [
            0.15,
            0.15,
            0.15,
            0.15,
            0.15,
            0.15,
            0.15,
            0.15,
            0.15,
            0.15,
            0.15,
            0.15,
            0.15,
            0.15,
            0.15,
            0.0,
            0.15,
            0.15,
            0.15,
            0.15,
            0.15,
            0.15,
            0.15,
            0.15,
            0.15,
            0.15
        ],
        [
            0.15,
            0.15,
            0.15,
            0.15,
            0.15,
            0.15,
            0.15,
            0.15,
            0.15,
            0.15,
            0.15,
            0.15,
            0.15,
            0.15,
            0.15,
            0.15,
            0.0,
            0.15,
            0.15,
            0.15,
            0.15,
            0.15,
            0.15,
            0.15,
            0.15,
            0.15
        ],
        [
            0.15,
            0.15,
            0.15,
            0.15,
            0.15,
            0.15,
            0.15,
            0.15,
            0.15,
            0.15,
            0.15,
            0.15,
            0.15,
            0.15,
            0.15,
            0.15,
            0.15,
            0.0,
            0.15,
            0.15,
            0.15,
            0.15,
            0.15,
            0.15,
            0.15,
            0.15
        ],
        [
            0.15,
            0.15,
            0.15,
            0.15,
            0.15,
            0.15,
            0.15,
            0.15,
            0.15,
            0.15,
            0.15,
            0.15,
            0.15,
            0.15,
            0.15,
            0.15,
            0.15,
            0.15,
            0.0,
            0.15,
            0.15,
            0.15,
            0.15,
            0.15,
            0.15,
            0.15
        ],
        [
            0.15,
            0.15,
            0.15,
            0.15,
            0.15,
            0.15,
            0.15,
            0.15,
            0.15,
            0.15,
            0.15,
            0.15,
            0.15,
            0.15,
            0.15,
            0.15,
            0.15,
            0.15,
            0.15,
            0.0,
            0.15,
            0.15,
            0.15,
            0.15,
            0.15,
            0.15
        ],
        [
            0.15,
            0.15,
            0.15,
            0.15,
            0.15,
            0.15,
            0.15,
            0.15,
            0.15,
            0.15,
            0.15,
            0.15,
            0.15,
            0.15,
            0.15,
            0.15,
            0.15,
            0.15,
            0.15,
            0.15,
            0.0,
            0.15,
            0.15,
            0.15,
            0.15,
            0.15
        ],
        [
            0.15,
            0.15,
            0.15,
            0.15,
            0.15,
            0.15,
            0.15,
            0.15,
            0.15,
            0.15,
            0.15,
            0.15,
            0.15,
            0.15,
            0.15,
            0.15,
            0.15,
            0.15,
            0.15,
            0.15,
            0.15,
            0.0,
            0.15,
            0.15,
            0.15,
            0.15
        ],
        [
            0.15,
            0.15,
            0.15,
            0.15,
            0.15,
            0.15,
            0.15,
            0.15,
            0.15,
            0.15,
            0.15,
            0.15,
            0.15,
            0.15,
            0.15,
            0.15,
            0.15,
            0.15,
            0.15,
            0.15,
            0.15,
            0.15,
            0.0,
            0.15,
            0.15,
            0.15
        ],
        [
            0.15,
            0.15,
            0.15,
            0.15,
            0.15,
            0.15,
            0.15,
            0.15,
            0.15,
            0.15,
            0.15,
            0.15,
            0.15,
            0.15,
            0.15,
            0.15,
            0.15,
            0.15,
            0.15,
            0.15,
            0.15,
            0.15,
            0.15,
            0.0,
            0.15,
            0.15
        ],
        [
            0.15,
            0.15,
            0.15,
            0.15,
            0.15,
            0.15,
            0.15,
            0.15,
            0.15,
            0.15,
            0.15,
            0.15,
            0.15,
            0.15,
            0.15,
            0.15,
            0.15,
            0.15,
            0.15,
            0.15,
            0.15,
            0.15,
            0.15,
            0.15,
            0.0,
            0.15
        ],
        [
            0.15,
            0.15,
            0.15,
            0.15,
            0.15,
            0.15,
            0.15,
            0.15,
            0.15,
            0.15,
            0.15,
            0.15,
            0.15,
            0.15,
            0.15,
            0.15,
            0.15,
            0.15,
            0.15,
            0.15,
            0.15,
            0.15,
            0.15,
            0.15,
            0.15,
            0.0
        ]
    ],
    "service_scv": [
        0.0,
        0.325,
        0.295,
        0.468,
        0.393,
        0.18,
        0.493,
        0.356,
        0.287,
        0.298,
        0.365,
        0.378,
        0.375,
        0.478,
        0.243,
        0.449,
        0.263,
        0.494,
        0.369,
        0.217,
        0.313,
        0.496,
        0.465,
        0.428,
        0.234,
        0.294
    ],
    "service": [
        0,
        52,
        47,
        39,
        56,
        37,
        40,
        33,
        34,
        34,
        44,
        55,
        49,
        58,
        49,
        37,
        54,
        45,
        38,
        36,
        37,
        39,
        42,
        40,
        54,
        32
    ]
}
