{
    "coords": [
        [
            0,
            0
        ],
        [
            13,
            10
        ],
        [
            39,
            41
        ],
        [
            25,
            7
        ],
        [
            41,
            25
        ],
        [
            7,
            6
        ],
        [
            20,
            34
        ],
        [
            20,
            42
        ],
        [
            0,
            21
        ],
        [
            26,
            47
        ],
        [
            11,
            41
        ],
        [
            3,
            16
        ],
        [
            37,
            28
        ],
        [
            46,
            37
        ],
        [
            45,
            41
        ],
        [
            6,
            46
        ],
        [
            42,
            7
        ],
        [
            48,
            37
        ],
        [
            15,
            6
        ],
        [
            19,
            45
        ],
        [
            39,
            11
        ],
        [
            24,
            42
        ],
        [
            32,
            15
        ],
        [
            5,
            48
        ],
        [
            11,
            25
        ],
        [
            34,
            16
        ]
    ],
    "dimension": 26,
    "distances": [
        [
            0.0,
            16.401,
            56.586,
            25.962,
            48.021,
            9.22,
            39.446,
            46.519,
            21.0,
            53.712,
            42.45,
            16.279,
            46.4,
            59.034,
            60.877,
            46.39,
            42.579,
            60.605,
            16.155,
            48.847,
            40.522,
            48.374,
            35.341,
            48.26,
            27.313,
            37.577
        ],
        [
            16.401,
            0.0,
            40.46,
            12.369,
            31.765,
            7.211,
            25.0,
            32.757,
            17.029,
            39.217,
            31.064,
            11.662,
            30.0,
            42.638,
            44.553,
            36.674,
            29.155,
            44.204,
            4.472,
            35.511,
            26.019,
            33.838,
            19.647,
            38.833,
            15.133,
            21.84
        ],
        [
            56.586,
            40.46,
            0.0,
            36.77,
            16.125,
            47.424,
            20.248,
            19.026,
            43.829,
            14.318,
            28.0,
            43.829,
            13.153,
            8.062,
            6.0,
            33.377,
            34.132,
            9.849,
            42.438,
            20.396,
            30.0,
            15.033,
            26.926,
            34.713,
            32.249,
            25.495
        ],
        [
            25.962,
            12.369,
            36.77,
            0.0,
            24.083,
            18.028,
            27.459,
            35.355,
            28.653,
            40.012,
            36.77,
            23.77,
            24.187,
            36.62,
            39.446,
            43.382,
            17.0,
            37.802,
            10.05,
            38.471,
            14.56,
            35.014,
            10.63,
            45.618,
            22.804,
            12.728
        ],
        [
            48.021,
            31.765,
            16.125,
            24.083,
            0.0,
            38.949,
            22.847,
            27.019,
            41.195,
            26.627,
            34.0,
            39.051,
            5.0,
            13.0,
            16.492,
            40.817,
            18.028,
            13.892,
            32.202,
            29.732,
            14.142,
            24.042,
            13.454,
            42.72,
            30.0,
            11.402
        ],
        [
            9.22,
            7.211,
            47.424,
            18.028,
            38.949,
            0.0,
            30.871,
            38.275,
            16.553,
            45.188,
            35.228,
            10.77,
            37.202,
            49.82,
            51.662,
            40.012,
            35.014,
            51.4,
            8.0,
            40.804,
            32.388,
            39.812,
            26.571,
            42.048,
            19.416,
            28.792
        ],
        [
            39.446,
            25.0,
            20.248,
            27.459,
            22.847,
            30.871,
            0.0,
            8.0,
            23.854,
            14.318,
            11.402,
            24.759,
            18.028,
            26.173,
            25.962,
            18.439,
            34.828,
            28.16,
            28.443,
            11.045,
            29.833,
            8.944,
            22.472,
            20.518,
            12.728,
            22.804
        ],
        [
            46.519,
            32.757,
            19.026,
            35.355,
            27.019,
            38.275,
            8.0,
            0.0,
            29.0,
            7.81,
            9.055,
            31.064,
            22.023,
            26.476,
            25.02,
            14.56,
            41.34,
            28.443,
            36.346,
            3.162,
            36.359,
            4.0,
            29.547,
            16.155,
            19.235,
            29.53
        ],
        [
            21.0,
            17.029,
            43.829,
            28.653,
            41.195,
            16.553,
            23.854,
            29.0,
            0.0,
            36.77,
            22.825,
            5.831,
            37.656,
            48.703,
            49.244,
            25.71,
            44.272,
            50.596,
            21.213,
            30.61,
            40.262,
            31.89,
            32.558,
            27.459,
            11.705,
            34.366
        ],
        [
            53.712,
            39.217,
            14.318,
            40.012,
            26.627,
            45.188,
            14.318,
            7.81,
            36.77,
            0.0,
            16.155,
            38.601,
            21.954,
            22.361,
            19.925,
            20.025,
            43.081,
            24.166,
            42.45,
            7.28,
            38.275,
            5.385,
            32.558,
            21.024,
            26.627,
            32.016
        ],
        [
            42.45,
            31.064,
            28.0,
            36.77,
            34.0,
            35.228,
            11.402,
            9.055,
            22.825,
            16.155,
            0.0,
            26.249,
            29.069,
            35.228,
            34.0,
            7.071,
            46.011,
            37.216,
            35.228,
            8.944,
            41.037,
            13.038,
            33.422,
            9.22,
            16.0,
            33.971
        ],
        [
            16.279,
            11.662,
            43.829,
            23.77,
            39.051,
            10.77,
            24.759,
            31.064,
            5.831,
            38.601,
            26.249,
            0.0,
            36.056,
            47.854,
            48.877,
            30.15,
            40.025,
            49.659,
            15.62,
            33.121,
            36.346,
            33.422,
            29.017,
            32.062,
            12.042,
            31.0
        ],
        [
            46.4,
            30.0,
            13.153,
            24.187,
            5.0,
            37.202,
            18.028,
            22.023,
            37.656,
            21.954,
            29.069,
            36.056,
            0.0,
            12.728,
            15.264,
            35.847,
            21.587,
            14.213,
            31.113,
            24.759,
            17.117,
            19.105,
            13.928,
            37.736,
            26.173,
            12.369
        ],
        [
            59.034,
            42.638,
            8.062,
            36.62,
            13.0,
            49.82,
            26.173,
            26.476,
            48.703,
            22.361,
            35.228,
            47.854,
            12.728,
            0.0,
            4.123,
            41.0,
            30.265,
            2.0,
            43.841,
            28.16,
            26.926,
            22.561,
            26.077,
            42.45,
            37.0,
            24.187
        ],
        [
            60.877,
            44.553,
            6.0,
            39.446,
            16.492,
            51.662,
            25.962,
            25.02,
            49.244,
            19.925,
            34.0,
            48.877,
            15.264,
            4.123,
            0.0,
            39.319,
            34.132,
            5.0,
            46.098,
            26.306,
            30.594,
            21.024,
            29.069,
            40.608,
            37.577,
            27.313
        ],
        [
            46.39,
            36.674,
            33.377,
            43.382,
            40.817,
            40.012,
            18.439,
            14.56,
            25.71,
            20.025,
            7.071,
            30.15,
            35.847,
            41.0,
            39.319,
            0.0,
            53.075,
            42.953,
            41.0,
            13.038,
            48.104,
            18.439,
            40.46,
            2.236,
            21.587,
            41.037
        ],
        [
            42.579,
            29.155,
            34.132,
            17.0,
            18.028,
            35.014,
            34.828,
            41.34,
            44.272,
            43.081,
            46.011,
            40.025,
            21.587,
            30.265,
            34.132,
            53.075,
            0.0,
            30.594,
            27.019,
            44.418,
            5.0,
            39.357,
            12.806,
            55.227,
            35.847,
            12.042
        ],
        [
            60.605,
            44.204,
            9.849,
            37.802,
            13.892,
            51.4,
            28.16,
            28.443,
            50.596,
            24.166,
            37.216,
            49.659,
            14.213,
            2.0,
            5.0,
            42.953,
            30.594,
            0.0,
            45.277,
            30.083,
            27.514,
            24.515,
            27.203,
            44.385,
            38.897,
            25.239
        ],
        [
            16.155,
            4.472,
            42.438,
            10.05,
            32.202,
            8.0,
            28.443,
            36.346,
            21.213,
            42.45,
            35.228,
            15.62,
            31.113,
            43.841,
            46.098,
            41.0,
            27.019,
            45.277,
            0.0,
            39.205,
            24.515,
            37.108,
            19.235,
            43.174,
            19.416,
            21.471
        ],
        [
            48.847,
            35.511,
            20.396,
            38.471,
            29.732,
            40.804,
            11.045,
            3.162,
            30.61,
            7.28,
            8.944,
            33.121,
            24.759,
            28.16,
            26.306,
            13.038,
            44.418,
            30.083,
            39.205,
            0.0,
            39.446,
            5.831,
            32.696,
            14.318,
            21.541,
            32.65
        ],
        [
            40.522,
            26.019,
            30.0,
            14.56,
            14.142,
            32.388,
            29.833,
            36.359,
            40.262,
            38.275,
            41.037,
            36.346,
            17.117,
            26.926,
            30.594,
            48.104,
            5.0,
            27.514,
            24.515,
            39.446,
            0.0,
            34.438,
            8.062,
            50.249,
            31.305,
            7.071
        ],
        [
            48.374,
            33.838,
            15.033,
            35.014,
            24.042,
            39.812,
            8.944,
            4.0,
            31.89,
            5.385,
            13.038,
            33.422,
            19.105,
            22.561,
            21.024,
            18.439,
            39.357,
            24.515,
            37.108,
            5.831,
            34.438,
            0.0,
            28.16,
            19.925,
            21.401,
            27.857
        ],
        [
            35.341,
            19.647,
            26.926,
            10.63,
            13.454,
            26.571,
            22.472,
            29.547,
            32.558,
            32.558,
            33.422,
            29.017,
            13.928,
            26.077,
            29.069,
            40.46,
            12.806,
            27.203,
            19.235,
            32.696,
            8.062,
            28.16,
            0.0,
            42.638,
            23.259,
            2.236
        ],
        [
            48.26,
            38.833,
            34.713,
            45.618,
            42.72,
            42.048,
            20.518,
            16.155,
            27.459,
            21.024,
            9.22,
            32.062,
            37.736,
            42.45,
            40.608,
            2.236,
            55.227,
            44.385,
            43.174,
            14.318,
            50.249,
            19.925,
            42.638,
            0.0,
            23.77,
            43.186
        ],
        [
            27.313,
            15.133,
            32.249,
            22.804,
            30.0,
            19.416,
            12.728,
            19.235,
            11.705,
            26.627,
            16.0,
            12.042,
            26.173,
            37.0,
            37.577,
            21.587,
            35.847,
            38.897,
            19.416,
            21.541,
            31.305,
            21.401,
            23.259,
            23.77,
            0.0,
            24.698
        ],
        [
            37.577,
            21.84,
            25.495,
            12.728,
            11.402,
            28.792,
            22.804,
            29.53,
            34.366,
            32.016,
            33.971,
            31.0,
            12.369,
            24.187,
            27.313,
            41.037,
            12.042,
            25.239,
            21.471,
            32.65,
            7.071,
            27.857,
            2.236,
            43.186,
            24.698,
            0.0
        ]
    ],
    "distances_scv": [
        [
            0.0,
            0.15,
            0.15,
            0.15,
            0.15,
            0.15,
            0.15,
            0.15,
            0.15,
            0.15,
            0.15,
            0.15,
            0.15,
            0.15,
            0.15,
            0.15,
            0.15,
            0.15,
            0.15,
            0.15,
            0.15,
            0.15,
            0.15,
            0.15,
            0.15,
            0.15
        ],
        [
            0.15,
            0.0,
            0.15,
            0.15,
            0.15,
            0.15,
            0.15,
            0.15,
            0.15,
            0.15,
            0.15,
            0.15,
            0.15,
            0.15,
            0.15,
            0.15,
            0.15,
            0.15,
            0.15,
            0.15,
            0.15,
            0.15,
            0.15,
            0.15,
            0.15,
            0.15
        ],
        [
            0.15,
            0.15,
            0.0,
            0.15,
            0.15,
            0.15,
            0.15,
            0.15,
            0.15,
            0.15,
            0.15,
            0.15,
            0.15,
            0.15,
            0.15,
            0.15,
            0.15,
            0.15,
            0.15,
            0.15,
            0.15,
            0.15,
            0.15,
            0.15,
            0.15,
            0.15
        ],
        [
            0.15,
            0.15,
            0.15,
            0.0,
            0.15,
            0.15,
            0.15,
            0.15,
            0.15,
            0.15,
            0.15,
            0.15,
            0.15,
            0.15,
            0.15,
            0.15,
            0.15,
            0.15,
            0.15,
            0.15,
            0.15,
            0.15,
            0.15,
            0.15,
            0.15,
            0.15
        ],
        [
            0.15,
            0.15,
            0.15,
            0.15,
            0.0,
            0.15,
            0.15,
            0.15,
            0.15,
            0.15,
            0.15,
            0.15,
            0.15,
            0.15,
            0.15,
            0.15,
            0.15,
            0.15,
            0.15,
            0.15,
            0.15,
            0.15,
            0.15,
            0.15,
            0.15,
            0.15
        ],
        [
            0.15,
            0.15,
            0.15,
            0.15,
            0.15,
            0.0,
            0.15,
            0.15,
            0.15,
            0.15,
            0.15,
            0.15,
            0.15,
            0.15,
            0.15,
            0.15,
            0.15,
            0.15,
            0.15,
            0.15,
            0.15,
            0.15,
            0.15,
            0.15,
            0.15,
            0.15
        ],
        [
            0.15,
            0.15,
            0.15,
            0.15,
            0.15,
            0.15,
            0.0,
            0.15,
            0.15,
            0.15,
            0.15,
            0.15,
            0.15,
            0.15,
            0.15,
            0.15,
            0.15,
            0.15,
            0.15,
            0.15,
            0.15,
            0.15,
            0.15,
            0.15,
            0.15,
            0.15
        ],
        [
            0.15,
            0.15,
            0.15,
            0.15,
            0.15,
            0.15,
            0.15,
            0.0,
            0.15,
            0.15,
            0.15,
            0.15,
            0.15,
            0.15,
            0.15,
            0.15,
            0.15,
            0.15,
            0.15,
            0.15,
            0.15,
            0.15,
            0.15,
            0.15,
            0.15,
            0.15
        ],
        [
            0.15,
            0.15,
            0.15,
            0.15,
            0.15,
            0.15,
            0.15,
            0.15,
            0.0,
            0.15,
            0.15,
            0.15,
            0.15,
            0.15,
            0.15,
            0.15,
            0.15,
            0.15,
            0.15,
            0.15,
            0.15,
            0.15,
            0.15,
            0.15,
            0.15,
            0.15
        ],
        [
            0.15,
            0.15,
            0.15,
            0.15,
            0.15,
            0.15,
            0.15,
            0.15,
            0.15,
            0.0,
            0.15,
            0.15,
            0.15,
            0.15,
            0.15,
            0.15,
            0.15,
            0.15,
            0.15,
            0.15,
            0.15,
            0.15,
            0.15,
            0.15,
            0.15,
            0.15
        ],
        [
            0.15,
            0.15,
            0.15,
            0.15,
            0.15,
            0.15,
            0.15,
            0.15,
            0.15,
            0.15,
            0.0,
            0.15,
            0.15,
            0.15,
            0.15,
            0.15,
            0.15,
            0.15,
            0.15,
            0.15,
            0.15,
            0.15,
            0.15,
            0.15,
            0.15,
            0.15
        ],
        [
            0.15,
            0.15,
            0.15,
            0.15,
            0.15,
            0.15,
            0.15,
            0.15,
            0.15,
            0.15,
            0.15,
            0.0,
            0.15,
            0.15,
            0.15,
            0.15,
            0.15,
            0.15,
            0.15,
            0.15,
            0.15,
            0.15,
            0.15,
            0.15,
            0.15,
            0.15
        ],
        [
            0.15,
            0.15,
            0.15,
            0.15,
            0.15,
            0.15,
            0.15,
            0.15,
            0.15,
            0.15,
            0.15,
            0.15,
            0.0,
            0.15,
            0.15,
            0.15,
            0.15,
            0.15,
            0.15,
            0.15,
            0.15,
            0.15,
            0.15,
            0.15,
            0.15,
            0.15
        ],
        [
            0.15,
            0.15,
            0.15,
            0.15,
            0.15,
            0.15,
            0.15,
            0.15,
            0.15,
            0.15,
            0.15,
            0.15,
            0.15,
            0.0,
            0.15,
            0.15,
            0.15,
            0.15,
            0.15,
            0.15,
            0.15,
            0.15,
            0.15,
            0.15,
            0.15,
            0.15
        ],
        [
            0.15,
            0.15,
            0.15,
            0.15,
            0.15,
            0.15,
            0.15,
            0.15,
            0.15,
            0.15,
            0.15,
            0.15,
            0.15,
            0.15,
            0.0,
            0.15,
            0.15,
            0.15,
            0.15,
            0.15,
            0.15,
            0.15,
            0.15,
            0.15,
            0.15,
            0.15
        ],
        [
            0.15,
            0.15,
            0.15,
            0.15,
            0.15,
            0.15,
            0.15,
            0.15,
            0.15,
            0.15,
            0.15,
            0.15,
            0.15,
            0.15,
            0.15,
            0.0,
            0.15,
            0.15,
            0.15,
            0.15,
            0.15,
            0.15,
            0.15,
            0.15,
            0.15,
            0.15
        ],
        [
            0.15,
            0.15,
            0.15,
            0.15,
            0.15,
            0.15,
            0.15,
            0.15,
            0.15,
            0.15,
            0.15,
            0.15,
            0.15,
            0.15,
            0.15,
            0.15,
            0.0,
            0.15,
            0.15,
            0.15,
            0.15,
            0.15,
            0.15,
            0.15,
            0.15,
            0.15
        ],
        [
            0.15,
            0.15,
            0.15,
            0.15,
            0.15,
            0.15,
            0.15,
            0.15,
            0.15,
            0.15,
            0.15,
            0.15,
            0.15,
            0.15,
            0.15,
            0.15,
            0.15,
            0.0,
            0.15,
            0.15,
            0.15,
            0.15,
            0.15,
            0.15,
            0.15,
            0.15
        ],
        [
            0.15,
            0.15,
            0.15,
            0.15,
            0.15,
            0.15,
            0.15,
            0.15,
            0.15,
            0.15,
            0.15,
            0.15,
            0.15,
            0.15,
            0.15,
            0.15,
            0.15,
            0.15,
            0.0,
            0.15,
            0.15,
            0.15,
            0.15,
            0.15,
            0.15,
            0.15
        ],
        [
            0.15,
            0.15,
            0.15,
            0.15,
            0.15,
            0.15,
            0.15,
            0.15,
            0.15,
            0.15,
            0.15,
            0.15,
            0.15,
            0.15,
            0.15,
            0.15,
            0.15,
            0.15,
            0.15,
            0.0,
            0.15,
            0.15,
            0.15,
            0.15,
            0.15,
            0.15
        ],
        [
            0.15,
            0.15,
            0.15,
            0.15,
            0.15,
            0.15,
            0.15,
            0.15,
            0.15,
            0.15,
            0.15,
            0.15,
            0.15,
            0.15,
            0.15,
            0.15,
            0.15,
            0.15,
            0.15,
            0.15,
            0.0,
            0.15,
            0.15,
            0.15,
            0.15,
            0.15
        ],
        [
            0.15,
            0.15,
            0.15,
            0.15,
            0.15,
            0.15,
            0.15,
            0.15,
            0.15,
            0.15,
            0.15,
            0.15,
            0.15,
            0.15,
            0.15,
            0.15,
            0.15,
            0.15,
            0.15,
            0.15,
            0.15,
            0.0,
            0.15,
            0.15,
            0.15,
            0.15
        ],
        [
            0.15,
            0.15,
            0.15,
            0.15,
            0.15,
            0.15,
            0.15,
            0.15,
            0.15,
            0.15,
            0.15,
            0.15,
            0.15,
            0.15,
            0.15,
            0.15,
            0.15,
            0.15,
            0.15,
            0.15,
            0.15,
            0.15,
            0.0,
            0.15,
            0.15,
            0.15
        ],
        [
            0.15,
            0.15,
            0.15,
            0.15,
            0.15,
            0.15,
            0.15,
            0.15,
            0.15,
            0.15,
            0.15,
            0.15,
            0.15,
            0.15,
            0.15,
            0.15,
            0.15,
            0.15,
            0.15,
            0.15,
            0.15,
            0.15,
            0.15,
            0.0,
            0.15,
            0.15
        ],
        [
            0.15,
            0.15,
            0.15,
            0.15,
            0.15,
            0.15,
            0.15,
            0.15,
            0.15,
            0.15,
            0.15,
            0.15,
            0.15,
            0.15,
            0.15,
            0.15,
            0.15,
            0.15,
            0.15,
            0.15,
            0.15,
            0.15,
            0.15,
            0.15,
            0.0,
            0.15
        ],
        [
            0.15,
            0.15,
            0.15,
            0.15,
            0.15,
            0.15,
            0.15,
            0.15,
            0.15,
            0.15,
            0.15,
            0.15,
            0.15,
            0.15,
            0.15,
            0.15,
            0.15,
            0.15,
            0.15,
            0.15,
            0.15,
            0.15,
            0.15,
            0.15,
            0.15,
            0.0
        ]
    ],
    "service_scv": [
        0.0,
        0.407,
        0.238,
        0.473,
        0.343,
        0.304,
        0.28,
        0.321,
        0.366,
        0.5,
        0.493,
        0.36,
        0.293,
        0.239,
        0.499,
        0.431,
        0.265,
        0.31,
        0.259,
        0.496,
        0.346,
        0.3,
        0.28,
        0.382,
        0.206,
        0.467
    ],
    "service": [
        0,
        31,
        53,
        57,
        33,
        31,
        53,
        54,
        54,
        52,
        34,
        45,
        38,
        45,
        42,
        59,
        40,
        33,
        55,
        32,
        58,
        31,
        40,
        48,
        36,
        42
    ]
}
