{
    "coords": [
        [
            0,
            0
        ],
        [
            40,
            42
        ],
        [
            3,
            40
        ],
        [
            47,
            13
        ],
        [
            8,
            3
        ],
        [
            39,
            47
        ],
        [
            30,
            30
        ],
        [
            39,
            0
        ],
        [
            41,
            45
        ],
        [
            6,
            49
        ],
        [
            42,
            14
        ],
        [
            23,
            40
        ],
        [
            45,
            4
        ],
        [
            32,
            21
        ],
        [
            17,
            40
        ],
        [
            34,
            20
        ],
        [
            44,
            25
        ],
        [
            42,
            5
        ],
        [
            45,
            40
        ],
        [
            26,
            24
        ],
        [
            15,
            12
        ],
        [
            13,
            38
        ],
        [
            19,
            48
        ],
        [
            19,
            26
        ],
        [
            19,
            36
        ],
        [
            17,
            49
        ],
        [
            32,
            1
        ],
        [
            47,
            29
        ],
        [
            34,
            48
        ],
        [
            14,
            5
        ],
        [
            34,
            11
        ]
    ],
    "dimension": 31,
    "distances": [
        [
            0.0,
            58.0,
            40.112,
            48.765,
            8.544,
            61.074,
            42.426,
            39.0,
            60.877,
            49.366,
            44.272,
            46.141,
            45.177,
            38.275,
            43.463,
            39.446,
            50.606,
            42.297,
            60.208,
            35.384,
            19.209,
            40.162,
            51.624,
            32.202,
            40.706,
            51.865,
            32.016,
            55.227,
            58.822,
            14.866,
            35.735
        ],
        [
            58.0,
            0.0,
            37.054,
            29.833,
            50.448,
            5.099,
            15.62,
            42.012,
            3.162,
            34.713,
            28.071,
            17.117,
            38.328,
            22.472,
            23.087,
            22.804,
            17.464,
            37.054,
            5.385,
            22.804,
            39.051,
            27.295,
            21.84,
            26.401,
            21.84,
            24.042,
            41.773,
            14.765,
            8.485,
            45.222,
            31.575
        ],
        [
            40.112,
            37.054,
            0.0,
            51.624,
            37.336,
            36.674,
            28.792,
            53.814,
            38.328,
            9.487,
            46.872,
            20.0,
            55.317,
            34.67,
            14.0,
            36.892,
            43.658,
            52.402,
            42.0,
            28.018,
            30.463,
            10.198,
            17.889,
            21.26,
            16.492,
            16.643,
            48.6,
            45.354,
            32.016,
            36.688,
            42.45
        ],
        [
            48.765,
            29.833,
            51.624,
            0.0,
            40.262,
            34.928,
            24.042,
            15.264,
            32.558,
            54.562,
            5.099,
            36.125,
            9.22,
            17.0,
            40.361,
            14.765,
            12.369,
            9.434,
            27.074,
            23.707,
            32.016,
            42.202,
            44.822,
            30.871,
            36.235,
            46.861,
            19.209,
            16.0,
            37.336,
            33.956,
            13.153
        ],
        [
            8.544,
            50.448,
            37.336,
            40.262,
            0.0,
            53.824,
            34.828,
            31.145,
            53.413,
            46.043,
            35.735,
            39.925,
            37.014,
            30.0,
            38.079,
            31.064,
            42.19,
            34.059,
            52.326,
            27.659,
            11.402,
            35.355,
            46.325,
            25.495,
            34.785,
            46.872,
            24.083,
            46.872,
            51.971,
            6.325,
            27.203
        ],
        [
            61.074,
            5.099,
            36.674,
            34.928,
            53.824,
            0.0,
            19.235,
            47.0,
            2.828,
            33.061,
            33.136,
            17.464,
            43.417,
            26.926,
            23.087,
            27.459,
            22.561,
            42.107,
            9.22,
            26.42,
            42.438,
            27.514,
            20.025,
            29.0,
            22.825,
            22.091,
            46.53,
            19.698,
            5.099,
            48.877,
            36.346
        ],
        [
            42.426,
            15.62,
            28.792,
            24.042,
            34.828,
            19.235,
            0.0,
            31.321,
            18.601,
            30.61,
            20.0,
            12.207,
            30.017,
            9.22,
            16.401,
            10.77,
            14.866,
            27.731,
            18.028,
            7.211,
            23.431,
            18.788,
            21.095,
            11.705,
            12.53,
            23.022,
            29.069,
            17.029,
            18.439,
            29.682,
            19.416
        ],
        [
            39.0,
            42.012,
            53.814,
            15.264,
            31.145,
            47.0,
            31.321,
            0.0,
            45.044,
            59.076,
            14.318,
            43.081,
            7.211,
            22.136,
            45.651,
            20.616,
            25.495,
            5.831,
            40.447,
            27.295,
            26.833,
            46.043,
            52.0,
            32.802,
            41.183,
            53.712,
            7.071,
            30.083,
            48.26,
            25.495,
            12.083
        ],
        [
            60.877,
            3.162,
            38.328,
            32.558,
            53.413,
            2.828,
            18.601,
            45.044,
            0.0,
            35.228,
            31.016,
            18.682,
            41.195,
            25.632,
            24.515,
            25.962,
            20.224,
            40.012,
            6.403,
            25.807,
            42.012,
            28.862,
            22.204,
            29.069,
            23.77,
            24.331,
            44.911,
            17.088,
            7.616,
            48.26,
            34.713
        ],
        [
            49.366,
            34.713,
            9.487,
            54.562,
            46.043,
            33.061,
            30.61,
            59.076,
            35.228,
            0.0,
            50.21,
            19.235,
            59.548,
            38.21,
            14.213,
            40.311,
            44.944,
            56.851,
            40.025,
            32.016,
            38.079,
            13.038,
            13.038,
            26.42,
            18.385,
            11.0,
            54.589,
            45.618,
            28.018,
            44.721,
            47.202
        ],
        [
            44.272,
            28.071,
            46.872,
            5.099,
            35.735,
            33.136,
            20.0,
            14.318,
            31.016,
            50.21,
            0.0,
            32.202,
            10.44,
            12.207,
            36.069,
            10.0,
            11.18,
            9.0,
            26.173,
            18.868,
            27.074,
            37.643,
            41.049,
            25.942,
            31.828,
            43.012,
            16.401,
            15.811,
            34.928,
            29.411,
            8.544
        ],
        [
            46.141,
            17.117,
            20.0,
            36.125,
            39.925,
            17.464,
            12.207,
            43.081,
            18.682,
            19.235,
            32.202,
            0.0,
            42.19,
            21.024,
            6.0,
            22.825,
            25.807,
            39.825,
            22.0,
            16.279,
            29.12,
            10.198,
            8.944,
            14.56,
            5.657,
            10.817,
            40.025,
            26.401,
            13.601,
            36.139,
            31.016
        ],
        [
            45.177,
            38.328,
            55.317,
            9.22,
            37.014,
            43.417,
            30.017,
            7.211,
            41.195,
            59.548,
            10.44,
            42.19,
            0.0,
            21.401,
            45.607,
            19.416,
            21.024,
            3.162,
            36.0,
            27.586,
            31.048,
            46.69,
            51.108,
            34.059,
            41.231,
            53.0,
            13.342,
            25.08,
            45.354,
            31.016,
            13.038
        ],
        [
            38.275,
            22.472,
            34.67,
            17.0,
            30.0,
            26.926,
            9.22,
            22.136,
            25.632,
            38.21,
            12.207,
            21.024,
            21.401,
            0.0,
            24.207,
            2.236,
            12.649,
            18.868,
            23.022,
            6.708,
            19.235,
            25.495,
            29.967,
            13.928,
            19.849,
            31.765,
            20.0,
            17.0,
            27.074,
            24.083,
            10.198
        ],
        [
            43.463,
            23.087,
            14.0,
            40.361,
            38.079,
            23.087,
            16.401,
            45.651,
            24.515,
            14.213,
            36.069,
            6.0,
            45.607,
            24.207,
            0.0,
            26.249,
            30.887,
            43.012,
            28.0,
            18.358,
            28.071,
            4.472,
            8.246,
            14.142,
            4.472,
            9.0,
            41.785,
            31.953,
            18.788,
            35.128,
            33.615
        ],
        [
            39.446,
            22.804,
            36.892,
            14.765,
            31.064,
            27.459,
            10.77,
            20.616,
            25.962,
            40.311,
            10.0,
            22.825,
            19.416,
            2.236,
            26.249,
            0.0,
            11.18,
            17.0,
            22.825,
            8.944,
            20.616,
            27.659,
            31.765,
            16.155,
            21.932,
            33.615,
            19.105,
            15.811,
            28.0,
            25.0,
            9.0
        ],
        [
            50.606,
            17.464,
            43.658,
            12.369,
            42.19,
            22.561,
            14.866,
            25.495,
            20.224,
            44.944,
            11.18,
            25.807,
            21.024,
            12.649,
            30.887,
            11.18,
            0.0,
            20.1,
            15.033,
            18.028,
            31.78,
            33.615,
            33.971,
            25.02,
            27.313,
            36.125,
            26.833,
            5.0,
            25.08,
            36.056,
            17.205
        ],
        [
            42.297,
            37.054,
            52.402,
            9.434,
            34.059,
            42.107,
            27.731,
            5.831,
            40.012,
            56.851,
            9.0,
            39.825,
            3.162,
            18.868,
            43.012,
            17.0,
            20.1,
            0.0,
            35.128,
            24.839,
            27.893,
            43.932,
            48.765,
            31.145,
            38.601,
            50.606,
            10.77,
            24.515,
            43.738,
            28.0,
            10.0
        ],
        [
            60.208,
            5.385,
            42.0,
            27.074,
            52.326,
            9.22,
            18.028,
            40.447,
            6.403,
            40.025,
            26.173,
            22.0,
            36.0,
            23.022,
            28.0,
            22.825,
            15.033,
            35.128,
            0.0,
            24.839,
            41.037,
            32.062,
            27.203,
            29.53,
            26.306,
            29.411,
            41.11,
            11.18,
            13.601,
            46.755,
            31.016
        ],
        [
            35.384,
            22.804,
            28.018,
            23.707,
            27.659,
            26.42,
            7.211,
            27.295,
            25.807,
            32.016,
            18.868,
            16.279,
            27.586,
            6.708,
            18.358,
            8.944,
            18.028,
            24.839,
            24.839,
            0.0,
            16.279,
            19.105,
            25.0,
            7.28,
            13.892,
            26.571,
            23.77,
            21.587,
            25.298,
            22.472,
            15.264
        ],
        [
            19.209,
            39.051,
            30.463,
            32.016,
            11.402,
            42.438,
            23.431,
            26.833,
            42.012,
            38.079,
            27.074,
            29.12,
            31.048,
            19.235,
            28.071,
            20.616,
            31.78,
            27.893,
            41.037,
            16.279,
            0.0,
            26.077,
            36.222,
            14.56,
            24.331,
            37.054,
            20.248,
            36.235,
            40.706,
            7.071,
            19.026
        ],
        [
            40.162,
            27.295,
            10.198,
            42.202,
            35.355,
            27.514,
            18.788,
            46.043,
            28.862,
            13.038,
            37.643,
            10.198,
            46.69,
            25.495,
            4.472,
            27.659,
            33.615,
            43.932,
            32.062,
            19.105,
            26.077,
            0.0,
            11.662,
            13.416,
            6.325,
            11.705,
            41.593,
            35.171,
            23.259,
            33.015,
            34.205
        ],
        [
            51.624,
            21.84,
            17.889,
            44.822,
            46.325,
            20.025,
            21.095,
            52.0,
            22.204,
            13.038,
            41.049,
            8.944,
            51.108,
            29.967,
            8.246,
            31.765,
            33.971,
            48.765,
            27.203,
            25.0,
            36.222,
            11.662,
            0.0,
            22.0,
            12.0,
            2.236,
            48.765,
            33.838,
            15.0,
            43.29,
            39.925
        ],
        [
            32.202,
            26.401,
            21.26,
            30.871,
            25.495,
            29.0,
            11.705,
            32.802,
            29.069,
            26.42,
            25.942,
            14.56,
            34.059,
            13.928,
            14.142,
            16.155,
            25.02,
            31.145,
            29.53,
            7.28,
            14.56,
            13.416,
            22.0,
            0.0,
            10.0,
            23.087,
            28.178,
            28.16,
            26.627,
            21.587,
            21.213
        ],
        [
            40.706,
            21.84,
            16.492,
            36.235,
            34.785,
            22.825,
            12.53,
            41.183,
            23.77,
            18.385,
            31.828,
            5.657,
            41.231,
            19.849,
            4.472,
            21.932,
            27.313,
            38.601,
            26.306,
            13.892,
            24.331,
            6.325,
            12.0,
            10.0,
            0.0,
            13.153,
            37.336,
            28.862,
            19.209,
            31.401,
            29.155
        ],
        [
            51.865,
            24.042,
            16.643,
            46.861,
            46.872,
            22.091,
            23.022,
            53.712,
            24.331,
            11.0,
            43.012,
            10.817,
            53.0,
            31.765,
            9.0,
            33.615,
            36.125,
            50.606,
            29.411,
            26.571,
            37.054,
            11.705,
            2.236,
            23.087,
            13.153,
            0.0,
            50.289,
            36.056,
            17.029,
            44.102,
            41.629
        ],
        [
            32.016,
            41.773,
            48.6,
            19.209,
            24.083,
            46.53,
            29.069,
            7.071,
            44.911,
            54.589,
            16.401,
            40.025,
            13.342,
            20.0,
            41.785,
            19.105,
            26.833,
            10.77,
            41.11,
            23.77,
            20.248,
            41.593,
            48.765,
            28.178,
            37.336,
            50.289,
            0.0,
            31.765,
            47.043,
            18.439,
            10.198
        ],
        [
            55.227,
            14.765,
            45.354,
            16.0,
            46.872,
            19.698,
            17.029,
            30.083,
            17.088,
            45.618,
            15.811,
            26.401,
            25.08,
            17.0,
            31.953,
            15.811,
            5.0,
            24.515,
            11.18,
            21.587,
            36.235,
            35.171,
            33.838,
            28.16,
            28.862,
            36.056,
            31.765,
            0.0,
            23.022,
            40.804,
            22.204
        ],
        [
            58.822,
            8.485,
            32.016,
            37.336,
            51.971,
            5.099,
            18.439,
            48.26,
            7.616,
            28.018,
            34.928,
            13.601,
            45.354,
            27.074,
            18.788,
            28.0,
            25.08,
            43.738,
            13.601,
            25.298,
            40.706,
            23.259,
            15.0,
            26.627,
            19.209,
            17.029,
            47.043,
            23.022,
            0.0,
            47.424,
            37.0
        ],
        [
            14.866,
            45.222,
            36.688,
            33.956,
            6.325,
            48.877,
            29.682,
            25.495,
            48.26,
            44.721,
            29.411,
            36.139,
            31.016,
            24.083,
            35.128,
            25.0,
            36.056,
            28.0,
            46.755,
            22.472,
            7.071,
            33.015,
            43.29,
            21.587,
            31.401,
            44.102,
            18.439,
            40.804,
            47.424,
            0.0,
            20.881
        ],
        [
            35.735,
            31.575,
            42.45,
            13.153,
            27.203,
            36.346,
            19.416,
            12.083,
            34.713,
            47.202,
            8.544,
            31.016,
            13.038,
            10.198,
            33.615,
            9.0,
            17.205,
            10.0,
            31.016,
            15.264,
            19.026,
            34.205,
            39.925,
            21.213,
            29.155,
            41.629,
            10.198,
            22.204,
            37.0,
            20.881,
            0.0
        ]
    ],
    "distances_scv": [
        [
            0.0,
            0.15,
            0.15,
            0.15,
            0.15,
            0.15,
            0.15,
            0.15,
            0.15,
            0.15,
            0.15,
            0.15,
            0.15,
            0.15,
            0.15,
            0.15,
            0.15,
            0.15,
            0.15,
            0.15,
            0.15,
            0.15,
            0.15,
            0.15,
            0.15,
            0.15,
            0.15,
            0.15,
            0.15,
            0.15,
            0.15
        ],
        [
            0.15,
            0.0,
            0.15,
            0.15,
            0.15,
            0.15,
            0.15,
            0.15,
            0.15,
            0.15,
            0.15,
            0.15,
            0.15,
            0.15,
            0.15,
            0.15,
            0.15,
            0.15,
            0.15,
            0.15,
            0.15,
            0.15,
            0.15,
            0.15,
            0.15,
            0.15,
            0.15,
            0.15,
            0.15,
            0.15,
            0.15
        ],
        [
            0.15,
            0.15,
            0.0,
            0.15,
            0.15,
            0.15,
            0.15,
            0.15,
            0.15,
            0.15,
            0.15,
            0.15,
            0.15,
            0.15,
            0.15,
            0.15,
            0.15,
            0.15,
            0.15,
            0.15,
            0.15,
            0.15,
            0.15,
            0.15,
            0.15,
            0.15,
            0.15,
            0.15,
            0.15,
            0.15,
            0.15
        ],
        [
            0.15,
            0.15,
            0.15,
            0.0,
            0.15,
            0.15,
            0.15,
            0.15,
            0.15,
            0.15,
            0.15,
            0.15,
            0.15,
            0.15,
            0.15,
            0.15,
            0.15,
            0.15,
            0.15,
            0.15,
            0.15,
            0.15,
            0.15,
            0.15,
            0.15,
            0.15,
            0.15,
            0.15,
            0.15,
            0.15,
            0.15
        ],
        [
            0.15,
            0.15,
            0.15,
            0.15,
            0.0,
            0.15,
            0.15,
            0.15,
            0.15,
            0.15,
            0.15,
            0.15,
            0.15,
            0.15,
            0.15,
            0.15,
            0.15,
            0.15,
            0.15,
            0.15,
            0.15,
            0.15,
            0.15,
            0.15,
            0.15,
            0.15,
            0.15,
            0.15,
            0.15,
            0.15,
            0.15
        ],
        [
            0.15,
            0.15,
            0.15,
            0.15,
            0.15,
            0.0,
            0.15,
            0.15,
            0.15,
            0.15,
            0.15,
            0.15,
            0.15,
            0.15,
            0.15,
            0.15,
            0.15,
            0.15,
            0.15,
            0.15,
            0.15,
            0.15,
            0.15,
            0.15,
            0.15,
            0.15,
            0.15,
            0.15,
            0.15,
            0.15,
            0.15
        ],
        [
            0.15,
            0.15,
            0.15,
            0.15,
            0.15,
            0.15,
            0.0,
            0.15,
            0.15,
            0.15,
            0.15,
            0.15,
            0.15,
            0.15,
            0.15,
            0.15,
            0.15,
            0.15,
            0.15,
            0.15,
            0.15,
            0.15,
            0.15,
            0.15,
            0.15,
            0.15,
            0.15,
            0.15,
            0.15,
            0.15,
            0.15
        ],
        [
            0.15,
            0.15,
            0.15,
            0.15,
            0.15,
            0.15,
            0.15,
            0.0,
            0.15,
            0.15,
            0.15,
            0.15,
            0.15,
            0.15,
            0.15,
            0.15,
            0.15,
            0.15,
            0.15,
            0.15,
            0.15,
            0.15,
            0.15,
            0.15,
            0.15,
            0.15,
            0.15,
            0.15,
            0.15,
            0.15,
            0.15
        ],
        [
            0.15,
            0.15,
            0.15,
            0.15,
            0.15,
            0.15,
            0.15,
            0.15,
            0.0,
            0.15,
            0.15,
            0.15,
            0.15,
            0.15,
            0.15,
            0.15,
            0.15,
            0.15,
            0.15,
            0.15,
            0.15,
            0.15,
            0.15,
            0.15,
            0.15,
            0.15,
            0.15,
            0.15,
            0.15,
            0.15,
            0.15
        ],
        [
            0.15,
            0.15,
            0.15,
            0.15,
            0.15,
            0.15,
            0.15,
            0.15,
            0.15,
            0.0,
            0.15,
            0.15,
            0.15,
            0.15,
            0.15,
            0.15,
            0.15,
            0.15,
            0.15,
            0.15,
            0.15,
            0.15,
            0.15,
            0.15,
            0.15,
            0.15,
            0.15,
            0.15,
            0.15,
            0.15,
            0.15
        ],
        [
            0.15,
            0.15,
            0.15,
            0.15,
            0.15,
            0.15,
            0.15,
            0.15,
            0.15,
            0.15,
            0.0,
            0.15,
            0.15,
            0.15,
            0.15,
            0.15,
            0.15,
            0.15,
            0.15,
            0.15,
            0.15,
            0.15,
            0.15,
            0.15,
            0.15,
            0.15,
            0.15,
            0.15,
            0.15,
            0.15,
            0.15
        ],
        [
            0.15,
            0.15,
            0.15,
            0.15,
            0.15,
            0.15,
            0.15,
            0.15,
            0.15,
            0.15,
            0.15,
            0.0,
            0.15,
            0.15,
            0.15,
            0.15,
            0.15,
            0.15,
            0.15,
            0.15,
            0.15,
            0.15,
            0.15,
            0.15,
            0.15,
            0.15,
            0.15,
            0.15,
            0.15,
            0.15,
            0.15
        ],
        [
            0.15,
            0.15,
            0.15,
            0.15,
            0.15,
            0.15,
            0.15,
            0.15,
            0.15,
            0.15,
            0.15,
            0.15,
            0.0,
            0.15,
            0.15,
            0.15,
            0.15,
            0.15,
            0.15,
            0.15,
            0.15,
            0.15,
            0.15,
            0.15,
            0.15,
            0.15,
            0.15,
            0.15,
            0.15,
            0.15,
            0.15
        ],
        [
            0.15,
            0.15,
            0.15,
            0.15,
            0.15,
            0.15,
            0.15,
            0.15,
            0.15,
            0.15,
            0.15,
            0.15,
            0.15,
            0.0,
            0.15,
            0.15,
            0.15,
            0.15,
            0.15,
            0.15,
            0.15,
            0.15,
            0.15,
            0.15,
            0.15,
            0.15,
            0.15,
            0.15,
            0.15,
            0.15,
            0.15
        ],
        [
            0.15,
            0.15,
            0.15,
            0.15,
            0.15,
            0.15,
            0.15,
            0.15,
            0.15,
            0.15,
            0.15,
            0.15,
            0.15,
            0.15,
            0.0,
            0.15,
            0.15,
            0.15,
            0.15,
            0.15,
            0.15,
            0.15,
            0.15,
            0.15,
            0.15,
            0.15,
            0.15,
            0.15,
            0.15,
            0.15,
            0.15
        ],
        [
            0.15,
            0.15,
            0.15,
            0.15,
            0.15,
            0.15,
            0.15,
            0.15,
            0.15,
            0.15,
            0.15,
            0.15,
            0.15,
            0.15,
            0.15,
            0.0,
            0.15,
            0.15,
            0.15,
            0.15,
            0.15,
            0.15,
            0.15,
            0.15,
            0.15,
            0.15,
            0.15,
            0.15,
            0.15,
            0.15,
            0.15
        ],
        [
            0.15,
            0.15,
            0.15,
            0.15,
            0.15,
            0.15,
            0.15,
            0.15,
            0.15,
            0.15,
            0.15,
            0.15,
            0.15,
            0.15,
            0.15,
            0.15,
            0.0,
            0.15,
            0.15,
            0.15,
            0.15,
            0.15,
            0.15,
            0.15,
            0.15,
            0.15,
            0.15,
            0.15,
            0.15,
            0.15,
            0.15
        ],
        [
            0.15,
            0.15,
            0.15,
            0.15,
            0.15,
            0.15,
            0.15,
            0.15,
            0.15,
            0.15,
            0.15,
            0.15,
            0.15,
            0.15,
            0.15,
            0.15,
            0.15,
            0.0,
            0.15,
            0.15,
            0.15,
            0.15,
            0.15,
            0.15,
            0.15,
            0.15,
            0.15,
            0.15,
            0.15,
            0.15,
            0.15
        ],
        [
            0.15,
            0.15,
            0.15,
            0.15,
            0.15,
            0.15,
            0.15,
            0.15,
            0.15,
            0.15,
            0.15,
            0.15,
            0.15,
            0.15,
            0.15,
            0.15,
            0.15,
            0.15,
            0.0,
            0.15,
            0.15,
            0.15,
            0.15,
            0.15,
            0.15,
            0.15,
            0.15,
            0.15,
            0.15,
            0.15,
            0.15
        ],
        [
            0.15,
            0.15,
            0.15,
            0.15,
            0.15,
            0.15,
            0.15,
            0.15,
            0.15,
            0.15,
            0.15,
            0.15,
            0.15,
            0.15,
            0.15,
            0.15,
            0.15,
            0.15,
            0.15,
            0.0,
            0.15,
            0.15,
            0.15,
            0.15,
            0.15,
            0.15,
            0.15,
            0.15,
            0.15,
            0.15,
            0.15
        ],
        [
            0.15,
            0.15,
            0.15,
            0.15,
            0.15,
            0.15,
            0.15,
            0.15,
            0.15,
            0.15,
            0.15,
            0.15,
            0.15,
            0.15,
            0.15,
            0.15,
            0.15,
            0.15,
            0.15,
            0.15,
            0.0,
            0.15,
            0.15,
            0.15,
            0.15,
            0.15,
            0.15,
            0.15,
            0.15,
            0.15,
            0.15
        ],
        [
            0.15,
            0.15,
            0.15,
            0.15,
            0.15,
            0.15,
            0.15,
            0.15,
            0.15,
            0.15,
            0.15,
            0.15,
            0.15,
            0.15,
            0.15,
            0.15,
            0.15,
            0.15,
            0.15,
            0.15,
            0.15,
            0.0,
            0.15,
            0.15,
            0.15,
            0.15,
            0.15,
            0.15,
            0.15,
            0.15,
            0.15
        ],
        [
            0.15,
            0.15,
            0.15,
            0.15,
            0.15,
            0.15,
            0.15,
            0.15,
            0.15,
            0.15,
            0.15,
            0.15,
            0.15,
            0.15,
            0.15,
            0.15,
            0.15,
            0.15,
            0.15,
            0.15,
            0.15,
            0.15,
            0.0,
            0.15,
            0.15,
            0.15,
            0.15,
            0.15,
            0.15,
            0.15,
            0.15
        ],
        [
            0.15,
            0.15,
            0.15,
            0.15,
            0.15,
            0.15,
            0.15,
            0.15,
            0.15,
            0.15,
            0.15,
            0.15,
            0.15,
            0.15,
            0.15,
            0.15,
            0.15,
            0.15,
            0.15,
            0.15,
            0.15,
            0.15,
            0.15,
            0.0,
            0.15,
            0.15,
            0.15,
            0.15,
            0.15,
            0.15,
            0.15
        ],
        [
            0.15,
            0.15,
            0.15,
            0.15,
            0.15,
            0.15,
            0.15,
            0.15,
            0.15,
            0.15,
            0.15,
            0.15,
            0.15,
            0.15,
            0.15,
            0.15,
            0.15,
            0.15,
            0.15,
            0.15,
            0.15,
            0.15,
            0.15,
            0.15,
            0.0,
            0.15,
            0.15,
            0.15,
            0.15,
            0.15,
            0.15
        ],
        [
            0.15,
            0.15,
            0.15,
            0.15,
            0.15,
            0.15,
            0.15,
            0.15,
            0.15,
            0.15,
            0.15,
            0.15,
            0.15,
            0.15,
            0.15,
            0.15,
            0.15,
            0.15,
            0.15,
            0.15,
            0.15,
            0.15,
            0.15,
            0.15,
            0.15,
            0.0,
            0.15,
            0.15,
            0.15,
            0.15,
            0.15
        ],
        [
            0.15,
            0.15,
            0.15,
            0.15,
            0.15,
            0.15,
            0.15,
            0.15,
            0.15,
            0.15,
            0.15,
            0.15,
            0.15,
            0.15,
            0.15,
            0.15,
            0.15,
            0.15,
            0.15,
            0.15,
            0.15,
            0.15,
            0.15,
            0.15,
            0.15,
            0.15,
            0.0,
            0.15,
            0.15,
            0.15,
            0.15
        ],
        [
            0.15,
            0.15,
            0.15,
            0.15,
            0.15,
            0.15,
            0.15,
            0.15,
            0.15,
            0.15,
            0.15,
            0.15,
            0.15,
            0.15,
            0.15,
            0.15,
            0.15,
            0.15,
            0.15,
            0.15,
            0.15,
            0.15,
            0.15,
            0.15,
            0.15,
            0.15,
            0.15,
            0.0,
            0.15,
            0.15,
            0.15
        ],
        [
            0.15,
            0.15,
            0.15,
            0.15,
            0.15,
            0.15,
            0.15,
            0.15,
            0.15,
            0.15,
            0.15,
            0.15,
            0.15,
            0.15,
            0.15,
            0.15,
            0.15,
            0.15,
            0.15,
            0.15,
            0.15,
            0.15,
            0.15,
            0.15,
            0.15,
            0.15,
            0.15,
            0.15,
            0.0,
            0.15,
            0.15
        ],
        [
            0.15,
            0.15,
            0.15,
            0.15,
            0.15,
            0.15,
            0.15,
            0.15,
            0.15,
            0.15,
            0.15,
            0.15,
            0.15,
            0.15,
            0.15,
            0.15,
            0.15,
            0.15,
            0.15,
            0.15,
            0.15,
            0.15,
            0.15,
            0.15,
            0.15,
            0.15,
            0.15,
            0.15,
            0.15,
            0.0,
            0.15
        ],
        [
            0.15,
            0.15,
            0.15,
            0.15,
            0.15,
            0.15,
            0.15,
            0.15,
            0.15,
            0.15,
            0.15,
            0.15,
            0.15,
            0.15,
            0.15,
            0.15,
            0.15,
            0.15,
            0.15,
            0.15,
            0.15,
            0.15,
            0.15,
            0.15,
            0.15,
            0.15,
            0.15,
            0.15,
            0.15,
            0.15,
            0.0
        ]
    ],
    "service_scv": [
        0.0,
        0.884,
        0.695,
        0.722,
        1.009,
        1.466,
        1.292,
        1.302,
        0.878,
        0.797,
        1.176,
        1.431,
        1.161,
        1.48,
        0.945,
        0.831,
        0.558,
        0.755,
        1.224,
        1.27,
        0.726,
        0.845,
        0.608,
        0.932,
        0.887,
        1.428,
        1.294,
        1.412,
        0.626,
        0.812,
        1.361
    ],
    "service": [
        0,
        31,
        54,
        51,
        60,
        37,
        35,
        33,
        34,
        58,
        33,
        37,
        54,
        57,
        39,
        37,
        31,
        52,
        43,
        54,
        60,
        41,
        55,
        44,
        53,
        57,
        39,
        37,
        40,
        32,
        47
    ]
}
