{
    "coords": [
        [
            0,
            0
        ],
        [
            5,
            14
        ],
        [
            20,
            40
        ],
        [
            22,
            4
        ],
        [
            16,
            30
        ],
        [
            40,
            36
        ],
        [
            49,
            9
        ],
        [
            44,
            2
        ],
        [
            27,
            13
        ],
        [
            10,
            32
        ],
        [
            15,
            28
        ],
        [
            13,
            7
        ],
        [
            37,
            21
        ],
        [
            33,
            33
        ],
        [
            47,
            21
        ],
        [
            10,
            31
        ],
        [
            46,
            48
        ],
        [
            43,
            34
        ],
        [
            19,
            19
        ],
        [
            1,
            9
        ],
        [
            16,
            17
        ],
        [
            28,
            25
        ],
        [
            34,
            44
        ],
        [
            43,
            38
        ],
        [
            48,
            15
        ],
        [
            45,
            46
        ],
        [
            11,
            23
        ],
        [
            28,
            34
        ],
        [
            35,
            5
        ],
        [
            23,
            5
        ],
        [
            47,
            10
        ]
    ],
    "dimension": 31,
    "distances": [
        [
            0.0,
            14.866,
            44.721,
            22.361,
            34.0,
            53.814,
            49.82,
            44.045,
            29.967,
            33.526,
            31.765,
            14.765,
            42.544,
            46.669,
            51.478,
            32.573,
            66.483,
            54.818,
            26.87,
            9.055,
            23.345,
            37.537,
            55.606,
            57.385,
            50.289,
            64.351,
            25.495,
            44.045,
            35.355,
            23.537,
            48.052
        ],
        [
            14.866,
            0.0,
            30.017,
            19.723,
            19.416,
            41.34,
            44.283,
            40.804,
            22.023,
            18.682,
            17.205,
            10.63,
            32.757,
            33.838,
            42.579,
            17.72,
            53.263,
            42.942,
            14.866,
            6.403,
            11.402,
            25.495,
            41.725,
            44.944,
            43.012,
            51.225,
            10.817,
            30.48,
            31.321,
            20.125,
            42.19
        ],
        [
            44.721,
            30.017,
            0.0,
            36.056,
            10.77,
            20.396,
            42.45,
            44.944,
            27.893,
            12.806,
            13.0,
            33.734,
            25.495,
            14.765,
            33.015,
            13.454,
            27.203,
            23.77,
            21.024,
            36.359,
            23.345,
            17.0,
            14.56,
            23.087,
            37.537,
            25.71,
            19.235,
            10.0,
            38.079,
            35.128,
            40.361
        ],
        [
            22.361,
            19.723,
            36.056,
            0.0,
            26.683,
            36.715,
            27.459,
            22.091,
            10.296,
            30.463,
            25.0,
            9.487,
            22.672,
            31.016,
            30.232,
            29.547,
            50.12,
            36.62,
            15.297,
            21.587,
            14.318,
            21.84,
            41.761,
            39.962,
            28.231,
            47.885,
            21.954,
            30.594,
            13.038,
            1.414,
            25.71
        ],
        [
            34.0,
            19.416,
            10.77,
            26.683,
            0.0,
            24.739,
            39.115,
            39.598,
            20.248,
            6.325,
            2.236,
            23.195,
            22.847,
            17.263,
            32.28,
            6.083,
            34.986,
            27.295,
            11.402,
            25.807,
            13.0,
            13.0,
            22.804,
            28.16,
            35.341,
            33.121,
            8.602,
            12.649,
            31.401,
            25.962,
            36.892
        ],
        [
            53.814,
            41.34,
            20.396,
            36.715,
            24.739,
            0.0,
            28.46,
            34.234,
            26.42,
            30.265,
            26.249,
            39.623,
            15.297,
            7.616,
            16.553,
            30.414,
            13.416,
            3.606,
            27.019,
            47.434,
            30.61,
            16.279,
            10.0,
            3.606,
            22.472,
            11.18,
            31.78,
            12.166,
            31.401,
            35.355,
            26.926
        ],
        [
            49.82,
            44.283,
            42.45,
            27.459,
            39.115,
            28.46,
            0.0,
            8.602,
            22.361,
            45.277,
            38.949,
            36.056,
            16.971,
            28.844,
            12.166,
            44.777,
            39.115,
            25.71,
            31.623,
            48.0,
            33.956,
            26.401,
            38.079,
            29.614,
            6.083,
            37.216,
            40.497,
            32.65,
            14.56,
            26.306,
            2.236
        ],
        [
            44.045,
            40.804,
            44.944,
            22.091,
            39.598,
            34.234,
            8.602,
            0.0,
            20.248,
            45.343,
            38.949,
            31.401,
            20.248,
            32.894,
            19.235,
            44.688,
            46.043,
            32.016,
            30.232,
            43.566,
            31.765,
            28.018,
            43.174,
            36.014,
            13.601,
            44.011,
            39.115,
            35.777,
            9.487,
            21.213,
            8.544
        ],
        [
            29.967,
            22.023,
            27.893,
            10.296,
            20.248,
            26.42,
            22.361,
            20.248,
            0.0,
            25.495,
            19.209,
            15.232,
            12.806,
            20.881,
            21.541,
            24.759,
            39.825,
            26.401,
            10.0,
            26.306,
            11.705,
            12.042,
            31.78,
            29.682,
            21.095,
            37.59,
            18.868,
            21.024,
            11.314,
            8.944,
            20.224
        ],
        [
            33.526,
            18.682,
            12.806,
            30.463,
            6.325,
            30.265,
            45.277,
            45.343,
            25.495,
            0.0,
            6.403,
            25.179,
            29.155,
            23.022,
            38.601,
            1.0,
            39.395,
            33.061,
            15.811,
            24.698,
            16.155,
            19.313,
            26.833,
            33.541,
            41.629,
            37.696,
            9.055,
            18.111,
            36.797,
            29.967,
            43.046
        ],
        [
            31.765,
            17.205,
            13.0,
            25.0,
            2.236,
            26.249,
            38.949,
            38.949,
            19.209,
            6.403,
            0.0,
            21.095,
            23.087,
            18.682,
            32.757,
            5.831,
            36.892,
            28.636,
            9.849,
            23.601,
            11.045,
            13.342,
            24.839,
            29.732,
            35.468,
            34.986,
            6.403,
            14.318,
            30.48,
            24.352,
            36.715
        ],
        [
            14.765,
            10.63,
            33.734,
            9.487,
            23.195,
            39.623,
            36.056,
            31.401,
            15.232,
            25.179,
            21.095,
            0.0,
            27.785,
            32.802,
            36.77,
            24.187,
            52.631,
            40.361,
            13.416,
            12.166,
            10.44,
            23.431,
            42.544,
            43.139,
            35.903,
            50.448,
            16.125,
            30.887,
            22.091,
            10.198,
            34.132
        ],
        [
            42.544,
            32.757,
            25.495,
            22.672,
            22.847,
            15.297,
            16.971,
            20.248,
            12.806,
            29.155,
            23.087,
            27.785,
            0.0,
            12.649,
            10.0,
            28.792,
            28.46,
            14.318,
            18.111,
            37.947,
            21.378,
            9.849,
            23.195,
            18.028,
            12.53,
            26.249,
            26.077,
            15.811,
            16.125,
            21.26,
            14.866
        ],
        [
            46.669,
            33.838,
            14.765,
            31.016,
            17.263,
            7.616,
            28.844,
            32.894,
            20.881,
            23.022,
            18.682,
            32.802,
            12.649,
            0.0,
            18.439,
            23.087,
            19.849,
            10.05,
            19.799,
            40.0,
            23.345,
            9.434,
            11.045,
            11.18,
            23.431,
            17.692,
            24.166,
            5.099,
            28.071,
            29.732,
            26.926
        ],
        [
            51.478,
            42.579,
            33.015,
            30.232,
            32.28,
            16.553,
            12.166,
            19.235,
            21.541,
            38.601,
            32.757,
            36.77,
            10.0,
            18.439,
            0.0,
            38.328,
            27.019,
            13.601,
            28.071,
            47.539,
            31.257,
            19.416,
            26.42,
            17.464,
            6.083,
            25.08,
            36.056,
            23.022,
            20.0,
            28.844,
            11.0
        ],
        [
            32.573,
            17.72,
            13.454,
            29.547,
            6.083,
            30.414,
            44.777,
            44.688,
            24.759,
            1.0,
            5.831,
            24.187,
            28.792,
            23.087,
            38.328,
            0.0,
            39.812,
            33.136,
            15.0,
            23.77,
            15.232,
            18.974,
            27.295,
            33.734,
            41.231,
            38.079,
            8.062,
            18.248,
            36.069,
            29.069,
            42.544
        ],
        [
            66.483,
            53.263,
            27.203,
            50.12,
            34.986,
            13.416,
            39.115,
            46.043,
            39.825,
            39.395,
            36.892,
            52.631,
            28.46,
            19.849,
            27.019,
            39.812,
            0.0,
            14.318,
            39.623,
            59.548,
            43.139,
            29.206,
            12.649,
            10.44,
            33.061,
            2.236,
            43.012,
            22.804,
            44.385,
            48.765,
            38.013
        ],
        [
            54.818,
            42.942,
            23.77,
            36.62,
            27.295,
            3.606,
            25.71,
            32.016,
            26.401,
            33.061,
            28.636,
            40.361,
            14.318,
            10.05,
            13.601,
            33.136,
            14.318,
            0.0,
            28.302,
            48.877,
            31.906,
            17.493,
            13.454,
            4.0,
            19.647,
            12.166,
            33.838,
            15.0,
            30.083,
            35.228,
            24.331
        ],
        [
            26.87,
            14.866,
            21.024,
            15.297,
            11.402,
            27.019,
            31.623,
            30.232,
            10.0,
            15.811,
            9.849,
            13.416,
            18.111,
            19.799,
            28.071,
            15.0,
            39.623,
            28.302,
            0.0,
            20.591,
            3.606,
            10.817,
            29.155,
            30.61,
            29.275,
            37.483,
            8.944,
            17.493,
            21.26,
            14.56,
            29.411
        ],
        [
            9.055,
            6.403,
            36.359,
            21.587,
            25.807,
            47.434,
            48.0,
            43.566,
            26.306,
            24.698,
            23.601,
            12.166,
            37.947,
            40.0,
            47.539,
            23.77,
            59.548,
            48.877,
            20.591,
            0.0,
            17.0,
            31.385,
            48.104,
            51.039,
            47.381,
            57.489,
            17.205,
            36.797,
            34.234,
            22.361,
            46.011
        ],
        [
            23.345,
            11.402,
            23.345,
            14.318,
            13.0,
            30.61,
            33.956,
            31.765,
            11.705,
            16.155,
            11.045,
            10.44,
            21.378,
            23.345,
            31.257,
            15.232,
            43.139,
            31.906,
            3.606,
            17.0,
            0.0,
            14.422,
            32.45,
            34.205,
            32.062,
            41.012,
            7.81,
            20.809,
            22.472,
            13.892,
            31.78
        ],
        [
            37.537,
            25.495,
            17.0,
            21.84,
            13.0,
            16.279,
            26.401,
            28.018,
            12.042,
            19.313,
            13.342,
            23.431,
            9.849,
            9.434,
            19.416,
            18.974,
            29.206,
            17.493,
            10.817,
            31.385,
            14.422,
            0.0,
            19.925,
            19.849,
            22.361,
            27.019,
            17.117,
            9.0,
            21.19,
            20.616,
            24.207
        ],
        [
            55.606,
            41.725,
            14.56,
            41.761,
            22.804,
            10.0,
            38.079,
            43.174,
            31.78,
            26.833,
            24.839,
            42.544,
            23.195,
            11.045,
            26.42,
            27.295,
            12.649,
            13.454,
            29.155,
            48.104,
            32.45,
            19.925,
            0.0,
            10.817,
            32.202,
            11.18,
            31.145,
            11.662,
            39.013,
            40.522,
            36.401
        ],
        [
            57.385,
            44.944,
            23.087,
            39.962,
            28.16,
            3.606,
            29.614,
            36.014,
            29.682,
            33.541,
            29.732,
            43.139,
            18.028,
            11.18,
            17.464,
            33.734,
            10.44,
            4.0,
            30.61,
            51.039,
            34.205,
            19.849,
            10.817,
            0.0,
            23.537,
            8.246,
            35.341,
            15.524,
            33.956,
            38.588,
            28.284
        ],
        [
            50.289,
            43.012,
            37.537,
            28.231,
            35.341,
            22.472,
            6.083,
            13.601,
            21.095,
            41.629,
            35.468,
            35.903,
            12.53,
            23.431,
            6.083,
            41.231,
            33.061,
            19.647,
            29.275,
            47.381,
            32.062,
            22.361,
            32.202,
            23.537,
            0.0,
            31.145,
            37.855,
            27.586,
            16.401,
            26.926,
            5.099
        ],
        [
            64.351,
            51.225,
            25.71,
            47.885,
            33.121,
            11.18,
            37.216,
            44.011,
            37.59,
            37.696,
            34.986,
            50.448,
            26.249,
            17.692,
            25.08,
            38.079,
            2.236,
            12.166,
            37.483,
            57.489,
            41.012,
            27.019,
            11.18,
            8.246,
            31.145,
            0.0,
            41.049,
            20.809,
            42.202,
            46.53,
            36.056
        ],
        [
            25.495,
            10.817,
            19.235,
            21.954,
            8.602,
            31.78,
            40.497,
            39.115,
            18.868,
            9.055,
            6.403,
            16.125,
            26.077,
            24.166,
            36.056,
            8.062,
            43.012,
            33.838,
            8.944,
            17.205,
            7.81,
            17.117,
            31.145,
            35.341,
            37.855,
            41.049,
            0.0,
            20.248,
            30.0,
            21.633,
            38.275
        ],
        [
            44.045,
            30.48,
            10.0,
            30.594,
            12.649,
            12.166,
            32.65,
            35.777,
            21.024,
            18.111,
            14.318,
            30.887,
            15.811,
            5.099,
            23.022,
            18.248,
            22.804,
            15.0,
            17.493,
            36.797,
            20.809,
            9.0,
            11.662,
            15.524,
            27.586,
            20.809,
            20.248,
            0.0,
            29.833,
            29.428,
            30.61
        ],
        [
            35.355,
            31.321,
            38.079,
            13.038,
            31.401,
            31.401,
            14.56,
            9.487,
            11.314,
            36.797,
            30.48,
            22.091,
            16.125,
            28.071,
            20.0,
            36.069,
            44.385,
            30.083,
            21.26,
            34.234,
            22.472,
            21.19,
            39.013,
            33.956,
            16.401,
            42.202,
            30.0,
            29.833,
            0.0,
            12.0,
            13.0
        ],
        [
            23.537,
            20.125,
            35.128,
            1.414,
            25.962,
            35.355,
            26.306,
            21.213,
            8.944,
            29.967,
            24.352,
            10.198,
            21.26,
            29.732,
            28.844,
            29.069,
            48.765,
            35.228,
            14.56,
            22.361,
            13.892,
            20.616,
            40.522,
            38.588,
            26.926,
            46.53,
            21.633,
            29.428,
            12.0,
            0.0,
            24.515
        ],
        [
            48.052,
            42.19,
            40.361,
            25.71,
            36.892,
            26.926,
            2.236,
            8.544,
            20.224,
            43.046,
            36.715,
            34.132,
            14.866,
            26.926,
            11.0,
            42.544,
            38.013,
            24.331,
            29.411,
            46.011,
            31.78,
            24.207,
            36.401,
            28.284,
            5.099,
            36.056,
            38.275,
            30.61,
            13.0,
            24.515,
            0.0
        ]
    ],
    "distances_scv": [
        [
            0.0,
            0.15,
            0.15,
            0.15,
            0.15,
            0.15,
            0.15,
            0.15,
            0.15,
            0.15,
            0.15,
            0.15,
            0.15,
            0.15,
            0.15,
            0.15,
            0.15,
            0.15,
            0.15,
            0.15,
            0.15,
            0.15,
            0.15,
            0.15,
            0.15,
            0.15,
            0.15,
            0.15,
            0.15,
            0.15,
            0.15
        ],
        [
            0.15,
            0.0,
            0.15,
            0.15,
            0.15,
            0.15,
            0.15,
            0.15,
            0.15,
            0.15,
            0.15,
            0.15,
            0.15,
            0.15,
            0.15,
            0.15,
            0.15,
            0.15,
            0.15,
            0.15,
            0.15,
            0.15,
            0.15,
            0.15,
            0.15,
            0.15,
            0.15,
            0.15,
            0.15,
            0.15,
            0.15
        ],
        [
            0.15,
            0.15,
            0.0,
            0.15,
            0.15,
            0.15,
            0.15,
            0.15,
            0.15,
            0.15,
            0.15,
            0.15,
            0.15,
            0.15,
            0.15,
            0.15,
            0.15,
            0.15,
            0.15,
            0.15,
            0.15,
            0.15,
            0.15,
            0.15,
            0.15,
            0.15,
            0.15,
            0.15,
            0.15,
            0.15,
            0.15
        ],
        [
            0.15,
            0.15,
            0.15,
            0.0,
            0.15,
            0.15,
            0.15,
            0.15,
            0.15,
            0.15,
            0.15,
            0.15,
            0.15,
            0.15,
            0.15,
            0.15,
            0.15,
            0.15,
            0.15,
            0.15,
            0.15,
            0.15,
            0.15,
            0.15,
            0.15,
            0.15,
            0.15,
            0.15,
            0.15,
            0.15,
            0.15
        ],
        [
            0.15,
            0.15,
            0.15,
            0.15,
            0.0,
            0.15,
            0.15,
            0.15,
            0.15,
            0.15,
            0.15,
            0.15,
            0.15,
            0.15,
            0.15,
            0.15,
            0.15,
            0.15,
            0.15,
            0.15,
            0.15,
            0.15,
            0.15,
            0.15,
            0.15,
            0.15,
            0.15,
            0.15,
            0.15,
            0.15,
            0.15
        ],
        [
            0.15,
            0.15,
            0.15,
            0.15,
            0.15,
            0.0,
            0.15,
            0.15,
            0.15,
            0.15,
            0.15,
            0.15,
            0.15,
            0.15,
            0.15,
            0.15,
            0.15,
            0.15,
            0.15,
            0.15,
            0.15,
            0.15,
            0.15,
            0.15,
            0.15,
            0.15,
            0.15,
            0.15,
            0.15,
            0.15,
            0.15
        ],
        [
            0.15,
            0.15,
            0.15,
            0.15,
            0.15,
            0.15,
            0.0,
            0.15,
            0.15,
            0.15,
            0.15,
            0.15,
            0.15,
            0.15,
            0.15,
            0.15,
            0.15,
            0.15,
            0.15,
            0.15,
            0.15,
            0.15,
            0.15,
            0.15,
            0.15,
            0.15,
            0.15,
            0.15,
            0.15,
            0.15,
            0.15
        ],
        [
            0.15,
            0.15,
            0.15,
            0.15,
            0.15,
            0.15,
            0.15,
            0.0,
            0.15,
            0.15,
            0.15,
            0.15,
            0.15,
            0.15,
            0.15,
            0.15,
            0.15,
            0.15,
            0.15,
            0.15,
            0.15,
            0.15,
            0.15,
            0.15,
            0.15,
            0.15,
            0.15,
            0.15,
            0.15,
            0.15,
            0.15
        ],
        [
            0.15,
            0.15,
            0.15,
            0.15,
            0.15,
            0.15,
            0.15,
            0.15,
            0.0,
            0.15,
            0.15,
            0.15,
            0.15,
            0.15,
            0.15,
            0.15,
            0.15,
            0.15,
            0.15,
            0.15,
            0.15,
            0.15,
            0.15,
            0.15,
            0.15,
            0.15,
            0.15,
            0.15,
            0.15,
            0.15,
            0.15
        ],
        [
            0.15,
            0.15,
            0.15,
            0.15,
            0.15,
            0.15,
            0.15,
            0.15,
            0.15,
            0.0,
            0.15,
            0.15,
            0.15,
            0.15,
            0.15,
            0.15,
            0.15,
            0.15,
            0.15,
            0.15,
            0.15,
            0.15,
            0.15,
            0.15,
            0.15,
            0.15,
            0.15,
            0.15,
            0.15,
            0.15,
            0.15
        ],
        [
            0.15,
            0.15,
            0.15,
            0.15,
            0.15,
            0.15,
            0.15,
            0.15,
            0.15,
            0.15,
            0.0,
            0.15,
            0.15,
            0.15,
            0.15,
            0.15,
            0.15,
            0.15,
            0.15,
            0.15,
            0.15,
            0.15,
            0.15,
            0.15,
            0.15,
            0.15,
            0.15,
            0.15,
            0.15,
            0.15,
            0.15
        ],
        [
            0.15,
            0.15,
            0.15,
            0.15,
            0.15,
            0.15,
            0.15,
            0.15,
            0.15,
            0.15,
            0.15,
            0.0,
            0.15,
            0.15,
            0.15,
            0.15,
            0.15,
            0.15,
            0.15,
            0.15,
            0.15,
            0.15,
            0.15,
            0.15,
            0.15,
            0.15,
            0.15,
            0.15,
            0.15,
            0.15,
            0.15
        ],
        [
            0.15,
            0.15,
            0.15,
            0.15,
            0.15,
            0.15,
            0.15,
            0.15,
            0.15,
            0.15,
            0.15,
            0.15,
            0.0,
            0.15,
            0.15,
            0.15,
            0.15,
            0.15,
            0.15,
            0.15,
            0.15,
            0.15,
            0.15,
            0.15,
            0.15,
            0.15,
            0.15,
            0.15,
            0.15,
            0.15,
            0.15
        ],
        [
            0.15,
            0.15,
            0.15,
            0.15,
            0.15,
            0.15,
            0.15,
            0.15,
            0.15,
            0.15,
            0.15,
            0.15,
            0.15,
            0.0,
            0.15,
            0.15,
            0.15,
            0.15,
            0.15,
            0.15,
            0.15,
            0.15,
            0.15,
            0.15,
            0.15,
            0.15,
            0.15,
            0.15,
            0.15,
            0.15,
            0.15
        ],
        [
            0.15,
            0.15,
            0.15,
            0.15,
            0.15,
            0.15,
            0.15,
            0.15,
            0.15,
            0.15,
            0.15,
            0.15,
            0.15,
            0.15,
            0.0,
            0.15,
            0.15,
            0.15,
            0.15,
            0.15,
            0.15,
            0.15,
            0.15,
            0.15,
            0.15,
            0.15,
            0.15,
            0.15,
            0.15,
            0.15,
            0.15
        ],
        [
            0.15,
            0.15,
            0.15,
            0.15,
            0.15,
            0.15,
            0.15,
            0.15,
            0.15,
            0.15,
            0.15,
            0.15,
            0.15,
            0.15,
            0.15,
            0.0,
            0.15,
            0.15,
            0.15,
            0.15,
            0.15,
            0.15,
            0.15,
            0.15,
            0.15,
            0.15,
            0.15,
            0.15,
            0.15,
            0.15,
            0.15
        ],
        [
            0.15,
            0.15,
            0.15,
            0.15,
            0.15,
            0.15,
            0.15,
            0.15,
            0.15,
            0.15,
            0.15,
            0.15,
            0.15,
            0.15,
            0.15,
            0.15,
            0.0,
            0.15,
            0.15,
            0.15,
            0.15,
            0.15,
            0.15,
            0.15,
            0.15,
            0.15,
            0.15,
            0.15,
            0.15,
            0.15,
            0.15
        ],
        [
            0.15,
            0.15,
            0.15,
            0.15,
            0.15,
            0.15,
            0.15,
            0.15,
            0.15,
            0.15,
            0.15,
            0.15,
            0.15,
            0.15,
            0.15,
            0.15,
            0.15,
            0.0,
            0.15,
            0.15,
            0.15,
            0.15,
            0.15,
            0.15,
            0.15,
            0.15,
            0.15,
            0.15,
            0.15,
            0.15,
            0.15
        ],
        [
            0.15,
            0.15,
            0.15,
            0.15,
            0.15,
            0.15,
            0.15,
            0.15,
            0.15,
            0.15,
            0.15,
            0.15,
            0.15,
            0.15,
            0.15,
            0.15,
            0.15,
            0.15,
            0.0,
            0.15,
            0.15,
            0.15,
            0.15,
            0.15,
            0.15,
            0.15,
            0.15,
            0.15,
            0.15,
            0.15,
            0.15
        ],
        [
            0.15,
            0.15,
            0.15,
            0.15,
            0.15,
            0.15,
            0.15,
            0.15,
            0.15,
            0.15,
            0.15,
            0.15,
            0.15,
            0.15,
            0.15,
            0.15,
            0.15,
            0.15,
            0.15,
            0.0,
            0.15,
            0.15,
            0.15,
            0.15,
            0.15,
            0.15,
            0.15,
            0.15,
            0.15,
            0.15,
            0.15
        ],
        [
            0.15,
            0.15,
            0.15,
            0.15,
            0.15,
            0.15,
            0.15,
            0.15,
            0.15,
            0.15,
            0.15,
            0.15,
            0.15,
            0.15,
            0.15,
            0.15,
            0.15,
            0.15,
            0.15,
            0.15,
            0.0,
            0.15,
            0.15,
            0.15,
            0.15,
            0.15,
            0.15,
            0.15,
            0.15,
            0.15,
            0.15
        ],
        [
            0.15,
            0.15,
            0.15,
            0.15,
            0.15,
            0.15,
            0.15,
            0.15,
            0.15,
            0.15,
            0.15,
            0.15,
            0.15,
            0.15,
            0.15,
            0.15,
            0.15,
            0.15,
            0.15,
            0.15,
            0.15,
            0.0,
            0.15,
            0.15,
            0.15,
            0.15,
            0.15,
            0.15,
            0.15,
            0.15,
            0.15
        ],
        [
            0.15,
            0.15,
            0.15,
            0.15,
            0.15,
            0.15,
            0.15,
            0.15,
            0.15,
            0.15,
            0.15,
            0.15,
            0.15,
            0.15,
            0.15,
            0.15,
            0.15,
            0.15,
            0.15,
            0.15,
            0.15,
            0.15,
            0.0,
            0.15,
            0.15,
            0.15,
            0.15,
            0.15,
            0.15,
            0.15,
            0.15
        ],
        [
            0.15,
            0.15,
            0.15,
            0.15,
            0.15,
            0.15,
            0.15,
            0.15,
            0.15,
            0.15,
            0.15,
            0.15,
            0.15,
            0.15,
            0.15,
            0.15,
            0.15,
            0.15,
            0.15,
            0.15,
            0.15,
            0.15,
            0.15,
            0.0,
            0.15,
            0.15,
            0.15,
            0.15,
            0.15,
            0.15,
            0.15
        ],
        [
            0.15,
            0.15,
            0.15,
            0.15,
            0.15,
            0.15,
            0.15,
            0.15,
            0.15,
            0.15,
            0.15,
            0.15,
            0.15,
            0.15,
            0.15,
            0.15,
            0.15,
            0.15,
            0.15,
            0.15,
            0.15,
            0.15,
            0.15,
            0.15,
            0.0,
            0.15,
            0.15,
            0.15,
            0.15,
            0.15,
            0.15
        ],
        [
            0.15,
            0.15,
            0.15,
            0.15,
            0.15,
            0.15,
            0.15,
            0.15,
            0.15,
            0.15,
            0.15,
            0.15,
            0.15,
            0.15,
            0.15,
            0.15,
            0.15,
            0.15,
            0.15,
            0.15,
            0.15,
            0.15,
            0.15,
            0.15,
            0.15,
            0.0,
            0.15,
            0.15,
            0.15,
            0.15,
            0.15
        ],
        [
            0.15,
            0.15,
            0.15,
            0.15,
            0.15,
            0.15,
            0.15,
            0.15,
            0.15,
            0.15,
            0.15,
            0.15,
            0.15,
            0.15,
            0.15,
            0.15,
            0.15,
            0.15,
            0.15,
            0.15,
            0.15,
            0.15,
            0.15,
            0.15,
            0.15,
            0.15,
            0.0,
            0.15,
            0.15,
            0.15,
            0.15
        ],
        [
            0.15,
            0.15,
            0.15,
            0.15,
            0.15,
            0.15,
            0.15,
            0.15,
            0.15,
            0.15,
            0.15,
            0.15,
            0.15,
            0.15,
            0.15,
            0.15,
            0.15,
            0.15,
            0.15,
            0.15,
            0.15,
            0.15,
            0.15,
            0.15,
            0.15,
            0.15,
            0.15,
            0.0,
            0.15,
            0.15,
            0.15
        ],
        [
            0.15,
            0.15,
            0.15,
            0.15,
            0.15,
            0.15,
            0.15,
            0.15,
            0.15,
            0.15,
            0.15,
            0.15,
            0.15,
            0.15,
            0.15,
            0.15,
            0.15,
            0.15,
            0.15,
            0.15,
            0.15,
            0.15,
            0.15,
            0.15,
            0.15,
            0.15,
            0.15,
            0.15,
            0.0,
            0.15,
            0.15
        ],
        [
            0.15,
            0.15,
            0.15,
            0.15,
            0.15,
            0.15,
            0.15,
            0.15,
            0.15,
            0.15,
            0.15,
            0.15,
            0.15,
            0.15,
            0.15,
            0.15,
            0.15,
            0.15,
            0.15,
            0.15,
            0.15,
            0.15,
            0.15,
            0.15,
            0.15,
            0.15,
            0.15,
            0.15,
            0.15,
            0.0,
            0.15
        ],
        [
            0.15,
            0.15,
            0.15,
            0.15,
            0.15,
            0.15,
            0.15,
            0.15,
            0.15,
            0.15,
            0.15,
            0.15,
            0.15,
            0.15,
            0.15,
            0.15,
            0.15,
            0.15,
            0.15,
            0.15,
            0.15,
            0.15,
            0.15,
            0.15,
            0.15,
            0.15,
            0.15,
            0.15,
            0.15,
            0.15,
            0.0
        ]
    ],
    "service_scv": [
        0.0,
        0.403,
        0.349,
        0.408,
        0.407,
        0.166,
        0.433,
        0.188,
        0.339,
        0.32,
        0.417,
        0.226,
        0.394,
        0.426,
        0.271,
        0.353,
        0.295,
        0.414,
        0.459,
        0.328,
        0.154,
        0.472,
        0.355,
        0.213,
        0.406,
        0.309,
        0.211,
        0.269,
        0.363,
        0.267,
        0.199
    ],
    "service": [
        0,
        35,
        54,
        48,
        55,
        35,
        31,
        37,
        44,
        52,
        46,
        57,
        55,
        49,
        41,
        59,
        58,
        55,
        49,
        43,
        35,
        41,
        52,
        36,
        60,
        55,
        54,
        46,
        37,
        57,
        41
    ]
}
