{
    "coords": [
        [
            0,
            0
        ],
        [
            44,
            25
        ],
        [
            47,
            48
        ],
        [
            48,
            4
        ],
        [
            22,
            30
        ],
        [
            14,
            18
        ],
        [
            31,
            40
        ],
        [
            29,
            8
        ],
        [
            33,
            43
        ],
        [
            10,
            27
        ],
        [
            16,
            45
        ],
        [
            3,
            23
        ],
        [
            44,
            21
        ],
        [
            6,
            39
        ],
        [
            48,
            49
        ],
        [
            46,
            18
        ],
        [
            36,
            48
        ],
        [
            28,
            46
        ],
        [
            29,
            8
        ],
        [
            23,
            30
        ],
        [
            15,
            35
        ],
        [
            20,
            47
        ],
        [
            10,
            33
        ],
        [
            4,
            6
        ],
        [
            26,
            24
        ],
        [
            24,
            24
        ],
        [
            42,
            25
        ],
        [
            18,
            47
        ],
        [
            44,
            17
        ],
        [
            10,
            11
        ],
        [
            8,
            26
        ]
    ],
    "dimension": 31,
    "distances": [
        [
            0.0,
            50.606,
            67.179,
            48.166,
            37.202,
            22.804,
            50.606,
            30.083,
            54.203,
            28.792,
            47.76,
            23.195,
            48.754,
            39.459,
            68.593,
            49.396,
            60.0,
            53.852,
            30.083,
            37.802,
            38.079,
            51.078,
            34.482,
            7.211,
            35.384,
            33.941,
            48.877,
            50.329,
            47.17,
            14.866,
            27.203
        ],
        [
            50.606,
            0.0,
            23.195,
            21.378,
            22.561,
            30.806,
            19.849,
            22.672,
            21.095,
            34.059,
            34.409,
            41.049,
            4.0,
            40.497,
            24.331,
            7.28,
            24.352,
            26.401,
            22.672,
            21.587,
            30.676,
            32.558,
            34.928,
            44.283,
            18.028,
            20.025,
            2.0,
            34.059,
            8.0,
            36.77,
            36.014
        ],
        [
            67.179,
            23.195,
            0.0,
            44.011,
            30.806,
            44.598,
            17.889,
            43.863,
            14.866,
            42.544,
            31.145,
            50.606,
            27.166,
            41.976,
            1.414,
            30.017,
            11.0,
            19.105,
            43.863,
            30.0,
            34.54,
            27.019,
            39.925,
            60.108,
            31.89,
            33.242,
            23.537,
            29.017,
            31.145,
            52.326,
            44.777
        ],
        [
            48.166,
            21.378,
            44.011,
            0.0,
            36.77,
            36.77,
            39.812,
            19.416,
            41.785,
            44.418,
            52.01,
            48.847,
            17.464,
            54.672,
            45.0,
            14.142,
            45.607,
            46.519,
            19.416,
            36.069,
            45.277,
            51.313,
            47.802,
            44.045,
            29.732,
            31.241,
            21.84,
            52.431,
            13.601,
            38.639,
            45.651
        ],
        [
            37.202,
            22.561,
            30.806,
            36.77,
            0.0,
            14.422,
            13.454,
            23.087,
            17.029,
            12.369,
            16.155,
            20.248,
            23.77,
            18.358,
            32.202,
            26.833,
            22.804,
            17.088,
            23.087,
            1.0,
            8.602,
            17.117,
            12.369,
            30.0,
            7.211,
            6.325,
            20.616,
            17.464,
            25.554,
            22.472,
            14.56
        ],
        [
            22.804,
            30.806,
            44.598,
            36.77,
            14.422,
            0.0,
            27.803,
            18.028,
            31.401,
            9.849,
            27.074,
            12.083,
            30.15,
            22.472,
            46.011,
            32.0,
            37.202,
            31.305,
            18.028,
            15.0,
            17.029,
            29.614,
            15.524,
            15.62,
            13.416,
            11.662,
            28.862,
            29.275,
            30.017,
            8.062,
            10.0
        ],
        [
            50.606,
            19.849,
            17.889,
            39.812,
            13.454,
            27.803,
            0.0,
            32.062,
            3.606,
            24.698,
            15.811,
            32.757,
            23.022,
            25.02,
            19.235,
            26.627,
            9.434,
            6.708,
            32.062,
            12.806,
            16.763,
            13.038,
            22.136,
            43.417,
            16.763,
            17.464,
            18.601,
            14.765,
            26.42,
            35.805,
            26.926
        ],
        [
            30.083,
            22.672,
            43.863,
            19.416,
            23.087,
            18.028,
            32.062,
            0.0,
            35.228,
            26.87,
            39.217,
            30.017,
            19.849,
            38.601,
            45.188,
            19.723,
            40.608,
            38.013,
            0.0,
            22.804,
            30.414,
            40.025,
            31.401,
            25.08,
            16.279,
            16.763,
            21.401,
            40.522,
            17.493,
            19.235,
            27.659
        ],
        [
            54.203,
            21.095,
            14.866,
            41.785,
            17.029,
            31.401,
            3.606,
            35.228,
            0.0,
            28.018,
            17.117,
            36.056,
            24.597,
            27.295,
            16.155,
            28.178,
            5.831,
            5.831,
            35.228,
            16.401,
            19.698,
            13.601,
            25.08,
            47.011,
            20.248,
            21.024,
            20.125,
            15.524,
            28.231,
            39.408,
            30.232
        ],
        [
            28.792,
            34.059,
            42.544,
            44.418,
            12.369,
            9.849,
            24.698,
            26.87,
            28.018,
            0.0,
            18.974,
            8.062,
            34.525,
            12.649,
            43.909,
            37.108,
            33.422,
            26.173,
            26.87,
            13.342,
            9.434,
            22.361,
            6.0,
            21.84,
            16.279,
            14.318,
            32.062,
            21.541,
            35.44,
            16.0,
            2.236
        ],
        [
            47.76,
            34.409,
            31.145,
            52.01,
            16.155,
            27.074,
            15.811,
            39.217,
            17.117,
            18.974,
            0.0,
            25.554,
            36.878,
            11.662,
            32.249,
            40.361,
            20.224,
            12.042,
            39.217,
            16.553,
            10.05,
            4.472,
            13.416,
            40.804,
            23.259,
            22.472,
            32.802,
            2.828,
            39.598,
            34.525,
            20.616
        ],
        [
            23.195,
            41.049,
            50.606,
            48.847,
            20.248,
            12.083,
            32.757,
            30.017,
            36.056,
            8.062,
            25.554,
            0.0,
            41.049,
            16.279,
            51.971,
            43.29,
            41.4,
            33.971,
            30.017,
            21.19,
            16.971,
            29.411,
            12.207,
            17.029,
            23.022,
            21.024,
            39.051,
            28.302,
            41.437,
            13.892,
            5.831
        ],
        [
            48.754,
            4.0,
            27.166,
            17.464,
            23.77,
            30.15,
            23.022,
            19.849,
            24.597,
            34.525,
            36.878,
            41.049,
            0.0,
            42.048,
            28.284,
            3.606,
            28.16,
            29.682,
            19.849,
            22.847,
            32.202,
            35.384,
            36.056,
            42.72,
            18.248,
            20.224,
            4.472,
            36.77,
            4.0,
            35.44,
            36.346
        ],
        [
            39.459,
            40.497,
            41.976,
            54.672,
            18.358,
            22.472,
            25.02,
            38.601,
            27.295,
            12.649,
            11.662,
            16.279,
            42.048,
            0.0,
            43.174,
            45.177,
            31.321,
            23.087,
            38.601,
            19.235,
            9.849,
            16.125,
            7.211,
            33.061,
            25.0,
            23.431,
            38.626,
            14.422,
            43.909,
            28.284,
            13.153
        ],
        [
            68.593,
            24.331,
            1.414,
            45.0,
            32.202,
            46.011,
            19.235,
            45.188,
            16.155,
            43.909,
            32.249,
            51.971,
            28.284,
            43.174,
            0.0,
            31.064,
            12.042,
            20.224,
            45.188,
            31.401,
            35.847,
            28.071,
            41.231,
            61.522,
            33.302,
            34.655,
            24.739,
            30.067,
            32.249,
            53.74,
            46.141
        ],
        [
            49.396,
            7.28,
            30.017,
            14.142,
            26.833,
            32.0,
            26.627,
            19.723,
            28.178,
            37.108,
            40.361,
            43.29,
            3.606,
            45.177,
            31.064,
            0.0,
            31.623,
            33.287,
            19.723,
            25.942,
            35.355,
            38.949,
            39.0,
            43.681,
            20.881,
            22.804,
            8.062,
            40.311,
            2.236,
            36.674,
            38.833
        ],
        [
            60.0,
            24.352,
            11.0,
            45.607,
            22.804,
            37.202,
            9.434,
            40.608,
            5.831,
            33.422,
            20.224,
            41.4,
            28.16,
            31.321,
            12.042,
            31.623,
            0.0,
            8.246,
            40.608,
            22.204,
            24.698,
            16.031,
            30.017,
            52.802,
            26.0,
            26.833,
            23.77,
            18.028,
            32.016,
            45.222,
            35.609
        ],
        [
            53.852,
            26.401,
            19.105,
            46.519,
            17.088,
            31.305,
            6.708,
            38.013,
            5.831,
            26.173,
            12.042,
            33.971,
            29.682,
            23.087,
            20.224,
            33.287,
            8.246,
            0.0,
            38.013,
            16.763,
            17.029,
            8.062,
            22.204,
            46.648,
            22.091,
            22.361,
            25.239,
            10.05,
            33.121,
            39.357,
            28.284
        ],
        [
            30.083,
            22.672,
            43.863,
            19.416,
            23.087,
            18.028,
            32.062,
            0.0,
            35.228,
            26.87,
            39.217,
            30.017,
            19.849,
            38.601,
            45.188,
            19.723,
            40.608,
            38.013,
            0.0,
            22.804,
            30.414,
            40.025,
            31.401,
            25.08,
            16.279,
            16.763,
            21.401,
            40.522,
            17.493,
            19.235,
            27.659
        ],
        [
            37.802,
            21.587,
            30.0,
            36.069,
            1.0,
            15.0,
            12.806,
            22.804,
            16.401,
            13.342,
            16.553,
            21.19,
            22.847,
            19.235,
            31.401,
            25.942,
            22.204,
            16.763,
            22.804,
            0.0,
            9.434,
            17.263,
            13.342,
            30.61,
            6.708,
            6.083,
            19.647,
            17.72,
            24.698,
            23.022,
            15.524
        ],
        [
            38.079,
            30.676,
            34.54,
            45.277,
            8.602,
            17.029,
            16.763,
            30.414,
            19.698,
            9.434,
            10.05,
            16.971,
            32.202,
            9.849,
            35.847,
            35.355,
            24.698,
            17.029,
            30.414,
            9.434,
            0.0,
            13.0,
            5.385,
            31.016,
            15.556,
            14.213,
            28.792,
            12.369,
            34.132,
            24.515,
            11.402
        ],
        [
            51.078,
            32.558,
            27.019,
            51.313,
            17.117,
            29.614,
            13.038,
            40.025,
            13.601,
            22.361,
            4.472,
            29.411,
            35.384,
            16.125,
            28.071,
            38.949,
            16.031,
            8.062,
            40.025,
            17.263,
            13.0,
            0.0,
            17.205,
            44.011,
            23.77,
            23.345,
            31.113,
            2.0,
            38.419,
            37.363,
            24.187
        ],
        [
            34.482,
            34.928,
            39.925,
            47.802,
            12.369,
            15.524,
            22.136,
            31.401,
            25.08,
            6.0,
            13.416,
            12.207,
            36.056,
            7.211,
            41.231,
            39.0,
            30.017,
            22.204,
            31.401,
            13.342,
            5.385,
            17.205,
            0.0,
            27.659,
            18.358,
            16.643,
            32.985,
            16.125,
            37.577,
            22.0,
            7.28
        ],
        [
            7.211,
            44.283,
            60.108,
            44.045,
            30.0,
            15.62,
            43.417,
            25.08,
            47.011,
            21.84,
            40.804,
            17.029,
            42.72,
            33.061,
            61.522,
            43.681,
            52.802,
            46.648,
            25.08,
            30.61,
            31.016,
            44.011,
            27.659,
            0.0,
            28.425,
            26.907,
            42.485,
            43.324,
            41.485,
            7.81,
            20.396
        ],
        [
            35.384,
            18.028,
            31.89,
            29.732,
            7.211,
            13.416,
            16.763,
            16.279,
            20.248,
            16.279,
            23.259,
            23.022,
            18.248,
            25.0,
            33.302,
            20.881,
            26.0,
            22.091,
            16.279,
            6.708,
            15.556,
            23.77,
            18.358,
            28.425,
            0.0,
            2.0,
            16.031,
            24.352,
            19.313,
            20.616,
            18.111
        ],
        [
            33.941,
            20.025,
            33.242,
            31.241,
            6.325,
            11.662,
            17.464,
            16.763,
            21.024,
            14.318,
            22.472,
            21.024,
            20.224,
            23.431,
            34.655,
            22.804,
            26.833,
            22.361,
            16.763,
            6.083,
            14.213,
            23.345,
            16.643,
            26.907,
            2.0,
            0.0,
            18.028,
            23.77,
            21.19,
            19.105,
            16.125
        ],
        [
            48.877,
            2.0,
            23.537,
            21.84,
            20.616,
            28.862,
            18.601,
            21.401,
            20.125,
            32.062,
            32.802,
            39.051,
            4.472,
            38.626,
            24.739,
            8.062,
            23.77,
            25.239,
            21.401,
            19.647,
            28.792,
            31.113,
            32.985,
            42.485,
            16.031,
            18.028,
            0.0,
            32.558,
            8.246,
            34.928,
            34.015
        ],
        [
            50.329,
            34.059,
            29.017,
            52.431,
            17.464,
            29.275,
            14.765,
            40.522,
            15.524,
            21.541,
            2.828,
            28.302,
            36.77,
            14.422,
            30.067,
            40.311,
            18.028,
            10.05,
            40.522,
            17.72,
            12.369,
            2.0,
            16.125,
            43.324,
            24.352,
            23.77,
            32.558,
            0.0,
            39.699,
            36.878,
            23.259
        ],
        [
            47.17,
            8.0,
            31.145,
            13.601,
            25.554,
            30.017,
            26.42,
            17.493,
            28.231,
            35.44,
            39.598,
            41.437,
            4.0,
            43.909,
            32.249,
            2.236,
            32.016,
            33.121,
            17.493,
            24.698,
            34.132,
            38.419,
            37.577,
            41.485,
            19.313,
            21.19,
            8.246,
            39.699,
            0.0,
            34.525,
            37.108
        ],
        [
            14.866,
            36.77,
            52.326,
            38.639,
            22.472,
            8.062,
            35.805,
            19.235,
            39.408,
            16.0,
            34.525,
            13.892,
            35.44,
            28.284,
            53.74,
            36.674,
            45.222,
            39.357,
            19.235,
            23.022,
            24.515,
            37.363,
            22.0,
            7.81,
            20.616,
            19.105,
            34.928,
            36.878,
            34.525,
            0.0,
            15.133
        ],
        [
            27.203,
            36.014,
            44.777,
            45.651,
            14.56,
            10.0,
            26.926,
            27.659,
            30.232,
            2.236,
            20.616,
            5.831,
            36.346,
            13.153,
            46.141,
            38.833,
            35.609,
            28.284,
            27.659,
            15.524,
            11.402,
            24.187,
            7.28,
            20.396,
            18.111,
            16.125,
            34.015,
            23.259,
            37.108,
            15.133,
            0.0
        ]
    ],
    "distances_scv": [
        [
            0.0,
            0.15,
            0.15,
            0.15,
            0.15,
            0.15,
            0.15,
            0.15,
            0.15,
            0.15,
            0.15,
            0.15,
            0.15,
            0.15,
            0.15,
            0.15,
            0.15,
            0.15,
            0.15,
            0.15,
            0.15,
            0.15,
            0.15,
            0.15,
            0.15,
            0.15,
            0.15,
            0.15,
            0.15,
            0.15,
            0.15
        ],
        [
            0.15,
            0.0,
            0.15,
            0.15,
            0.15,
            0.15,
            0.15,
            0.15,
            0.15,
            0.15,
            0.15,
            0.15,
            0.15,
            0.15,
            0.15,
            0.15,
            0.15,
            0.15,
            0.15,
            0.15,
            0.15,
            0.15,
            0.15,
            0.15,
            0.15,
            0.15,
            0.15,
            0.15,
            0.15,
            0.15,
            0.15
        ],
        [
            0.15,
            0.15,
            0.0,
            0.15,
            0.15,
            0.15,
            0.15,
            0.15,
            0.15,
            0.15,
            0.15,
            0.15,
            0.15,
            0.15,
            0.15,
            0.15,
            0.15,
            0.15,
            0.15,
            0.15,
            0.15,
            0.15,
            0.15,
            0.15,
            0.15,
            0.15,
            0.15,
            0.15,
            0.15,
            0.15,
            0.15
        ],
        [
            0.15,
            0.15,
            0.15,
            0.0,
            0.15,
            0.15,
            0.15,
            0.15,
            0.15,
            0.15,
            0.15,
            0.15,
            0.15,
            0.15,
            0.15,
            0.15,
            0.15,
            0.15,
            0.15,
            0.15,
            0.15,
            0.15,
            0.15,
            0.15,
            0.15,
            0.15,
            0.15,
            0.15,
            0.15,
            0.15,
            0.15
        ],
        [
            0.15,
            0.15,
            0.15,
            0.15,
            0.0,
            0.15,
            0.15,
            0.15,
            0.15,
            0.15,
            0.15,
            0.15,
            0.15,
            0.15,
            0.15,
            0.15,
            0.15,
            0.15,
            0.15,
            0.15,
            0.15,
            0.15,
            0.15,
            0.15,
            0.15,
            0.15,
            0.15,
            0.15,
            0.15,
            0.15,
            0.15
        ],
        [
            0.15,
            0.15,
            0.15,
            0.15,
            0.15,
            0.0,
            0.15,
            0.15,
            0.15,
            0.15,
            0.15,
            0.15,
            0.15,
            0.15,
            0.15,
            0.15,
            0.15,
            0.15,
            0.15,
            0.15,
            0.15,
            0.15,
            0.15,
            0.15,
            0.15,
            0.15,
            0.15,
            0.15,
            0.15,
            0.15,
            0.15
        ],
        [
            0.15,
            0.15,
            0.15,
            0.15,
            0.15,
            0.15,
            0.0,
            0.15,
            0.15,
            0.15,
            0.15,
            0.15,
            0.15,
            0.15,
            0.15,
            0.15,
            0.15,
            0.15,
            0.15,
            0.15,
            0.15,
            0.15,
            0.15,
            0.15,
            0.15,
            0.15,
            0.15,
            0.15,
            0.15,
            0.15,
            0.15
        ],
        [
            0.15,
            0.15,
            0.15,
            0.15,
            0.15,
            0.15,
            0.15,
            0.0,
            0.15,
            0.15,
            0.15,
            0.15,
            0.15,
            0.15,
            0.15,
            0.15,
            0.15,
            0.15,
            0.15,
            0.15,
            0.15,
            0.15,
            0.15,
            0.15,
            0.15,
            0.15,
            0.15,
            0.15,
            0.15,
            0.15,
            0.15
        ],
        [
            0.15,
            0.15,
            0.15,
            0.15,
            0.15,
            0.15,
            0.15,
            0.15,
            0.0,
            0.15,
            0.15,
            0.15,
            0.15,
            0.15,
            0.15,
            0.15,
            0.15,
            0.15,
            0.15,
            0.15,
            0.15,
            0.15,
            0.15,
            0.15,
            0.15,
            0.15,
            0.15,
            0.15,
            0.15,
            0.15,
            0.15
        ],
        [
            0.15,
            0.15,
            0.15,
            0.15,
            0.15,
            0.15,
            0.15,
            0.15,
            0.15,
            0.0,
            0.15,
            0.15,
            0.15,
            0.15,
            0.15,
            0.15,
            0.15,
            0.15,
            0.15,
            0.15,
            0.15,
            0.15,
            0.15,
            0.15,
            0.15,
            0.15,
            0.15,
            0.15,
            0.15,
            0.15,
            0.15
        ],
        [
            0.15,
            0.15,
            0.15,
            0.15,
            0.15,
            0.15,
            0.15,
            0.15,
            0.15,
            0.15,
            0.0,
            0.15,
            0.15,
            0.15,
            0.15,
            0.15,
            0.15,
            0.15,
            0.15,
            0.15,
            0.15,
            0.15,
            0.15,
            0.15,
            0.15,
            0.15,
            0.15,
            0.15,
            0.15,
            0.15,
            0.15
        ],
        [
            0.15,
            0.15,
            0.15,
            0.15,
            0.15,
            0.15,
            0.15,
            0.15,
            0.15,
            0.15,
            0.15,
            0.0,
            0.15,
            0.15,
            0.15,
            0.15,
            0.15,
            0.15,
            0.15,
            0.15,
            0.15,
            0.15,
            0.15,
            0.15,
            0.15,
            0.15,
            0.15,
            0.15,
            0.15,
            0.15,
            0.15
        ],
        [
            0.15,
            0.15,
            0.15,
            0.15,
            0.15,
            0.15,
            0.15,
            0.15,
            0.15,
            0.15,
            0.15,
            0.15,
            0.0,
            0.15,
            0.15,
            0.15,
            0.15,
            0.15,
            0.15,
            0.15,
            0.15,
            0.15,
            0.15,
            0.15,
            0.15,
            0.15,
            0.15,
            0.15,
            0.15,
            0.15,
            0.15
        ],
        [
            0.15,
            0.15,
            0.15,
            0.15,
            0.15,
            0.15,
            0.15,
            0.15,
            0.15,
            0.15,
            0.15,
            0.15,
            0.15,
            0.0,
            0.15,
            0.15,
            0.15,
            0.15,
            0.15,
            0.15,
            0.15,
            0.15,
            0.15,
            0.15,
            0.15,
            0.15,
            0.15,
            0.15,
            0.15,
            0.15,
            0.15
        ],
        [
            0.15,
            0.15,
            0.15,
            0.15,
            0.15,
            0.15,
            0.15,
            0.15,
            0.15,
            0.15,
            0.15,
            0.15,
            0.15,
            0.15,
            0.0,
            0.15,
            0.15,
            0.15,
            0.15,
            0.15,
            0.15,
            0.15,
            0.15,
            0.15,
            0.15,
            0.15,
            0.15,
            0.15,
            0.15,
            0.15,
            0.15
        ],
        [
            0.15,
            0.15,
            0.15,
            0.15,
            0.15,
            0.15,
            0.15,
            0.15,
            0.15,
            0.15,
            0.15,
            0.15,
            0.15,
            0.15,
            0.15,
            0.0,
            0.15,
            0.15,
            0.15,
            0.15,
            0.15,
            0.15,
            0.15,
            0.15,
            0.15,
            0.15,
            0.15,
            0.15,
            0.15,
            0.15,
            0.15
        ],
        [
            0.15,
            0.15,
            0.15,
            0.15,
            0.15,
            0.15,
            0.15,
            0.15,
            0.15,
            0.15,
            0.15,
            0.15,
            0.15,
            0.15,
            0.15,
            0.15,
            0.0,
            0.15,
            0.15,
            0.15,
            0.15,
            0.15,
            0.15,
            0.15,
            0.15,
            0.15,
            0.15,
            0.15,
            0.15,
            0.15,
            0.15
        ],
        [
            0.15,
            0.15,
            0.15,
            0.15,
            0.15,
            0.15,
            0.15,
            0.15,
            0.15,
            0.15,
            0.15,
            0.15,
            0.15,
            0.15,
            0.15,
            0.15,
            0.15,
            0.0,
            0.15,
            0.15,
            0.15,
            0.15,
            0.15,
            0.15,
            0.15,
            0.15,
            0.15,
            0.15,
            0.15,
            0.15,
            0.15
        ],
        [
            0.15,
            0.15,
            0.15,
            0.15,
            0.15,
            0.15,
            0.15,
            0.15,
            0.15,
            0.15,
            0.15,
            0.15,
            0.15,
            0.15,
            0.15,
            0.15,
            0.15,
            0.15,
            0.0,
            0.15,
            0.15,
            0.15,
            0.15,
            0.15,
            0.15,
            0.15,
            0.15,
            0.15,
            0.15,
            0.15,
            0.15
        ],
        [
            0.15,
            0.15,
            0.15,
            0.15,
            0.15,
            0.15,
            0.15,
            0.15,
            0.15,
            0.15,
            0.15,
            0.15,
            0.15,
            0.15,
            0.15,
            0.15,
            0.15,
            0.15,
            0.15,
            0.0,
            0.15,
            0.15,
            0.15,
            0.15,
            0.15,
            0.15,
            0.15,
            0.15,
            0.15,
            0.15,
            0.15
        ],
        [
            0.15,
            0.15,
            0.15,
            0.15,
            0.15,
            0.15,
            0.15,
            0.15,
            0.15,
            0.15,
            0.15,
            0.15,
            0.15,
            0.15,
            0.15,
            0.15,
            0.15,
            0.15,
            0.15,
            0.15,
            0.0,
            0.15,
            0.15,
            0.15,
            0.15,
            0.15,
            0.15,
            0.15,
            0.15,
            0.15,
            0.15
        ],
        [
            0.15,
            0.15,
            0.15,
            0.15,
            0.15,
            0.15,
            0.15,
            0.15,
            0.15,
            0.15,
            0.15,
            0.15,
            0.15,
            0.15,
            0.15,
            0.15,
            0.15,
            0.15,
            0.15,
            0.15,
            0.15,
            0.0,
            0.15,
            0.15,
            0.15,
            0.15,
            0.15,
            0.15,
            0.15,
            0.15,
            0.15
        ],
        [
            0.15,
            0.15,
            0.15,
            0.15,
            0.15,
            0.15,
            0.15,
            0.15,
            0.15,
            0.15,
            0.15,
            0.15,
            0.15,
            0.15,
            0.15,
            0.15,
            0.15,
            0.15,
            0.15,
            0.15,
            0.15,
            0.15,
            0.0,
            0.15,
            0.15,
            0.15,
            0.15,
            0.15,
            0.15,
            0.15,
            0.15
        ],
        [
            0.15,
            0.15,
            0.15,
            0.15,
            0.15,
            0.15,
            0.15,
            0.15,
            0.15,
            0.15,
            0.15,
            0.15,
            0.15,
            0.15,
            0.15,
            0.15,
            0.15,
            0.15,
            0.15,
            0.15,
            0.15,
            0.15,
            0.15,
            0.0,
            0.15,
            0.15,
            0.15,
            0.15,
            0.15,
            0.15,
            0.15
        ],
        [
            0.15,
            0.15,
            0.15,
            0.15,
            0.15,
            0.15,
            0.15,
            0.15,
            0.15,
            0.15,
            0.15,
            0.15,
            0.15,
            0.15,
            0.15,
            0.15,
            0.15,
            0.15,
            0.15,
            0.15,
            0.15,
            0.15,
            0.15,
            0.15,
            0.0,
            0.15,
            0.15,
            0.15,
            0.15,
            0.15,
            0.15
        ],
        [
            0.15,
            0.15,
            0.15,
            0.15,
            0.15,
            0.15,
            0.15,
            0.15,
            0.15,
            0.15,
            0.15,
            0.15,
            0.15,
            0.15,
            0.15,
            0.15,
            0.15,
            0.15,
            0.15,
            0.15,
            0.15,
            0.15,
            0.15,
            0.15,
            0.15,
            0.0,
            0.15,
            0.15,
            0.15,
            0.15,
            0.15
        ],
        [
            0.15,
            0.15,
            0.15,
            0.15,
            0.15,
            0.15,
            0.15,
            0.15,
            0.15,
            0.15,
            0.15,
            0.15,
            0.15,
            0.15,
            0.15,
            0.15,
            0.15,
            0.15,
            0.15,
            0.15,
            0.15,
            0.15,
            0.15,
            0.15,
            0.15,
            0.15,
            0.0,
            0.15,
            0.15,
            0.15,
            0.15
        ],
        [
            0.15,
            0.15,
            0.15,
            0.15,
            0.15,
            0.15,
            0.15,
            0.15,
            0.15,
            0.15,
            0.15,
            0.15,
            0.15,
            0.15,
            0.15,
            0.15,
            0.15,
            0.15,
            0.15,
            0.15,
            0.15,
            0.15,
            0.15,
            0.15,
            0.15,
            0.15,
            0.15,
            0.0,
            0.15,
            0.15,
            0.15
        ],
        [
            0.15,
            0.15,
            0.15,
            0.15,
            0.15,
            0.15,
            0.15,
            0.15,
            0.15,
            0.15,
            0.15,
            0.15,
            0.15,
            0.15,
            0.15,
            0.15,
            0.15,
            0.15,
            0.15,
            0.15,
            0.15,
            0.15,
            0.15,
            0.15,
            0.15,
            0.15,
            0.15,
            0.15,
            0.0,
            0.15,
            0.15
        ],
        [
            0.15,
            0.15,
            0.15,
            0.15,
            0.15,
            0.15,
            0.15,
            0.15,
            0.15,
            0.15,
            0.15,
            0.15,
            0.15,
            0.15,
            0.15,
            0.15,
            0.15,
            0.15,
            0.15,
            0.15,
            0.15,
            0.15,
            0.15,
            0.15,
            0.15,
            0.15,
            0.15,
            0.15,
            0.15,
            0.0,
            0.15
        ],
        [
            0.15,
            0.15,
            0.15,
            0.15,
            0.15,
            0.15,
            0.15,
            0.15,
            0.15,
            0.15,
            0.15,
            0.15,
            0.15,
            0.15,
            0.15,
            0.15,
            0.15,
            0.15,
            0.15,
            0.15,
            0.15,
            0.15,
            0.15,
            0.15,
            0.15,
            0.15,
            0.15,
            0.15,
            0.15,
            0.15,
            0.0
        ]
    ],
    "service_scv": [
        0.0,
        1.107,
        0.614,
        0.841,
        0.515,
        0.902,
        0.641,
        1.086,
        0.693,
        1.49,
        1.222,
        0.729,
        1.472,
        1.341,
        0.623,
        1.166,
        1.372,
        0.504,
        0.623,
        0.691,
        1.125,
        1.09,
        0.6,
        0.622,
        0.593,
        0.926,
        0.783,
        0.942,
        1.434,
        1.01,
        0.866
    ],
    "service": [
        0,
        57,
        41,
        38,
        47,
        36,
        38,
        56,
        37,
        48,
        44,
        50,
        58,
        43,
        60,
        48,
        41,
        56,
        57,
        37,
        58,
        45,
        46,
        39,
        51,
        48,
        55,
        41,
        55,
        41,
        45
    ]
}
