{
    "coords": [
        [
            0,
            0
        ],
        [
            41,
            21
        ],
        [
            38,
            4
        ],
        [
            26,
            17
        ],
        [
            0,
            31
        ],
        [
            23,
            1
        ],
        [
            14,
            43
        ],
        [
            3,
            42
        ],
        [
            44,
            2
        ],
        [
            6,
            40
        ],
        [
            2,
            9
        ],
        [
            40,
            34
        ],
        [
            25,
            7
        ],
        [
            10,
            34
        ],
        [
            13,
            47
        ],
        [
            21,
            49
        ],
        [
            16,
            33
        ],
        [
            9,
            8
        ],
        [
            44,
            19
        ],
        [
            37,
            13
        ],
        [
            0,
            47
        ],
        [
            47,
            14
        ],
        [
            44,
            28
        ],
        [
            20,
            20
        ],
        [
            37,
            6
        ],
        [
            43,
            19
        ],
        [
            12,
            38
        ],
        [
            47,
            20
        ],
        [
            48,
            33
        ],
        [
            30,
            29
        ],
        [
            36,
            3
        ]
    ],
    "dimension": 31,
    "distances": [
        [
            0.0,
            46.065,
            38.21,
            31.064,
            31.0,
            23.022,
            45.222,
            42.107,
            44.045,
            40.447,
            9.22,
            52.498,
            25.962,
            35.44,
            48.765,
            53.31,
            36.674,
            12.042,
            47.927,
            39.217,
            47.0,
            49.041,
            52.154,
            28.284,
            37.483,
            47.011,
            39.85,
            51.078,
            58.249,
            41.725,
            36.125
        ],
        [
            46.065,
            0.0,
            17.263,
            15.524,
            42.202,
            26.907,
            34.828,
            43.417,
            19.235,
            39.825,
            40.804,
            13.038,
            21.26,
            33.615,
            38.21,
            34.409,
            27.731,
            34.54,
            3.606,
            8.944,
            48.549,
            9.22,
            7.616,
            21.024,
            15.524,
            2.828,
            33.615,
            6.083,
            13.892,
            13.601,
            18.682
        ],
        [
            38.21,
            17.263,
            0.0,
            17.692,
            46.615,
            15.297,
            45.793,
            51.662,
            6.325,
            48.166,
            36.346,
            30.067,
            13.342,
            41.037,
            49.739,
            48.104,
            36.401,
            29.275,
            16.155,
            9.055,
            57.385,
            13.454,
            24.739,
            24.083,
            2.236,
            15.811,
            42.802,
            18.358,
            30.676,
            26.249,
            2.236
        ],
        [
            31.064,
            15.524,
            17.692,
            0.0,
            29.53,
            16.279,
            28.636,
            33.971,
            23.431,
            30.48,
            25.298,
            22.023,
            10.05,
            23.345,
            32.696,
            32.388,
            18.868,
            19.235,
            18.111,
            11.705,
            39.699,
            21.213,
            21.095,
            6.708,
            15.556,
            17.117,
            25.239,
            21.213,
            27.203,
            12.649,
            17.205
        ],
        [
            31.0,
            42.202,
            46.615,
            29.53,
            0.0,
            37.802,
            18.439,
            11.402,
            52.697,
            10.817,
            22.091,
            40.112,
            34.655,
            10.44,
            20.616,
            27.659,
            16.125,
            24.698,
            45.607,
            41.146,
            16.0,
            49.98,
            44.102,
            22.825,
            44.654,
            44.643,
            13.892,
            48.27,
            48.042,
            30.067,
            45.607
        ],
        [
            23.022,
            26.907,
            15.297,
            16.279,
            37.802,
            0.0,
            42.953,
            45.618,
            21.024,
            42.544,
            22.472,
            37.121,
            6.325,
            35.468,
            47.074,
            48.042,
            32.757,
            15.652,
            27.659,
            18.439,
            51.43,
            27.295,
            34.205,
            19.235,
            14.866,
            26.907,
            38.601,
            30.61,
            40.608,
            28.862,
            13.153
        ],
        [
            45.222,
            34.828,
            45.793,
            28.636,
            18.439,
            42.953,
            0.0,
            11.045,
            50.804,
            8.544,
            36.056,
            27.514,
            37.643,
            9.849,
            4.123,
            9.22,
            10.198,
            35.355,
            38.419,
            37.802,
            14.56,
            43.932,
            33.541,
            23.77,
            43.566,
            37.643,
            5.385,
            40.224,
            35.44,
            21.26,
            45.651
        ],
        [
            42.107,
            43.417,
            51.662,
            33.971,
            11.402,
            45.618,
            11.045,
            0.0,
            57.28,
            3.606,
            33.015,
            37.855,
            41.34,
            10.63,
            11.18,
            19.313,
            15.811,
            34.525,
            47.011,
            44.688,
            5.831,
            52.154,
            43.324,
            27.803,
            49.518,
            46.141,
            9.849,
            49.193,
            45.891,
            29.967,
            51.088
        ],
        [
            44.045,
            19.235,
            6.325,
            23.431,
            52.697,
            21.024,
            50.804,
            57.28,
            0.0,
            53.74,
            42.579,
            32.249,
            19.647,
            46.69,
            54.644,
            52.326,
            41.773,
            35.511,
            17.0,
            13.038,
            62.936,
            12.369,
            26.0,
            30.0,
            8.062,
            17.029,
            48.166,
            18.248,
            31.257,
            30.414,
            8.062
        ],
        [
            40.447,
            39.825,
            48.166,
            30.48,
            10.817,
            42.544,
            8.544,
            3.606,
            53.74,
            0.0,
            31.257,
            34.525,
            38.079,
            7.211,
            9.899,
            17.493,
            12.207,
            32.14,
            43.417,
            41.11,
            9.22,
            48.549,
            39.85,
            24.413,
            46.011,
            42.544,
            6.325,
            45.618,
            42.579,
            26.401,
            47.634
        ],
        [
            9.22,
            40.804,
            36.346,
            25.298,
            22.091,
            22.472,
            36.056,
            33.015,
            42.579,
            31.257,
            0.0,
            45.486,
            23.087,
            26.249,
            39.56,
            44.283,
            27.785,
            7.071,
            43.174,
            35.228,
            38.053,
            45.277,
            46.098,
            21.095,
            35.128,
            42.202,
            30.676,
            46.325,
            51.884,
            34.409,
            34.525
        ],
        [
            52.498,
            13.038,
            30.067,
            22.023,
            40.112,
            37.121,
            27.514,
            37.855,
            32.249,
            34.525,
            45.486,
            0.0,
            30.887,
            30.0,
            29.967,
            24.207,
            24.021,
            40.46,
            15.524,
            21.213,
            42.059,
            21.19,
            7.211,
            24.413,
            28.16,
            15.297,
            28.284,
            15.652,
            8.062,
            11.18,
            31.257
        ],
        [
            25.962,
            21.26,
            13.342,
            10.05,
            34.655,
            6.325,
            37.643,
            41.34,
            19.647,
            38.079,
            23.087,
            30.887,
            0.0,
            30.887,
            41.761,
            42.19,
            27.514,
            16.031,
            22.472,
            13.416,
            47.17,
            23.087,
            28.32,
            13.928,
            12.042,
            21.633,
            33.615,
            25.554,
            34.713,
            22.561,
            11.705
        ],
        [
            35.44,
            33.615,
            41.037,
            23.345,
            10.44,
            35.468,
            9.849,
            10.63,
            46.69,
            7.211,
            26.249,
            30.0,
            30.887,
            0.0,
            13.342,
            18.601,
            6.083,
            26.019,
            37.162,
            34.205,
            16.401,
            42.059,
            34.525,
            17.205,
            38.897,
            36.249,
            4.472,
            39.56,
            38.013,
            20.616,
            40.46
        ],
        [
            48.765,
            38.21,
            49.739,
            32.696,
            20.616,
            47.074,
            4.123,
            11.18,
            54.644,
            9.899,
            39.56,
            29.967,
            41.761,
            13.342,
            0.0,
            8.246,
            14.318,
            39.205,
            41.773,
            41.617,
            13.0,
            47.381,
            36.359,
            27.893,
            47.508,
            41.037,
            9.055,
            43.417,
            37.696,
            24.759,
            49.649
        ],
        [
            53.31,
            34.409,
            48.104,
            32.388,
            27.659,
            48.042,
            9.22,
            19.313,
            52.326,
            17.493,
            44.283,
            24.207,
            42.19,
            18.601,
            8.246,
            0.0,
            16.763,
            42.72,
            37.802,
            39.395,
            21.095,
            43.6,
            31.145,
            29.017,
            45.88,
            37.202,
            14.213,
            38.949,
            31.385,
            21.932,
            48.384
        ],
        [
            36.674,
            27.731,
            36.401,
            18.868,
            16.125,
            32.757,
            10.198,
            15.811,
            41.773,
            12.207,
            27.785,
            24.021,
            27.514,
            6.083,
            14.318,
            16.763,
            0.0,
            25.962,
            31.305,
            29.0,
            21.26,
            36.359,
            28.443,
            13.601,
            34.205,
            30.414,
            6.403,
            33.615,
            32.0,
            14.56,
            36.056
        ],
        [
            12.042,
            34.54,
            29.275,
            19.235,
            24.698,
            15.652,
            35.355,
            34.525,
            35.511,
            32.14,
            7.071,
            40.46,
            16.031,
            26.019,
            39.205,
            42.72,
            25.962,
            0.0,
            36.688,
            28.443,
            40.025,
            38.471,
            40.311,
            16.279,
            28.071,
            35.735,
            30.15,
            39.85,
            46.325,
            29.698,
            27.459
        ],
        [
            47.927,
            3.606,
            16.155,
            18.111,
            45.607,
            27.659,
            38.419,
            47.011,
            17.0,
            43.417,
            43.174,
            15.524,
            22.472,
            37.162,
            41.773,
            37.802,
            31.305,
            36.688,
            0.0,
            9.22,
            52.154,
            5.831,
            9.0,
            24.021,
            14.765,
            1.0,
            37.216,
            3.162,
            14.56,
            17.205,
            17.889
        ],
        [
            39.217,
            8.944,
            9.055,
            11.705,
            41.146,
            18.439,
            37.802,
            44.688,
            13.038,
            41.11,
            35.228,
            21.213,
            13.416,
            34.205,
            41.617,
            39.395,
            29.0,
            28.443,
            9.22,
            0.0,
            50.249,
            10.05,
            16.553,
            18.385,
            7.0,
            8.485,
            35.355,
            12.207,
            22.825,
            17.464,
            10.05
        ],
        [
            47.0,
            48.549,
            57.385,
            39.699,
            16.0,
            51.43,
            14.56,
            5.831,
            62.936,
            9.22,
            38.053,
            42.059,
            47.17,
            16.401,
            13.0,
            21.095,
            21.26,
            40.025,
            52.154,
            50.249,
            0.0,
            57.428,
            47.927,
            33.601,
            55.227,
            51.313,
            15.0,
            54.203,
            50.0,
            34.986,
            56.851
        ],
        [
            49.041,
            9.22,
            13.454,
            21.213,
            49.98,
            27.295,
            43.932,
            52.154,
            12.369,
            48.549,
            45.277,
            21.19,
            23.087,
            42.059,
            47.381,
            43.6,
            36.359,
            38.471,
            5.831,
            10.05,
            57.428,
            0.0,
            14.318,
            27.659,
            12.806,
            6.403,
            42.438,
            6.0,
            19.026,
            22.672,
            15.556
        ],
        [
            52.154,
            7.616,
            24.739,
            21.095,
            44.102,
            34.205,
            33.541,
            43.324,
            26.0,
            39.85,
            46.098,
            7.211,
            28.32,
            34.525,
            36.359,
            31.145,
            28.443,
            40.311,
            9.0,
            16.553,
            47.927,
            14.318,
            0.0,
            25.298,
            23.087,
            9.055,
            33.526,
            8.544,
            6.403,
            14.036,
            26.249
        ],
        [
            28.284,
            21.024,
            24.083,
            6.708,
            22.825,
            19.235,
            23.77,
            27.803,
            30.0,
            24.413,
            21.095,
            24.413,
            13.928,
            17.205,
            27.893,
            29.017,
            13.601,
            16.279,
            24.021,
            18.385,
            33.601,
            27.659,
            25.298,
            0.0,
            22.023,
            23.022,
            19.698,
            27.0,
            30.871,
            13.454,
            23.345
        ],
        [
            37.483,
            15.524,
            2.236,
            15.556,
            44.654,
            14.866,
            43.566,
            49.518,
            8.062,
            46.011,
            35.128,
            28.16,
            12.042,
            38.897,
            47.508,
            45.88,
            34.205,
            28.071,
            14.765,
            7.0,
            55.227,
            12.806,
            23.087,
            22.023,
            0.0,
            14.318,
            40.608,
            17.205,
            29.155,
            24.042,
            3.162
        ],
        [
            47.011,
            2.828,
            15.811,
            17.117,
            44.643,
            26.907,
            37.643,
            46.141,
            17.029,
            42.544,
            42.202,
            15.297,
            21.633,
            36.249,
            41.037,
            37.202,
            30.414,
            35.735,
            1.0,
            8.485,
            51.313,
            6.403,
            9.055,
            23.022,
            14.318,
            0.0,
            36.359,
            4.123,
            14.866,
            16.401,
            17.464
        ],
        [
            39.85,
            33.615,
            42.802,
            25.239,
            13.892,
            38.601,
            5.385,
            9.849,
            48.166,
            6.325,
            30.676,
            28.284,
            33.615,
            4.472,
            9.055,
            14.213,
            6.403,
            30.15,
            37.216,
            35.355,
            15.0,
            42.438,
            33.526,
            19.698,
            40.608,
            36.359,
            0.0,
            39.357,
            36.346,
            20.125,
            42.438
        ],
        [
            51.078,
            6.083,
            18.358,
            21.213,
            48.27,
            30.61,
            40.224,
            49.193,
            18.248,
            45.618,
            46.325,
            15.652,
            25.554,
            39.56,
            43.417,
            38.949,
            33.615,
            39.85,
            3.162,
            12.207,
            54.203,
            6.0,
            8.544,
            27.0,
            17.205,
            4.123,
            39.357,
            0.0,
            13.038,
            19.235,
            20.248
        ],
        [
            58.249,
            13.892,
            30.676,
            27.203,
            48.042,
            40.608,
            35.44,
            45.891,
            31.257,
            42.579,
            51.884,
            8.062,
            34.713,
            38.013,
            37.696,
            31.385,
            32.0,
            46.325,
            14.56,
            22.825,
            50.0,
            19.026,
            6.403,
            30.871,
            29.155,
            14.866,
            36.346,
            13.038,
            0.0,
            18.439,
            32.311
        ],
        [
            41.725,
            13.601,
            26.249,
            12.649,
            30.067,
            28.862,
            21.26,
            29.967,
            30.414,
            26.401,
            34.409,
            11.18,
            22.561,
            20.616,
            24.759,
            21.932,
            14.56,
            29.698,
            17.205,
            17.464,
            34.986,
            22.672,
            14.036,
            13.454,
            24.042,
            16.401,
            20.125,
            19.235,
            18.439,
            0.0,
            26.683
        ],
        [
            36.125,
            18.682,
            2.236,
            17.205,
            45.607,
            13.153,
            45.651,
            51.088,
            8.062,
            47.634,
            34.525,
            31.257,
            11.705,
            40.46,
            49.649,
            48.384,
            36.056,
            27.459,
            17.889,
            10.05,
            56.851,
            15.556,
            26.249,
            23.345,
            3.162,
            17.464,
            42.438,
            20.248,
            32.311,
            26.683,
            0.0
        ]
    ],
    "distances_scv": [
        [
            0.0,
            0.15,
            0.15,
            0.15,
            0.15,
            0.15,
            0.15,
            0.15,
            0.15,
            0.15,
            0.15,
            0.15,
            0.15,
            0.15,
            0.15,
            0.15,
            0.15,
            0.15,
            0.15,
            0.15,
            0.15,
            0.15,
            0.15,
            0.15,
            0.15,
            0.15,
            0.15,
            0.15,
            0.15,
            0.15,
            0.15
        ],
        [
            0.15,
            0.0,
            0.15,
            0.15,
            0.15,
            0.15,
            0.15,
            0.15,
            0.15,
            0.15,
            0.15,
            0.15,
            0.15,
            0.15,
            0.15,
            0.15,
            0.15,
            0.15,
            0.15,
            0.15,
            0.15,
            0.15,
            0.15,
            0.15,
            0.15,
            0.15,
            0.15,
            0.15,
            0.15,
            0.15,
            0.15
        ],
        [
            0.15,
            0.15,
            0.0,
            0.15,
            0.15,
            0.15,
            0.15,
            0.15,
            0.15,
            0.15,
            0.15,
            0.15,
            0.15,
            0.15,
            0.15,
            0.15,
            0.15,
            0.15,
            0.15,
            0.15,
            0.15,
            0.15,
            0.15,
            0.15,
            0.15,
            0.15,
            0.15,
            0.15,
            0.15,
            0.15,
            0.15
        ],
        [
            0.15,
            0.15,
            0.15,
            0.0,
            0.15,
            0.15,
            0.15,
            0.15,
            0.15,
            0.15,
            0.15,
            0.15,
            0.15,
            0.15,
            0.15,
            0.15,
            0.15,
            0.15,
            0.15,
            0.15,
            0.15,
            0.15,
            0.15,
            0.15,
            0.15,
            0.15,
            0.15,
            0.15,
            0.15,
            0.15,
            0.15
        ],
        [
            0.15,
            0.15,
            0.15,
            0.15,
            0.0,
            0.15,
            0.15,
            0.15,
            0.15,
            0.15,
            0.15,
            0.15,
            0.15,
            0.15,
            0.15,
            0.15,
            0.15,
            0.15,
            0.15,
            0.15,
            0.15,
            0.15,
            0.15,
            0.15,
            0.15,
            0.15,
            0.15,
            0.15,
            0.15,
            0.15,
            0.15
        ],
        [
            0.15,
            0.15,
            0.15,
            0.15,
            0.15,
            0.0,
            0.15,
            0.15,
            0.15,
            0.15,
            0.15,
            0.15,
            0.15,
            0.15,
            0.15,
            0.15,
            0.15,
            0.15,
            0.15,
            0.15,
            0.15,
            0.15,
            0.15,
            0.15,
            0.15,
            0.15,
            0.15,
            0.15,
            0.15,
            0.15,
            0.15
        ],
        [
            0.15,
            0.15,
            0.15,
            0.15,
            0.15,
            0.15,
            0.0,
            0.15,
            0.15,
            0.15,
            0.15,
            0.15,
            0.15,
            0.15,
            0.15,
            0.15,
            0.15,
            0.15,
            0.15,
            0.15,
            0.15,
            0.15,
            0.15,
            0.15,
            0.15,
            0.15,
            0.15,
            0.15,
            0.15,
            0.15,
            0.15
        ],
        [
            0.15,
            0.15,
            0.15,
            0.15,
            0.15,
            0.15,
            0.15,
            0.0,
            0.15,
            0.15,
            0.15,
            0.15,
            0.15,
            0.15,
            0.15,
            0.15,
            0.15,
            0.15,
            0.15,
            0.15,
            0.15,
            0.15,
            0.15,
            0.15,
            0.15,
            0.15,
            0.15,
            0.15,
            0.15,
            0.15,
            0.15
        ],
        [
            0.15,
            0.15,
            0.15,
            0.15,
            0.15,
            0.15,
            0.15,
            0.15,
            0.0,
            0.15,
            0.15,
            0.15,
            0.15,
            0.15,
            0.15,
            0.15,
            0.15,
            0.15,
            0.15,
            0.15,
            0.15,
            0.15,
            0.15,
            0.15,
            0.15,
            0.15,
            0.15,
            0.15,
            0.15,
            0.15,
            0.15
        ],
        [
            0.15,
            0.15,
            0.15,
            0.15,
            0.15,
            0.15,
            0.15,
            0.15,
            0.15,
            0.0,
            0.15,
            0.15,
            0.15,
            0.15,
            0.15,
            0.15,
            0.15,
            0.15,
            0.15,
            0.15,
            0.15,
            0.15,
            0.15,
            0.15,
            0.15,
            0.15,
            0.15,
            0.15,
            0.15,
            0.15,
            0.15
        ],
        [
            0.15,
            0.15,
            0.15,
            0.15,
            0.15,
            0.15,
            0.15,
            0.15,
            0.15,
            0.15,
            0.0,
            0.15,
            0.15,
            0.15,
            0.15,
            0.15,
            0.15,
            0.15,
            0.15,
            0.15,
            0.15,
            0.15,
            0.15,
            0.15,
            0.15,
            0.15,
            0.15,
            0.15,
            0.15,
            0.15,
            0.15
        ],
        [
            0.15,
            0.15,
            0.15,
            0.15,
            0.15,
            0.15,
            0.15,
            0.15,
            0.15,
            0.15,
            0.15,
            0.0,
            0.15,
            0.15,
            0.15,
            0.15,
            0.15,
            0.15,
            0.15,
            0.15,
            0.15,
            0.15,
            0.15,
            0.15,
            0.15,
            0.15,
            0.15,
            0.15,
            0.15,
            0.15,
            0.15
        ],
        [
            0.15,
            0.15,
            0.15,
            0.15,
            0.15,
            0.15,
            0.15,
            0.15,
            0.15,
            0.15,
            0.15,
            0.15,
            0.0,
            0.15,
            0.15,
            0.15,
            0.15,
            0.15,
            0.15,
            0.15,
            0.15,
            0.15,
            0.15,
            0.15,
            0.15,
            0.15,
            0.15,
            0.15,
            0.15,
            0.15,
            0.15
        ],
        [
            0.15,
            0.15,
            0.15,
            0.15,
            0.15,
            0.15,
            0.15,
            0.15,
            0.15,
            0.15,
            0.15,
            0.15,
            0.15,
            0.0,
            0.15,
            0.15,
            0.15,
            0.15,
            0.15,
            0.15,
            0.15,
            0.15,
            0.15,
            0.15,
            0.15,
            0.15,
            0.15,
            0.15,
            0.15,
            0.15,
            0.15
        ],
        [
            0.15,
            0.15,
            0.15,
            0.15,
            0.15,
            0.15,
            0.15,
            0.15,
            0.15,
            0.15,
            0.15,
            0.15,
            0.15,
            0.15,
            0.0,
            0.15,
            0.15,
            0.15,
            0.15,
            0.15,
            0.15,
            0.15,
            0.15,
            0.15,
            0.15,
            0.15,
            0.15,
            0.15,
            0.15,
            0.15,
            0.15
        ],
        [
            0.15,
            0.15,
            0.15,
            0.15,
            0.15,
            0.15,
            0.15,
            0.15,
            0.15,
            0.15,
            0.15,
            0.15,
            0.15,
            0.15,
            0.15,
            0.0,
            0.15,
            0.15,
            0.15,
            0.15,
            0.15,
            0.15,
            0.15,
            0.15,
            0.15,
            0.15,
            0.15,
            0.15,
            0.15,
            0.15,
            0.15
        ],
        [
            0.15,
            0.15,
            0.15,
            0.15,
            0.15,
            0.15,
            0.15,
            0.15,
            0.15,
            0.15,
            0.15,
            0.15,
            0.15,
            0.15,
            0.15,
            0.15,
            0.0,
            0.15,
            0.15,
            0.15,
            0.15,
            0.15,
            0.15,
            0.15,
            0.15,
            0.15,
            0.15,
            0.15,
            0.15,
            0.15,
            0.15
        ],
        [
            0.15,
            0.15,
            0.15,
            0.15,
            0.15,
            0.15,
            0.15,
            0.15,
            0.15,
            0.15,
            0.15,
            0.15,
            0.15,
            0.15,
            0.15,
            0.15,
            0.15,
            0.0,
            0.15,
            0.15,
            0.15,
            0.15,
            0.15,
            0.15,
            0.15,
            0.15,
            0.15,
            0.15,
            0.15,
            0.15,
            0.15
        ],
        [
            0.15,
            0.15,
            0.15,
            0.15,
            0.15,
            0.15,
            0.15,
            0.15,
            0.15,
            0.15,
            0.15,
            0.15,
            0.15,
            0.15,
            0.15,
            0.15,
            0.15,
            0.15,
            0.0,
            0.15,
            0.15,
            0.15,
            0.15,
            0.15,
            0.15,
            0.15,
            0.15,
            0.15,
            0.15,
            0.15,
            0.15
        ],
        [
            0.15,
            0.15,
            0.15,
            0.15,
            0.15,
            0.15,
            0.15,
            0.15,
            0.15,
            0.15,
            0.15,
            0.15,
            0.15,
            0.15,
            0.15,
            0.15,
            0.15,
            0.15,
            0.15,
            0.0,
            0.15,
            0.15,
            0.15,
            0.15,
            0.15,
            0.15,
            0.15,
            0.15,
            0.15,
            0.15,
            0.15
        ],
        [
            0.15,
            0.15,
            0.15,
            0.15,
            0.15,
            0.15,
            0.15,
            0.15,
            0.15,
            0.15,
            0.15,
            0.15,
            0.15,
            0.15,
            0.15,
            0.15,
            0.15,
            0.15,
            0.15,
            0.15,
            0.0,
            0.15,
            0.15,
            0.15,
            0.15,
            0.15,
            0.15,
            0.15,
            0.15,
            0.15,
            0.15
        ],
        [
            0.15,
            0.15,
            0.15,
            0.15,
            0.15,
            0.15,
            0.15,
            0.15,
            0.15,
            0.15,
            0.15,
            0.15,
            0.15,
            0.15,
            0.15,
            0.15,
            0.15,
            0.15,
            0.15,
            0.15,
            0.15,
            0.0,
            0.15,
            0.15,
            0.15,
            0.15,
            0.15,
            0.15,
            0.15,
            0.15,
            0.15
        ],
        [
            0.15,
            0.15,
            0.15,
            0.15,
            0.15,
            0.15,
            0.15,
            0.15,
            0.15,
            0.15,
            0.15,
            0.15,
            0.15,
            0.15,
            0.15,
            0.15,
            0.15,
            0.15,
            0.15,
            0.15,
            0.15,
            0.15,
            0.0,
            0.15,
            0.15,
            0.15,
            0.15,
            0.15,
            0.15,
            0.15,
            0.15
        ],
        [
            0.15,
            0.15,
            0.15,
            0.15,
            0.15,
            0.15,
            0.15,
            0.15,
            0.15,
            0.15,
            0.15,
            0.15,
            0.15,
            0.15,
            0.15,
            0.15,
            0.15,
            0.15,
            0.15,
            0.15,
            0.15,
            0.15,
            0.15,
            0.0,
            0.15,
            0.15,
            0.15,
            0.15,
            0.15,
            0.15,
            0.15
        ],
        [
            0.15,
            0.15,
            0.15,
            0.15,
            0.15,
            0.15,
            0.15,
            0.15,
            0.15,
            0.15,
            0.15,
            0.15,
            0.15,
            0.15,
            0.15,
            0.15,
            0.15,
            0.15,
            0.15,
            0.15,
            0.15,
            0.15,
            0.15,
            0.15,
            0.0,
            0.15,
            0.15,
            0.15,
            0.15,
            0.15,
            0.15
        ],
        [
            0.15,
            0.15,
            0.15,
            0.15,
            0.15,
            0.15,
            0.15,
            0.15,
            0.15,
            0.15,
            0.15,
            0.15,
            0.15,
            0.15,
            0.15,
            0.15,
            0.15,
            0.15,
            0.15,
            0.15,
            0.15,
            0.15,
            0.15,
            0.15,
            0.15,
            0.0,
            0.15,
            0.15,
            0.15,
            0.15,
            0.15
        ],
        [
            0.15,
            0.15,
            0.15,
            0.15,
            0.15,
            0.15,
            0.15,
            0.15,
            0.15,
            0.15,
            0.15,
            0.15,
            0.15,
            0.15,
            0.15,
            0.15,
            0.15,
            0.15,
            0.15,
            0.15,
            0.15,
            0.15,
            0.15,
            0.15,
            0.15,
            0.15,
            0.0,
            0.15,
            0.15,
            0.15,
            0.15
        ],
        [
            0.15,
            0.15,
            0.15,
            0.15,
            0.15,
            0.15,
            0.15,
            0.15,
            0.15,
            0.15,
            0.15,
            0.15,
            0.15,
            0.15,
            0.15,
            0.15,
            0.15,
            0.15,
            0.15,
            0.15,
            0.15,
            0.15,
            0.15,
            0.15,
            0.15,
            0.15,
            0.15,
            0.0,
            0.15,
            0.15,
            0.15
        ],
        [
            0.15,
            0.15,
            0.15,
            0.15,
            0.15,
            0.15,
            0.15,
            0.15,
            0.15,
            0.15,
            0.15,
            0.15,
            0.15,
            0.15,
            0.15,
            0.15,
            0.15,
            0.15,
            0.15,
            0.15,
            0.15,
            0.15,
            0.15,
            0.15,
            0.15,
            0.15,
            0.15,
            0.15,
            0.0,
            0.15,
            0.15
        ],
        [
            0.15,
            0.15,
            0.15,
            0.15,
            0.15,
            0.15,
            0.15,
            0.15,
            0.15,
            0.15,
            0.15,
            0.15,
            0.15,
            0.15,
            0.15,
            0.15,
            0.15,
            0.15,
            0.15,
            0.15,
            0.15,
            0.15,
            0.15,
            0.15,
            0.15,
            0.15,
            0.15,
            0.15,
            0.15,
            0.0,
            0.15
        ],
        [
            0.15,
            0.15,
            0.15,
            0.15,
            0.15,
            0.15,
            0.15,
            0.15,
            0.15,
            0.15,
            0.15,
            0.15,
            0.15,
            0.15,
            0.15,
            0.15,
            0.15,
            0.15,
            0.15,
            0.15,
            0.15,
            0.15,
            0.15,
            0.15,
            0.15,
            0.15,
            0.15,
            0.15,
            0.15,
            0.15,
            0.0
        ]
    ],
    "service_scv": [
        0.0,
        0.659,
        1.427,
        1.396,
        1.383,
        1.354,
        1.131,
        0.824,
        1.088,
        1.029,
        1.291,
        1.37,
        0.523,
        1.331,
        0.924,
        1.287,
        0.831,
        0.674,
        1.045,
        0.765,
        1.17,
        1.232,
        0.843,
        1.428,
        0.543,
        1.272,
        0.915,
        1.358,
        1.41,
        0.684,
        0.901
    ],
    "service": [
        0,
        40,
        33,
        32,
        51,
        43,
        33,
        38,
        45,
        49,
        37,
        32,
        32,
        40,
        44,
        57,
        56,
        50,
        51,
        58,
        55,
        41,
        60,
        51,
        58,
        58,
        42,
        51,
        38,
        57,
        53
    ]
}
