{
    "coords": [
        [
            0,
            0
        ],
        [
            1,
            40
        ],
        [
            23,
            25
        ],
        [
            31,
            14
        ],
        [
            48,
            2
        ],
        [
            13,
            19
        ],
        [
            28,
            20
        ],
        [
            6,
            2
        ],
        [
            0,
            2
        ],
        [
            7,
            49
        ],
        [
            9,
            32
        ],
        [
            37,
            11
        ],
        [
            14,
            21
        ],
        [
            13,
            48
        ],
        [
            8,
            44
        ],
        [
            39,
            42
        ],
        [
            5,
            19
        ],
        [
            31,
            24
        ],
        [
            33,
            33
        ],
        [
            33,
            3
        ],
        [
            47,
            27
        ],
        [
            45,
            13
        ],
        [
            18,
            43
        ],
        [
            9,
            3
        ],
        [
            18,
            33
        ],
        [
            6,
            43
        ],
        [
            17,
            11
        ],
        [
            27,
            44
        ],
        [
            44,
            43
        ],
        [
            15,
            0
        ],
        [
            38,
            35
        ]
    ],
    "dimension": 31,
    "distances": [
        [
            0.0,
            40.012,
            33.971,
            34.015,
            48.042,
            23.022,
            34.409,
            6.325,
            2.0,
            49.497,
            33.242,
            38.601,
            25.239,
            49.729,
            44.721,
            57.315,
            19.647,
            39.205,
            46.669,
            33.136,
            54.203,
            46.84,
            46.615,
            9.487,
            37.59,
            43.417,
            20.248,
            51.624,
            61.522,
            15.0,
            51.662
        ],
        [
            40.012,
            0.0,
            26.627,
            39.699,
            60.44,
            24.187,
            33.601,
            38.328,
            38.013,
            10.817,
            11.314,
            46.228,
            23.022,
            14.422,
            8.062,
            38.053,
            21.378,
            34.0,
            32.757,
            48.918,
            47.802,
            51.624,
            17.263,
            37.855,
            18.385,
            5.831,
            33.121,
            26.306,
            43.105,
            42.379,
            37.336
        ],
        [
            33.971,
            26.627,
            0.0,
            13.601,
            33.971,
            11.662,
            7.071,
            28.601,
            32.527,
            28.844,
            15.652,
            19.799,
            9.849,
            25.08,
            24.207,
            23.345,
            18.974,
            8.062,
            12.806,
            24.166,
            24.083,
            25.06,
            18.682,
            26.077,
            9.434,
            24.759,
            15.232,
            19.416,
            27.659,
            26.249,
            18.028
        ],
        [
            34.015,
            39.699,
            13.601,
            0.0,
            20.809,
            18.682,
            6.708,
            27.731,
            33.242,
            42.438,
            28.425,
            6.708,
            18.385,
            38.471,
            37.802,
            29.12,
            26.476,
            10.0,
            19.105,
            11.18,
            20.616,
            14.036,
            31.78,
            24.597,
            23.022,
            38.288,
            14.318,
            30.265,
            31.78,
            21.26,
            22.136
        ],
        [
            48.042,
            60.44,
            33.971,
            20.809,
            0.0,
            38.91,
            26.907,
            42.0,
            48.0,
            62.37,
            49.204,
            14.213,
            38.949,
            57.801,
            58.0,
            41.0,
            46.239,
            27.803,
            34.438,
            15.033,
            25.02,
            11.402,
            50.804,
            39.013,
            43.139,
            58.694,
            32.28,
            46.957,
            41.195,
            33.061,
            34.482
        ],
        [
            23.022,
            24.187,
            11.662,
            18.682,
            38.91,
            0.0,
            15.033,
            18.385,
            21.401,
            30.594,
            13.601,
            25.298,
            2.236,
            29.0,
            25.495,
            34.713,
            8.0,
            18.682,
            24.413,
            25.612,
            34.928,
            32.558,
            24.515,
            16.492,
            14.866,
            25.0,
            8.944,
            28.653,
            39.205,
            19.105,
            29.682
        ],
        [
            34.409,
            33.601,
            7.071,
            6.708,
            26.907,
            15.033,
            0.0,
            28.425,
            33.287,
            35.805,
            22.472,
            12.728,
            14.036,
            31.765,
            31.241,
            24.597,
            23.022,
            5.0,
            13.928,
            17.72,
            20.248,
            18.385,
            25.08,
            25.495,
            16.401,
            31.828,
            14.213,
            24.021,
            28.018,
            23.854,
            18.028
        ],
        [
            6.325,
            38.328,
            28.601,
            27.731,
            42.0,
            18.385,
            28.425,
            0.0,
            6.0,
            47.011,
            30.15,
            32.28,
            20.616,
            46.53,
            42.048,
            51.856,
            17.029,
            33.302,
            41.11,
            27.019,
            48.021,
            40.522,
            42.72,
            3.162,
            33.242,
            41.0,
            14.213,
            46.957,
            55.902,
            9.22,
            45.967
        ],
        [
            2.0,
            38.013,
            32.527,
            33.242,
            48.0,
            21.401,
            33.287,
            6.0,
            0.0,
            47.518,
            31.321,
            38.079,
            23.601,
            47.802,
            42.755,
            55.866,
            17.72,
            38.013,
            45.277,
            33.015,
            53.235,
            46.325,
            44.777,
            9.055,
            35.847,
            41.437,
            19.235,
            49.93,
            60.141,
            15.133,
            50.329
        ],
        [
            49.497,
            10.817,
            28.844,
            42.438,
            62.37,
            30.594,
            35.805,
            47.011,
            47.518,
            0.0,
            17.117,
            48.415,
            28.862,
            6.083,
            5.099,
            32.757,
            30.067,
            34.655,
            30.529,
            52.839,
            45.651,
            52.345,
            12.53,
            46.043,
            19.416,
            6.083,
            39.294,
            20.616,
            37.483,
            49.649,
            34.015
        ],
        [
            33.242,
            11.314,
            15.652,
            28.425,
            49.204,
            13.601,
            22.472,
            30.15,
            31.321,
            17.117,
            0.0,
            35.0,
            12.083,
            16.492,
            12.042,
            31.623,
            13.601,
            23.409,
            24.021,
            37.643,
            38.328,
            40.706,
            14.213,
            29.0,
            9.055,
            11.402,
            22.472,
            21.633,
            36.688,
            32.558,
            29.155
        ],
        [
            38.601,
            46.228,
            19.799,
            6.708,
            14.213,
            25.298,
            12.728,
            32.28,
            38.079,
            48.415,
            35.0,
            0.0,
            25.08,
            44.102,
            43.932,
            31.064,
            32.985,
            14.318,
            22.361,
            8.944,
            18.868,
            8.246,
            37.216,
            29.12,
            29.069,
            44.553,
            20.0,
            34.482,
            32.757,
            24.597,
            24.021
        ],
        [
            25.239,
            23.022,
            9.849,
            18.385,
            38.949,
            2.236,
            14.036,
            20.616,
            23.601,
            28.862,
            12.083,
            25.08,
            0.0,
            27.019,
            23.77,
            32.65,
            9.22,
            17.263,
            22.472,
            26.173,
            33.541,
            32.016,
            22.361,
            18.682,
            12.649,
            23.409,
            10.44,
            26.42,
            37.202,
            21.024,
            27.785
        ],
        [
            49.729,
            14.422,
            25.08,
            38.471,
            57.801,
            29.0,
            31.765,
            46.53,
            47.802,
            6.083,
            16.492,
            44.102,
            27.019,
            0.0,
            6.403,
            26.683,
            30.083,
            30.0,
            25.0,
            49.244,
            39.962,
            47.424,
            7.071,
            45.177,
            15.811,
            8.602,
            37.216,
            14.56,
            31.401,
            48.042,
            28.178
        ],
        [
            44.721,
            8.062,
            24.207,
            37.802,
            58.0,
            25.495,
            31.241,
            42.048,
            42.755,
            5.099,
            12.042,
            43.932,
            23.77,
            6.403,
            0.0,
            31.064,
            25.179,
            30.48,
            27.313,
            48.021,
            42.544,
            48.27,
            10.05,
            41.012,
            14.866,
            2.236,
            34.205,
            19.0,
            36.014,
            44.553,
            31.321
        ],
        [
            57.315,
            38.053,
            23.345,
            29.12,
            41.0,
            34.713,
            24.597,
            51.856,
            55.866,
            32.757,
            31.623,
            31.064,
            32.65,
            26.683,
            31.064,
            0.0,
            41.049,
            19.698,
            10.817,
            39.459,
            17.0,
            29.614,
            21.024,
            49.204,
            22.847,
            33.015,
            38.013,
            12.166,
            5.099,
            48.374,
            7.071
        ],
        [
            19.647,
            21.378,
            18.974,
            26.476,
            46.239,
            8.0,
            23.022,
            17.029,
            17.72,
            30.067,
            13.601,
            32.985,
            9.22,
            30.083,
            25.179,
            41.049,
            0.0,
            26.476,
            31.305,
            32.249,
            42.755,
            40.447,
            27.295,
            16.492,
            19.105,
            24.021,
            14.422,
            33.302,
            45.793,
            21.471,
            36.674
        ],
        [
            39.205,
            34.0,
            8.062,
            10.0,
            27.803,
            18.682,
            5.0,
            33.302,
            38.013,
            34.655,
            23.409,
            14.318,
            17.263,
            30.0,
            30.48,
            19.698,
            26.476,
            0.0,
            9.22,
            21.095,
            16.279,
            17.804,
            23.022,
            30.414,
            15.811,
            31.401,
            19.105,
            20.396,
            23.022,
            28.844,
            13.038
        ],
        [
            46.669,
            32.757,
            12.806,
            19.105,
            34.438,
            24.413,
            13.928,
            41.11,
            45.277,
            30.529,
            24.021,
            22.361,
            22.472,
            25.0,
            27.313,
            10.817,
            31.305,
            9.22,
            0.0,
            30.0,
            15.232,
            23.324,
            18.028,
            38.419,
            15.0,
            28.792,
            27.203,
            12.53,
            14.866,
            37.59,
            5.385
        ],
        [
            33.136,
            48.918,
            24.166,
            11.18,
            15.033,
            25.612,
            17.72,
            27.019,
            33.015,
            52.839,
            37.643,
            8.944,
            26.173,
            49.244,
            48.021,
            39.459,
            32.249,
            21.095,
            30.0,
            0.0,
            27.785,
            15.62,
            42.72,
            24.0,
            33.541,
            48.26,
            17.889,
            41.437,
            41.485,
            18.248,
            32.388
        ],
        [
            54.203,
            47.802,
            24.083,
            20.616,
            25.02,
            34.928,
            20.248,
            48.021,
            53.235,
            45.651,
            38.328,
            18.868,
            33.541,
            39.962,
            42.544,
            17.0,
            42.755,
            16.279,
            15.232,
            27.785,
            0.0,
            14.142,
            33.121,
            44.944,
            29.614,
            44.011,
            34.0,
            26.249,
            16.279,
            41.869,
            12.042
        ],
        [
            46.84,
            51.624,
            25.06,
            14.036,
            11.402,
            32.558,
            18.385,
            40.522,
            46.325,
            52.345,
            40.706,
            8.246,
            32.016,
            47.424,
            48.27,
            29.614,
            40.447,
            17.804,
            23.324,
            15.62,
            14.142,
            0.0,
            40.361,
            37.363,
            33.601,
            49.204,
            28.071,
            35.847,
            30.017,
            32.696,
            23.087
        ],
        [
            46.615,
            17.263,
            18.682,
            31.78,
            50.804,
            24.515,
            25.08,
            42.72,
            44.777,
            12.53,
            14.213,
            37.216,
            22.361,
            7.071,
            10.05,
            21.024,
            27.295,
            23.022,
            18.028,
            42.72,
            33.121,
            40.361,
            0.0,
            41.0,
            10.0,
            12.0,
            32.016,
            9.055,
            26.0,
            43.105,
            21.541
        ],
        [
            9.487,
            37.855,
            26.077,
            24.597,
            39.013,
            16.492,
            25.495,
            3.162,
            9.055,
            46.043,
            29.0,
            29.12,
            18.682,
            45.177,
            41.012,
            49.204,
            16.492,
            30.414,
            38.419,
            24.0,
            44.944,
            37.363,
            41.0,
            0.0,
            31.321,
            40.112,
            11.314,
            44.777,
            53.151,
            6.708,
            43.186
        ],
        [
            37.59,
            18.385,
            9.434,
            23.022,
            43.139,
            14.866,
            16.401,
            33.242,
            35.847,
            19.416,
            9.055,
            29.069,
            12.649,
            15.811,
            14.866,
            22.847,
            19.105,
            15.811,
            15.0,
            33.541,
            29.614,
            33.601,
            10.0,
            31.321,
            0.0,
            15.62,
            22.023,
            14.213,
            27.857,
            33.136,
            20.1
        ],
        [
            43.417,
            5.831,
            24.759,
            38.288,
            58.694,
            25.0,
            31.828,
            41.0,
            41.437,
            6.083,
            11.402,
            44.553,
            23.409,
            8.602,
            2.236,
            33.015,
            24.021,
            31.401,
            28.792,
            48.26,
            44.011,
            49.204,
            12.0,
            40.112,
            15.62,
            0.0,
            33.838,
            21.024,
            38.0,
            43.932,
            32.985
        ],
        [
            20.248,
            33.121,
            15.232,
            14.318,
            32.28,
            8.944,
            14.213,
            14.213,
            19.235,
            39.294,
            22.472,
            20.0,
            10.44,
            37.216,
            34.205,
            38.013,
            14.422,
            19.105,
            27.203,
            17.889,
            34.0,
            28.071,
            32.016,
            11.314,
            22.023,
            33.838,
            0.0,
            34.482,
            41.869,
            11.18,
            31.89
        ],
        [
            51.624,
            26.306,
            19.416,
            30.265,
            46.957,
            28.653,
            24.021,
            46.957,
            49.93,
            20.616,
            21.633,
            34.482,
            26.42,
            14.56,
            19.0,
            12.166,
            33.302,
            20.396,
            12.53,
            41.437,
            26.249,
            35.847,
            9.055,
            44.777,
            14.213,
            21.024,
            34.482,
            0.0,
            17.029,
            45.607,
            14.213
        ],
        [
            61.522,
            43.105,
            27.659,
            31.78,
            41.195,
            39.205,
            28.018,
            55.902,
            60.141,
            37.483,
            36.688,
            32.757,
            37.202,
            31.401,
            36.014,
            5.099,
            45.793,
            23.022,
            14.866,
            41.485,
            16.279,
            30.017,
            26.0,
            53.151,
            27.857,
            38.0,
            41.869,
            17.029,
            0.0,
            51.865,
            10.0
        ],
        [
            15.0,
            42.379,
            26.249,
            21.26,
            33.061,
            19.105,
            23.854,
            9.22,
            15.133,
            49.649,
            32.558,
            24.597,
            21.024,
            48.042,
            44.553,
            48.374,
            21.471,
            28.844,
            37.59,
            18.248,
            41.869,
            32.696,
            43.105,
            6.708,
            33.136,
            43.932,
            11.18,
            45.607,
            51.865,
            0.0,
            41.881
        ],
        [
            51.662,
            37.336,
            18.028,
            22.136,
            34.482,
            29.682,
            18.028,
            45.967,
            50.329,
            34.015,
            29.155,
            24.021,
            27.785,
            28.178,
            31.321,
            7.071,
            36.674,
            13.038,
            5.385,
            32.388,
            12.042,
            23.087,
            21.541,
            43.186,
            20.1,
            32.985,
            31.89,
            14.213,
            10.0,
            41.881,
            0.0
        ]
    ],
    "distances_scv": [
        [
            0.0,
            0.15,
            0.15,
            0.15,
            0.15,
            0.15,
            0.15,
            0.15,
            0.15,
            0.15,
            0.15,
            0.15,
            0.15,
            0.15,
            0.15,
            0.15,
            0.15,
            0.15,
            0.15,
            0.15,
            0.15,
            0.15,
            0.15,
            0.15,
            0.15,
            0.15,
            0.15,
            0.15,
            0.15,
            0.15,
            0.15
        ],
        [
            0.15,
            0.0,
            0.15,
            0.15,
            0.15,
            0.15,
            0.15,
            0.15,
            0.15,
            0.15,
            0.15,
            0.15,
            0.15,
            0.15,
            0.15,
            0.15,
            0.15,
            0.15,
            0.15,
            0.15,
            0.15,
            0.15,
            0.15,
            0.15,
            0.15,
            0.15,
            0.15,
            0.15,
            0.15,
            0.15,
            0.15
        ],
        [
            0.15,
            0.15,
            0.0,
            0.15,
            0.15,
            0.15,
            0.15,
            0.15,
            0.15,
            0.15,
            0.15,
            0.15,
            0.15,
            0.15,
            0.15,
            0.15,
            0.15,
            0.15,
            0.15,
            0.15,
            0.15,
            0.15,
            0.15,
            0.15,
            0.15,
            0.15,
            0.15,
            0.15,
            0.15,
            0.15,
            0.15
        ],
        [
            0.15,
            0.15,
            0.15,
            0.0,
            0.15,
            0.15,
            0.15,
            0.15,
            0.15,
            0.15,
            0.15,
            0.15,
            0.15,
            0.15,
            0.15,
            0.15,
            0.15,
            0.15,
            0.15,
            0.15,
            0.15,
            0.15,
            0.15,
            0.15,
            0.15,
            0.15,
            0.15,
            0.15,
            0.15,
            0.15,
            0.15
        ],
        [
            0.15,
            0.15,
            0.15,
            0.15,
            0.0,
            0.15,
            0.15,
            0.15,
            0.15,
            0.15,
            0.15,
            0.15,
            0.15,
            0.15,
            0.15,
            0.15,
            0.15,
            0.15,
            0.15,
            0.15,
            0.15,
            0.15,
            0.15,
            0.15,
            0.15,
            0.15,
            0.15,
            0.15,
            0.15,
            0.15,
            0.15
        ],
        [
            0.15,
            0.15,
            0.15,
            0.15,
            0.15,
            0.0,
            0.15,
            0.15,
            0.15,
            0.15,
            0.15,
            0.15,
            0.15,
            0.15,
            0.15,
            0.15,
            0.15,
            0.15,
            0.15,
            0.15,
            0.15,
            0.15,
            0.15,
            0.15,
            0.15,
            0.15,
            0.15,
            0.15,
            0.15,
            0.15,
            0.15
        ],
        [
            0.15,
            0.15,
            0.15,
            0.15,
            0.15,
            0.15,
            0.0,
            0.15,
            0.15,
            0.15,
            0.15,
            0.15,
            0.15,
            0.15,
            0.15,
            0.15,
            0.15,
            0.15,
            0.15,
            0.15,
            0.15,
            0.15,
            0.15,
            0.15,
            0.15,
            0.15,
            0.15,
            0.15,
            0.15,
            0.15,
            0.15
        ],
        [
            0.15,
            0.15,
            0.15,
            0.15,
            0.15,
            0.15,
            0.15,
            0.0,
            0.15,
            0.15,
            0.15,
            0.15,
            0.15,
            0.15,
            0.15,
            0.15,
            0.15,
            0.15,
            0.15,
            0.15,
            0.15,
            0.15,
            0.15,
            0.15,
            0.15,
            0.15,
            0.15,
            0.15,
            0.15,
            0.15,
            0.15
        ],
        [
            0.15,
            0.15,
            0.15,
            0.15,
            0.15,
            0.15,
            0.15,
            0.15,
            0.0,
            0.15,
            0.15,
            0.15,
            0.15,
            0.15,
            0.15,
            0.15,
            0.15,
            0.15,
            0.15,
            0.15,
            0.15,
            0.15,
            0.15,
            0.15,
            0.15,
            0.15,
            0.15,
            0.15,
            0.15,
            0.15,
            0.15
        ],
        [
            0.15,
            0.15,
            0.15,
            0.15,
            0.15,
            0.15,
            0.15,
            0.15,
            0.15,
            0.0,
            0.15,
            0.15,
            0.15,
            0.15,
            0.15,
            0.15,
            0.15,
            0.15,
            0.15,
            0.15,
            0.15,
            0.15,
            0.15,
            0.15,
            0.15,
            0.15,
            0.15,
            0.15,
            0.15,
            0.15,
            0.15
        ],
        [
            0.15,
            0.15,
            0.15,
            0.15,
            0.15,
            0.15,
            0.15,
            0.15,
            0.15,
            0.15,
            0.0,
            0.15,
            0.15,
            0.15,
            0.15,
            0.15,
            0.15,
            0.15,
            0.15,
            0.15,
            0.15,
            0.15,
            0.15,
            0.15,
            0.15,
            0.15,
            0.15,
            0.15,
            0.15,
            0.15,
            0.15
        ],
        [
            0.15,
            0.15,
            0.15,
            0.15,
            0.15,
            0.15,
            0.15,
            0.15,
            0.15,
            0.15,
            0.15,
            0.0,
            0.15,
            0.15,
            0.15,
            0.15,
            0.15,
            0.15,
            0.15,
            0.15,
            0.15,
            0.15,
            0.15,
            0.15,
            0.15,
            0.15,
            0.15,
            0.15,
            0.15,
            0.15,
            0.15
        ],
        [
            0.15,
            0.15,
            0.15,
            0.15,
            0.15,
            0.15,
            0.15,
            0.15,
            0.15,
            0.15,
            0.15,
            0.15,
            0.0,
            0.15,
            0.15,
            0.15,
            0.15,
            0.15,
            0.15,
            0.15,
            0.15,
            0.15,
            0.15,
            0.15,
            0.15,
            0.15,
            0.15,
            0.15,
            0.15,
            0.15,
            0.15
        ],
        [
            0.15,
            0.15,
            0.15,
            0.15,
            0.15,
            0.15,
            0.15,
            0.15,
            0.15,
            0.15,
            0.15,
            0.15,
            0.15,
            0.0,
            0.15,
            0.15,
            0.15,
            0.15,
            0.15,
            0.15,
            0.15,
            0.15,
            0.15,
            0.15,
            0.15,
            0.15,
            0.15,
            0.15,
            0.15,
            0.15,
            0.15
        ],
        [
            0.15,
            0.15,
            0.15,
            0.15,
            0.15,
            0.15,
            0.15,
            0.15,
            0.15,
            0.15,
            0.15,
            0.15,
            0.15,
            0.15,
            0.0,
            0.15,
            0.15,
            0.15,
            0.15,
            0.15,
            0.15,
            0.15,
            0.15,
            0.15,
            0.15,
            0.15,
            0.15,
            0.15,
            0.15,
            0.15,
            0.15
        ],
        [
            0.15,
            0.15,
            0.15,
            0.15,
            0.15,
            0.15,
            0.15,
            0.15,
            0.15,
            0.15,
            0.15,
            0.15,
            0.15,
            0.15,
            0.15,
            0.0,
            0.15,
            0.15,
            0.15,
            0.15,
            0.15,
            0.15,
            0.15,
            0.15,
            0.15,
            0.15,
            0.15,
            0.15,
            0.15,
            0.15,
            0.15
        ],
        [
            0.15,
            0.15,
            0.15,
            0.15,
            0.15,
            0.15,
            0.15,
            0.15,
            0.15,
            0.15,
            0.15,
            0.15,
            0.15,
            0.15,
            0.15,
            0.15,
            0.0,
            0.15,
            0.15,
            0.15,
            0.15,
            0.15,
            0.15,
            0.15,
            0.15,
            0.15,
            0.15,
            0.15,
            0.15,
            0.15,
            0.15
        ],
        [
            0.15,
            0.15,
            0.15,
            0.15,
            0.15,
            0.15,
            0.15,
            0.15,
            0.15,
            0.15,
            0.15,
            0.15,
            0.15,
            0.15,
            0.15,
            0.15,
            0.15,
            0.0,
            0.15,
            0.15,
            0.15,
            0.15,
            0.15,
            0.15,
            0.15,
            0.15,
            0.15,
            0.15,
            0.15,
            0.15,
            0.15
        ],
        [
            0.15,
            0.15,
            0.15,
            0.15,
            0.15,
            0.15,
            0.15,
            0.15,
            0.15,
            0.15,
            0.15,
            0.15,
            0.15,
            0.15,
            0.15,
            0.15,
            0.15,
            0.15,
            0.0,
            0.15,
            0.15,
            0.15,
            0.15,
            0.15,
            0.15,
            0.15,
            0.15,
            0.15,
            0.15,
            0.15,
            0.15
        ],
        [
            0.15,
            0.15,
            0.15,
            0.15,
            0.15,
            0.15,
            0.15,
            0.15,
            0.15,
            0.15,
            0.15,
            0.15,
            0.15,
            0.15,
            0.15,
            0.15,
            0.15,
            0.15,
            0.15,
            0.0,
            0.15,
            0.15,
            0.15,
            0.15,
            0.15,
            0.15,
            0.15,
            0.15,
            0.15,
            0.15,
            0.15
        ],
        [
            0.15,
            0.15,
            0.15,
            0.15,
            0.15,
            0.15,
            0.15,
            0.15,
            0.15,
            0.15,
            0.15,
            0.15,
            0.15,
            0.15,
            0.15,
            0.15,
            0.15,
            0.15,
            0.15,
            0.15,
            0.0,
            0.15,
            0.15,
            0.15,
            0.15,
            0.15,
            0.15,
            0.15,
            0.15,
            0.15,
            0.15
        ],
        [
            0.15,
            0.15,
            0.15,
            0.15,
            0.15,
            0.15,
            0.15,
            0.15,
            0.15,
            0.15,
            0.15,
            0.15,
            0.15,
            0.15,
            0.15,
            0.15,
            0.15,
            0.15,
            0.15,
            0.15,
            0.15,
            0.0,
            0.15,
            0.15,
            0.15,
            0.15,
            0.15,
            0.15,
            0.15,
            0.15,
            0.15
        ],
        [
            0.15,
            0.15,
            0.15,
            0.15,
            0.15,
            0.15,
            0.15,
            0.15,
            0.15,
            0.15,
            0.15,
            0.15,
            0.15,
            0.15,
            0.15,
            0.15,
            0.15,
            0.15,
            0.15,
            0.15,
            0.15,
            0.15,
            0.0,
            0.15,
            0.15,
            0.15,
            0.15,
            0.15,
            0.15,
            0.15,
            0.15
        ],
        [
            0.15,
            0.15,
            0.15,
            0.15,
            0.15,
            0.15,
            0.15,
            0.15,
            0.15,
            0.15,
            0.15,
            0.15,
            0.15,
            0.15,
            0.15,
            0.15,
            0.15,
            0.15,
            0.15,
            0.15,
            0.15,
            0.15,
            0.15,
            0.0,
            0.15,
            0.15,
            0.15,
            0.15,
            0.15,
            0.15,
            0.15
        ],
        [
            0.15,
            0.15,
            0.15,
            0.15,
            0.15,
            0.15,
            0.15,
            0.15,
            0.15,
            0.15,
            0.15,
            0.15,
            0.15,
            0.15,
            0.15,
            0.15,
            0.15,
            0.15,
            0.15,
            0.15,
            0.15,
            0.15,
            0.15,
            0.15,
            0.0,
            0.15,
            0.15,
            0.15,
            0.15,
            0.15,
            0.15
        ],
        [
            0.15,
            0.15,
            0.15,
            0.15,
            0.15,
            0.15,
            0.15,
            0.15,
            0.15,
            0.15,
            0.15,
            0.15,
            0.15,
            0.15,
            0.15,
            0.15,
            0.15,
            0.15,
            0.15,
            0.15,
            0.15,
            0.15,
            0.15,
            0.15,
            0.15,
            0.0,
            0.15,
            0.15,
            0.15,
            0.15,
            0.15
        ],
        [
            0.15,
            0.15,
            0.15,
            0.15,
            0.15,
            0.15,
            0.15,
            0.15,
            0.15,
            0.15,
            0.15,
            0.15,
            0.15,
            0.15,
            0.15,
            0.15,
            0.15,
            0.15,
            0.15,
            0.15,
            0.15,
            0.15,
            0.15,
            0.15,
            0.15,
            0.15,
            0.0,
            0.15,
            0.15,
            0.15,
            0.15
        ],
        [
            0.15,
            0.15,
            0.15,
            0.15,
            0.15,
            0.15,
            0.15,
            0.15,
            0.15,
            0.15,
            0.15,
            0.15,
            0.15,
            0.15,
            0.15,
            0.15,
            0.15,
            0.15,
            0.15,
            0.15,
            0.15,
            0.15,
            0.15,
            0.15,
            0.15,
            0.15,
            0.15,
            0.0,
            0.15,
            0.15,
            0.15
        ],
        [
            0.15,
            0.15,
            0.15,
            0.15,
            0.15,
            0.15,
            0.15,
            0.15,
            0.15,
            0.15,
            0.15,
            0.15,
            0.15,
            0.15,
            0.15,
            0.15,
            0.15,
            0.15,
            0.15,
            0.15,
            0.15,
            0.15,
            0.15,
            0.15,
            0.15,
            0.15,
            0.15,
            0.15,
            0.0,
            0.15,
            0.15
        ],
        [
            0.15,
            0.15,
            0.15,
            0.15,
            0.15,
            0.15,
            0.15,
            0.15,
            0.15,
            0.15,
            0.15,
            0.15,
            0.15,
            0.15,
            0.15,
            0.15,
            0.15,
            0.15,
            0.15,
            0.15,
            0.15,
            0.15,
            0.15,
            0.15,
            0.15,
            0.15,
            0.15,
            0.15,
            0.15,
            0.0,
            0.15
        ],
        [
            0.15,
            0.15,
            0.15,
            0.15,
            0.15,
            0.15,
            0.15,
            0.15,
            0.15,
            0.15,
            0.15,
            0.15,
            0.15,
            0.15,
            0.15,
            0.15,
            0.15,
            0.15,
            0.15,
            0.15,
            0.15,
            0.15,
            0.15,
            0.15,
            0.15,
            0.15,
            0.15,
            0.15,
            0.15,
            0.15,
            0.0
        ]
    ],
    "service_scv": [
        0.0,
        1.149,
        1.085,
        1.185,
        1.477,
        0.782,
        0.743,
        0.805,
        1.314,
        1.154,
        1.25,
        0.736,
        0.634,
        0.973,
        1.404,
        0.759,
        1.263,
        1.202,
        0.866,
        1.2,
        1.421,
        0.711,
        0.761,
        0.89,
        0.698,
        0.901,
        1.232,
        1.356,
        1.164,
        1.042,
        1.421
    ],
    "service": [
        0,
        47,
        31,
        52,
        53,
        51,
        34,
        54,
        44,
        32,
        45,
        35,
        33,
        57,
        37,
        51,
        53,
        57,
        56,
        32,
        56,
        46,
        58,
        31,
        58,
        35,
        47,
        32,
        31,
        36,
        58
    ]
}
