{
    "coords": [
        [
            0,
            0
        ],
        [
            48,
            14
        ],
        [
            5,
            30
        ],
        [
            33,
            38
        ],
        [
            32,
            35
        ],
        [
            45,
            45
        ],
        [
            46,
            43
        ],
        [
            36,
            45
        ],
        [
            0,
            1
        ],
        [
            39,
            21
        ],
        [
            37,
            24
        ],
        [
            45,
            3
        ],
        [
            33,
            0
        ],
        [
            7,
            41
        ],
        [
            14,
            49
        ],
        [
            17,
            39
        ],
        [
            48,
            15
        ],
        [
            48,
            35
        ],
        [
            48,
            14
        ],
        [
            25,
            37
        ],
        [
            48,
            13
        ],
        [
            24,
            39
        ],
        [
            41,
            49
        ],
        [
            10,
            49
        ],
        [
            5,
            44
        ],
        [
            43,
            45
        ],
        [
            43,
            35
        ],
        [
            29,
            27
        ],
        [
            3,
            46
        ],
        [
            45,
            4
        ],
        [
            29,
            18
        ]
    ],
    "dimension": 31,
    "distances": [
        [
            0.0,
            50.0,
            30.414,
            50.329,
            47.424,
            63.64,
            62.968,
            57.628,
            1.0,
            44.294,
            44.102,
            45.1,
            33.0,
            41.593,
            50.961,
            42.544,
            50.289,
            59.405,
            50.0,
            44.654,
            49.729,
            45.793,
            63.891,
            50.01,
            44.283,
            62.241,
            55.444,
            39.623,
            46.098,
            45.177,
            34.132
        ],
        [
            50.0,
            0.0,
            45.88,
            28.302,
            26.401,
            31.145,
            29.069,
            33.242,
            49.729,
            11.402,
            14.866,
            11.402,
            20.518,
            49.092,
            48.795,
            39.825,
            1.0,
            21.0,
            0.0,
            32.527,
            1.0,
            34.655,
            35.693,
            51.662,
            52.431,
            31.401,
            21.587,
            23.022,
            55.218,
            10.44,
            19.416
        ],
        [
            30.414,
            45.88,
            0.0,
            29.12,
            27.459,
            42.72,
            43.012,
            34.438,
            29.428,
            35.171,
            32.558,
            48.26,
            41.037,
            11.18,
            21.024,
            15.0,
            45.541,
            43.29,
            45.88,
            21.19,
            46.239,
            21.024,
            40.706,
            19.647,
            14.0,
            40.853,
            38.328,
            24.187,
            16.125,
            47.707,
            26.833
        ],
        [
            50.329,
            28.302,
            29.12,
            0.0,
            3.162,
            13.892,
            13.928,
            7.616,
            49.578,
            18.028,
            14.56,
            37.0,
            38.0,
            26.173,
            21.954,
            16.031,
            27.459,
            15.297,
            28.302,
            8.062,
            29.155,
            9.055,
            13.601,
            25.495,
            28.636,
            12.207,
            10.44,
            11.705,
            31.048,
            36.056,
            20.396
        ],
        [
            47.424,
            26.401,
            27.459,
            3.162,
            0.0,
            16.401,
            16.125,
            10.77,
            46.69,
            15.652,
            12.083,
            34.54,
            35.014,
            25.71,
            22.804,
            15.524,
            25.612,
            16.0,
            26.401,
            7.28,
            27.203,
            8.944,
            16.643,
            26.077,
            28.46,
            14.866,
            11.0,
            8.544,
            31.016,
            33.615,
            17.263
        ],
        [
            63.64,
            31.145,
            42.72,
            13.892,
            16.401,
            0.0,
            2.236,
            9.0,
            62.936,
            24.739,
            22.472,
            42.0,
            46.573,
            38.21,
            31.257,
            28.636,
            30.15,
            10.44,
            31.145,
            21.541,
            32.14,
            21.84,
            5.657,
            35.228,
            40.012,
            2.0,
            10.198,
            24.083,
            42.012,
            41.0,
            31.385
        ],
        [
            62.968,
            29.069,
            43.012,
            13.928,
            16.125,
            2.236,
            0.0,
            10.198,
            62.29,
            23.087,
            21.024,
            40.012,
            44.922,
            39.051,
            32.558,
            29.275,
            28.071,
            8.246,
            29.069,
            21.84,
            30.067,
            22.361,
            7.81,
            36.497,
            41.012,
            3.606,
            8.544,
            23.345,
            43.105,
            39.013,
            30.232
        ],
        [
            57.628,
            33.242,
            34.438,
            7.616,
            10.77,
            9.0,
            10.198,
            0.0,
            56.851,
            24.187,
            21.024,
            42.953,
            45.1,
            29.275,
            22.361,
            19.925,
            32.311,
            15.62,
            33.242,
            13.601,
            34.176,
            13.416,
            6.403,
            26.306,
            31.016,
            7.0,
            12.207,
            19.313,
            33.015,
            41.976,
            27.893
        ],
        [
            1.0,
            49.729,
            29.428,
            49.578,
            46.69,
            62.936,
            62.29,
            56.851,
            0.0,
            43.829,
            43.566,
            45.044,
            33.015,
            40.608,
            50.0,
            41.629,
            50.0,
            58.822,
            49.729,
            43.829,
            49.477,
            44.944,
            63.127,
            49.031,
            43.29,
            61.522,
            54.818,
            38.949,
            45.1,
            45.1,
            33.615
        ],
        [
            44.294,
            11.402,
            35.171,
            18.028,
            15.652,
            24.739,
            23.087,
            24.187,
            43.829,
            0.0,
            3.606,
            18.974,
            21.84,
            37.736,
            37.537,
            28.425,
            10.817,
            16.643,
            11.402,
            21.26,
            12.042,
            23.431,
            28.071,
            40.311,
            41.049,
            24.331,
            14.56,
            11.662,
            43.829,
            18.028,
            10.44
        ],
        [
            44.102,
            14.866,
            32.558,
            14.56,
            12.083,
            22.472,
            21.024,
            21.024,
            43.566,
            3.606,
            0.0,
            22.472,
            24.331,
            34.482,
            33.971,
            25.0,
            14.213,
            15.556,
            14.866,
            17.692,
            15.556,
            19.849,
            25.318,
            36.797,
            37.736,
            21.84,
            12.53,
            8.544,
            40.497,
            21.541,
            10.0
        ],
        [
            45.1,
            11.402,
            48.26,
            37.0,
            34.54,
            42.0,
            40.012,
            42.953,
            45.044,
            18.974,
            22.472,
            0.0,
            12.369,
            53.74,
            55.471,
            45.607,
            12.369,
            32.14,
            11.402,
            39.446,
            10.44,
            41.677,
            46.174,
            57.801,
            57.28,
            42.048,
            32.062,
            28.844,
            60.108,
            1.0,
            21.932
        ],
        [
            33.0,
            20.518,
            41.037,
            38.0,
            35.014,
            46.573,
            44.922,
            45.1,
            33.015,
            21.84,
            24.331,
            12.369,
            0.0,
            48.549,
            52.555,
            42.154,
            21.213,
            38.079,
            20.518,
            37.855,
            19.849,
            40.025,
            49.649,
            54.129,
            52.154,
            46.098,
            36.401,
            27.295,
            54.918,
            12.649,
            18.439
        ],
        [
            41.593,
            49.092,
            11.18,
            26.173,
            25.71,
            38.21,
            39.051,
            29.275,
            40.608,
            37.736,
            34.482,
            53.74,
            48.549,
            0.0,
            10.63,
            10.198,
            48.549,
            41.437,
            49.092,
            18.439,
            49.649,
            17.117,
            34.928,
            8.544,
            3.606,
            36.222,
            36.497,
            26.077,
            6.403,
            53.038,
            31.828
        ],
        [
            50.961,
            48.795,
            21.024,
            21.954,
            22.804,
            31.257,
            32.558,
            22.361,
            50.0,
            37.537,
            33.971,
            55.471,
            52.555,
            10.63,
            0.0,
            10.44,
            48.083,
            36.77,
            48.795,
            16.279,
            49.518,
            14.142,
            27.0,
            4.0,
            10.296,
            29.275,
            32.202,
            26.627,
            11.402,
            54.644,
            34.438
        ],
        [
            42.544,
            39.825,
            15.0,
            16.031,
            15.524,
            28.636,
            29.275,
            19.925,
            41.629,
            28.425,
            25.0,
            45.607,
            42.154,
            10.198,
            10.44,
            0.0,
            39.205,
            31.257,
            39.825,
            8.246,
            40.46,
            7.0,
            26.0,
            12.207,
            13.0,
            26.683,
            26.306,
            16.971,
            15.652,
            44.822,
            24.187
        ],
        [
            50.289,
            1.0,
            45.541,
            27.459,
            25.612,
            30.15,
            28.071,
            32.311,
            50.0,
            10.817,
            14.213,
            12.369,
            21.213,
            48.549,
            48.083,
            39.205,
            0.0,
            20.0,
            1.0,
            31.828,
            2.0,
            33.941,
            34.713,
            50.99,
            51.865,
            30.414,
            20.616,
            22.472,
            54.644,
            11.402,
            19.235
        ],
        [
            59.405,
            21.0,
            43.29,
            15.297,
            16.0,
            10.44,
            8.246,
            15.62,
            58.822,
            16.643,
            15.556,
            32.14,
            38.079,
            41.437,
            36.77,
            31.257,
            20.0,
            0.0,
            21.0,
            23.087,
            22.0,
            24.331,
            15.652,
            40.497,
            43.932,
            11.18,
            5.0,
            20.616,
            46.325,
            31.145,
            25.495
        ],
        [
            50.0,
            0.0,
            45.88,
            28.302,
            26.401,
            31.145,
            29.069,
            33.242,
            49.729,
            11.402,
            14.866,
            11.402,
            20.518,
            49.092,
            48.795,
            39.825,
            1.0,
            21.0,
            0.0,
            32.527,
            1.0,
            34.655,
            35.693,
            51.662,
            52.431,
            31.401,
            21.587,
            23.022,
            55.218,
            10.44,
            19.416
        ],
        [
            44.654,
            32.527,
            21.19,
            8.062,
            7.28,
            21.541,
            21.84,
            13.601,
            43.829,
            21.26,
            17.692,
            39.446,
            37.855,
            18.439,
            16.279,
            8.246,
            31.828,
            23.087,
            32.527,
            0.0,
            33.242,
            2.236,
            20.0,
            19.209,
            21.19,
            19.698,
            18.111,
            10.77,
            23.77,
            38.588,
            19.416
        ],
        [
            49.729,
            1.0,
            46.239,
            29.155,
            27.203,
            32.14,
            30.067,
            34.176,
            49.477,
            12.042,
            15.556,
            10.44,
            19.849,
            49.649,
            49.518,
            40.46,
            2.0,
            22.0,
            1.0,
            33.242,
            0.0,
            35.384,
            36.674,
            52.345,
            53.009,
            32.388,
            22.561,
            23.601,
            55.803,
            9.487,
            19.647
        ],
        [
            45.793,
            34.655,
            21.024,
            9.055,
            8.944,
            21.84,
            22.361,
            13.416,
            44.944,
            23.431,
            19.849,
            41.677,
            40.025,
            17.117,
            14.142,
            7.0,
            33.941,
            24.331,
            34.655,
            2.236,
            35.384,
            0.0,
            19.723,
            17.205,
            19.647,
            19.925,
            19.416,
            13.0,
            22.136,
            40.817,
            21.587
        ],
        [
            63.891,
            35.693,
            40.706,
            13.601,
            16.643,
            5.657,
            7.81,
            6.403,
            63.127,
            28.071,
            25.318,
            46.174,
            49.649,
            34.928,
            27.0,
            26.0,
            34.713,
            15.652,
            35.693,
            20.0,
            36.674,
            19.723,
            0.0,
            31.0,
            36.346,
            4.472,
            14.142,
            25.06,
            38.118,
            45.177,
            33.242
        ],
        [
            50.01,
            51.662,
            19.647,
            25.495,
            26.077,
            35.228,
            36.497,
            26.306,
            49.031,
            40.311,
            36.797,
            57.801,
            54.129,
            8.544,
            4.0,
            12.207,
            50.99,
            40.497,
            51.662,
            19.209,
            52.345,
            17.205,
            31.0,
            0.0,
            7.071,
            33.242,
            35.847,
            29.069,
            7.616,
            57.009,
            36.359
        ],
        [
            44.283,
            52.431,
            14.0,
            28.636,
            28.46,
            40.012,
            41.012,
            31.016,
            43.29,
            41.049,
            37.736,
            57.28,
            52.154,
            3.606,
            10.296,
            13.0,
            51.865,
            43.932,
            52.431,
            21.19,
            53.009,
            19.647,
            36.346,
            7.071,
            0.0,
            38.013,
            39.051,
            29.411,
            2.828,
            56.569,
            35.384
        ],
        [
            62.241,
            31.401,
            40.853,
            12.207,
            14.866,
            2.0,
            3.606,
            7.0,
            61.522,
            24.331,
            21.84,
            42.048,
            46.098,
            36.222,
            29.275,
            26.683,
            30.414,
            11.18,
            31.401,
            19.698,
            32.388,
            19.925,
            4.472,
            33.242,
            38.013,
            0.0,
            10.0,
            22.804,
            40.012,
            41.049,
            30.414
        ],
        [
            55.444,
            21.587,
            38.328,
            10.44,
            11.0,
            10.198,
            8.544,
            12.207,
            54.818,
            14.56,
            12.53,
            32.062,
            36.401,
            36.497,
            32.202,
            26.306,
            20.616,
            5.0,
            21.587,
            18.111,
            22.561,
            19.416,
            14.142,
            35.847,
            39.051,
            10.0,
            0.0,
            16.125,
            41.485,
            31.064,
            22.023
        ],
        [
            39.623,
            23.022,
            24.187,
            11.705,
            8.544,
            24.083,
            23.345,
            19.313,
            38.949,
            11.662,
            8.544,
            28.844,
            27.295,
            26.077,
            26.627,
            16.971,
            22.472,
            20.616,
            23.022,
            10.77,
            23.601,
            13.0,
            25.06,
            29.069,
            29.411,
            22.804,
            16.125,
            0.0,
            32.202,
            28.018,
            9.0
        ],
        [
            46.098,
            55.218,
            16.125,
            31.048,
            31.016,
            42.012,
            43.105,
            33.015,
            45.1,
            43.829,
            40.497,
            60.108,
            54.918,
            6.403,
            11.402,
            15.652,
            54.644,
            46.325,
            55.218,
            23.77,
            55.803,
            22.136,
            38.118,
            7.616,
            2.828,
            40.012,
            41.485,
            32.202,
            0.0,
            59.397,
            38.21
        ],
        [
            45.177,
            10.44,
            47.707,
            36.056,
            33.615,
            41.0,
            39.013,
            41.976,
            45.1,
            18.028,
            21.541,
            1.0,
            12.649,
            53.038,
            54.644,
            44.822,
            11.402,
            31.145,
            10.44,
            38.588,
            9.487,
            40.817,
            45.177,
            57.009,
            56.569,
            41.049,
            31.064,
            28.018,
            59.397,
            0.0,
            21.26
        ],
        [
            34.132,
            19.416,
            26.833,
            20.396,
            17.263,
            31.385,
            30.232,
            27.893,
            33.615,
            10.44,
            10.0,
            21.932,
            18.439,
            31.828,
            34.438,
            24.187,
            19.235,
            25.495,
            19.416,
            19.416,
            19.647,
            21.587,
            33.242,
            36.359,
            35.384,
            30.414,
            22.023,
            9.0,
            38.21,
            21.26,
            0.0
        ]
    ],
    "distances_scv": [
        [
            0.0,
            0.15,
            0.15,
            0.15,
            0.15,
            0.15,
            0.15,
            0.15,
            0.15,
            0.15,
            0.15,
            0.15,
            0.15,
            0.15,
            0.15,
            0.15,
            0.15,
            0.15,
            0.15,
            0.15,
            0.15,
            0.15,
            0.15,
            0.15,
            0.15,
            0.15,
            0.15,
            0.15,
            0.15,
            0.15,
            0.15
        ],
        [
            0.15,
            0.0,
            0.15,
            0.15,
            0.15,
            0.15,
            0.15,
            0.15,
            0.15,
            0.15,
            0.15,
            0.15,
            0.15,
            0.15,
            0.15,
            0.15,
            0.15,
            0.15,
            0.15,
            0.15,
            0.15,
            0.15,
            0.15,
            0.15,
            0.15,
            0.15,
            0.15,
            0.15,
            0.15,
            0.15,
            0.15
        ],
        [
            0.15,
            0.15,
            0.0,
            0.15,
            0.15,
            0.15,
            0.15,
            0.15,
            0.15,
            0.15,
            0.15,
            0.15,
            0.15,
            0.15,
            0.15,
            0.15,
            0.15,
            0.15,
            0.15,
            0.15,
            0.15,
            0.15,
            0.15,
            0.15,
            0.15,
            0.15,
            0.15,
            0.15,
            0.15,
            0.15,
            0.15
        ],
        [
            0.15,
            0.15,
            0.15,
            0.0,
            0.15,
            0.15,
            0.15,
            0.15,
            0.15,
            0.15,
            0.15,
            0.15,
            0.15,
            0.15,
            0.15,
            0.15,
            0.15,
            0.15,
            0.15,
            0.15,
            0.15,
            0.15,
            0.15,
            0.15,
            0.15,
            0.15,
            0.15,
            0.15,
            0.15,
            0.15,
            0.15
        ],
        [
            0.15,
            0.15,
            0.15,
            0.15,
            0.0,
            0.15,
            0.15,
            0.15,
            0.15,
            0.15,
            0.15,
            0.15,
            0.15,
            0.15,
            0.15,
            0.15,
            0.15,
            0.15,
            0.15,
            0.15,
            0.15,
            0.15,
            0.15,
            0.15,
            0.15,
            0.15,
            0.15,
            0.15,
            0.15,
            0.15,
            0.15
        ],
        [
            0.15,
            0.15,
            0.15,
            0.15,
            0.15,
            0.0,
            0.15,
            0.15,
            0.15,
            0.15,
            0.15,
            0.15,
            0.15,
            0.15,
            0.15,
            0.15,
            0.15,
            0.15,
            0.15,
            0.15,
            0.15,
            0.15,
            0.15,
            0.15,
            0.15,
            0.15,
            0.15,
            0.15,
            0.15,
            0.15,
            0.15
        ],
        [
            0.15,
            0.15,
            0.15,
            0.15,
            0.15,
            0.15,
            0.0,
            0.15,
            0.15,
            0.15,
            0.15,
            0.15,
            0.15,
            0.15,
            0.15,
            0.15,
            0.15,
            0.15,
            0.15,
            0.15,
            0.15,
            0.15,
            0.15,
            0.15,
            0.15,
            0.15,
            0.15,
            0.15,
            0.15,
            0.15,
            0.15
        ],
        [
            0.15,
            0.15,
            0.15,
            0.15,
            0.15,
            0.15,
            0.15,
            0.0,
            0.15,
            0.15,
            0.15,
            0.15,
            0.15,
            0.15,
            0.15,
            0.15,
            0.15,
            0.15,
            0.15,
            0.15,
            0.15,
            0.15,
            0.15,
            0.15,
            0.15,
            0.15,
            0.15,
            0.15,
            0.15,
            0.15,
            0.15
        ],
        [
            0.15,
            0.15,
            0.15,
            0.15,
            0.15,
            0.15,
            0.15,
            0.15,
            0.0,
            0.15,
            0.15,
            0.15,
            0.15,
            0.15,
            0.15,
            0.15,
            0.15,
            0.15,
            0.15,
            0.15,
            0.15,
            0.15,
            0.15,
            0.15,
            0.15,
            0.15,
            0.15,
            0.15,
            0.15,
            0.15,
            0.15
        ],
        [
            0.15,
            0.15,
            0.15,
            0.15,
            0.15,
            0.15,
            0.15,
            0.15,
            0.15,
            0.0,
            0.15,
            0.15,
            0.15,
            0.15,
            0.15,
            0.15,
            0.15,
            0.15,
            0.15,
            0.15,
            0.15,
            0.15,
            0.15,
            0.15,
            0.15,
            0.15,
            0.15,
            0.15,
            0.15,
            0.15,
            0.15
        ],
        [
            0.15,
            0.15,
            0.15,
            0.15,
            0.15,
            0.15,
            0.15,
            0.15,
            0.15,
            0.15,
            0.0,
            0.15,
            0.15,
            0.15,
            0.15,
            0.15,
            0.15,
            0.15,
            0.15,
            0.15,
            0.15,
            0.15,
            0.15,
            0.15,
            0.15,
            0.15,
            0.15,
            0.15,
            0.15,
            0.15,
            0.15
        ],
        [
            0.15,
            0.15,
            0.15,
            0.15,
            0.15,
            0.15,
            0.15,
            0.15,
            0.15,
            0.15,
            0.15,
            0.0,
            0.15,
            0.15,
            0.15,
            0.15,
            0.15,
            0.15,
            0.15,
            0.15,
            0.15,
            0.15,
            0.15,
            0.15,
            0.15,
            0.15,
            0.15,
            0.15,
            0.15,
            0.15,
            0.15
        ],
        [
            0.15,
            0.15,
            0.15,
            0.15,
            0.15,
            0.15,
            0.15,
            0.15,
            0.15,
            0.15,
            0.15,
            0.15,
            0.0,
            0.15,
            0.15,
            0.15,
            0.15,
            0.15,
            0.15,
            0.15,
            0.15,
            0.15,
            0.15,
            0.15,
            0.15,
            0.15,
            0.15,
            0.15,
            0.15,
            0.15,
            0.15
        ],
        [
            0.15,
            0.15,
            0.15,
            0.15,
            0.15,
            0.15,
            0.15,
            0.15,
            0.15,
            0.15,
            0.15,
            0.15,
            0.15,
            0.0,
            0.15,
            0.15,
            0.15,
            0.15,
            0.15,
            0.15,
            0.15,
            0.15,
            0.15,
            0.15,
            0.15,
            0.15,
            0.15,
            0.15,
            0.15,
            0.15,
            0.15
        ],
        [
            0.15,
            0.15,
            0.15,
            0.15,
            0.15,
            0.15,
            0.15,
            0.15,
            0.15,
            0.15,
            0.15,
            0.15,
            0.15,
            0.15,
            0.0,
            0.15,
            0.15,
            0.15,
            0.15,
            0.15,
            0.15,
            0.15,
            0.15,
            0.15,
            0.15,
            0.15,
            0.15,
            0.15,
            0.15,
            0.15,
            0.15
        ],
        [
            0.15,
            0.15,
            0.15,
            0.15,
            0.15,
            0.15,
            0.15,
            0.15,
            0.15,
            0.15,
            0.15,
            0.15,
            0.15,
            0.15,
            0.15,
            0.0,
            0.15,
            0.15,
            0.15,
            0.15,
            0.15,
            0.15,
            0.15,
            0.15,
            0.15,
            0.15,
            0.15,
            0.15,
            0.15,
            0.15,
            0.15
        ],
        [
            0.15,
            0.15,
            0.15,
            0.15,
            0.15,
            0.15,
            0.15,
            0.15,
            0.15,
            0.15,
            0.15,
            0.15,
            0.15,
            0.15,
            0.15,
            0.15,
            0.0,
            0.15,
            0.15,
            0.15,
            0.15,
            0.15,
            0.15,
            0.15,
            0.15,
            0.15,
            0.15,
            0.15,
            0.15,
            0.15,
            0.15
        ],
        [
            0.15,
            0.15,
            0.15,
            0.15,
            0.15,
            0.15,
            0.15,
            0.15,
            0.15,
            0.15,
            0.15,
            0.15,
            0.15,
            0.15,
            0.15,
            0.15,
            0.15,
            0.0,
            0.15,
            0.15,
            0.15,
            0.15,
            0.15,
            0.15,
            0.15,
            0.15,
            0.15,
            0.15,
            0.15,
            0.15,
            0.15
        ],
        [
            0.15,
            0.15,
            0.15,
            0.15,
            0.15,
            0.15,
            0.15,
            0.15,
            0.15,
            0.15,
            0.15,
            0.15,
            0.15,
            0.15,
            0.15,
            0.15,
            0.15,
            0.15,
            0.0,
            0.15,
            0.15,
            0.15,
            0.15,
            0.15,
            0.15,
            0.15,
            0.15,
            0.15,
            0.15,
            0.15,
            0.15
        ],
        [
            0.15,
            0.15,
            0.15,
            0.15,
            0.15,
            0.15,
            0.15,
            0.15,
            0.15,
            0.15,
            0.15,
            0.15,
            0.15,
            0.15,
            0.15,
            0.15,
            0.15,
            0.15,
            0.15,
            0.0,
            0.15,
            0.15,
            0.15,
            0.15,
            0.15,
            0.15,
            0.15,
            0.15,
            0.15,
            0.15,
            0.15
        ],
        [
            0.15,
            0.15,
            0.15,
            0.15,
            0.15,
            0.15,
            0.15,
            0.15,
            0.15,
            0.15,
            0.15,
            0.15,
            0.15,
            0.15,
            0.15,
            0.15,
            0.15,
            0.15,
            0.15,
            0.15,
            0.0,
            0.15,
            0.15,
            0.15,
            0.15,
            0.15,
            0.15,
            0.15,
            0.15,
            0.15,
            0.15
        ],
        [
            0.15,
            0.15,
            0.15,
            0.15,
            0.15,
            0.15,
            0.15,
            0.15,
            0.15,
            0.15,
            0.15,
            0.15,
            0.15,
            0.15,
            0.15,
            0.15,
            0.15,
            0.15,
            0.15,
            0.15,
            0.15,
            0.0,
            0.15,
            0.15,
            0.15,
            0.15,
            0.15,
            0.15,
            0.15,
            0.15,
            0.15
        ],
        [
            0.15,
            0.15,
            0.15,
            0.15,
            0.15,
            0.15,
            0.15,
            0.15,
            0.15,
            0.15,
            0.15,
            0.15,
            0.15,
            0.15,
            0.15,
            0.15,
            0.15,
            0.15,
            0.15,
            0.15,
            0.15,
            0.15,
            0.0,
            0.15,
            0.15,
            0.15,
            0.15,
            0.15,
            0.15,
            0.15,
            0.15
        ],
        [
            0.15,
            0.15,
            0.15,
            0.15,
            0.15,
            0.15,
            0.15,
            0.15,
            0.15,
            0.15,
            0.15,
            0.15,
            0.15,
            0.15,
            0.15,
            0.15,
            0.15,
            0.15,
            0.15,
            0.15,
            0.15,
            0.15,
            0.15,
            0.0,
            0.15,
            0.15,
            0.15,
            0.15,
            0.15,
            0.15,
            0.15
        ],
        [
            0.15,
            0.15,
            0.15,
            0.15,
            0.15,
            0.15,
            0.15,
            0.15,
            0.15,
            0.15,
            0.15,
            0.15,
            0.15,
            0.15,
            0.15,
            0.15,
            0.15,
            0.15,
            0.15,
            0.15,
            0.15,
            0.15,
            0.15,
            0.15,
            0.0,
            0.15,
            0.15,
            0.15,
            0.15,
            0.15,
            0.15
        ],
        [
            0.15,
            0.15,
            0.15,
            0.15,
            0.15,
            0.15,
            0.15,
            0.15,
            0.15,
            0.15,
            0.15,
            0.15,
            0.15,
            0.15,
            0.15,
            0.15,
            0.15,
            0.15,
            0.15,
            0.15,
            0.15,
            0.15,
            0.15,
            0.15,
            0.15,
            0.0,
            0.15,
            0.15,
            0.15,
            0.15,
            0.15
        ],
        [
            0.15,
            0.15,
            0.15,
            0.15,
            0.15,
            0.15,
            0.15,
            0.15,
            0.15,
            0.15,
            0.15,
            0.15,
            0.15,
            0.15,
            0.15,
            0.15,
            0.15,
            0.15,
            0.15,
            0.15,
            0.15,
            0.15,
            0.15,
            0.15,
            0.15,
            0.15,
            0.0,
            0.15,
            0.15,
            0.15,
            0.15
        ],
        [
            0.15,
            0.15,
            0.15,
            0.15,
            0.15,
            0.15,
            0.15,
            0.15,
            0.15,
            0.15,
            0.15,
            0.15,
            0.15,
            0.15,
            0.15,
            0.15,
            0.15,
            0.15,
            0.15,
            0.15,
            0.15,
            0.15,
            0.15,
            0.15,
            0.15,
            0.15,
            0.15,
            0.0,
            0.15,
            0.15,
            0.15
        ],
        [
            0.15,
            0.15,
            0.15,
            0.15,
            0.15,
            0.15,
            0.15,
            0.15,
            0.15,
            0.15,
            0.15,
            0.15,
            0.15,
            0.15,
            0.15,
            0.15,
            0.15,
            0.15,
            0.15,
            0.15,
            0.15,
            0.15,
            0.15,
            0.15,
            0.15,
            0.15,
            0.15,
            0.15,
            0.0,
            0.15,
            0.15
        ],
        [
            0.15,
            0.15,
            0.15,
            0.15,
            0.15,
            0.15,
            0.15,
            0.15,
            0.15,
            0.15,
            0.15,
            0.15,
            0.15,
            0.15,
            0.15,
            0.15,
            0.15,
            0.15,
            0.15,
            0.15,
            0.15,
            0.15,
            0.15,
            0.15,
            0.15,
            0.15,
            0.15,
            0.15,
            0.15,
            0.0,
            0.15
        ],
        [
            0.15,
            0.15,
            0.15,
            0.15,
            0.15,
            0.15,
            0.15,
            0.15,
            0.15,
            0.15,
            0.15,
            0.15,
            0.15,
            0.15,
            0.15,
            0.15,
            0.15,
            0.15,
            0.15,
            0.15,
            0.15,
            0.15,
            0.15,
            0.15,
            0.15,
            0.15,
            0.15,
            0.15,
            0.15,
            0.15,
            0.0
        ]
    ],
    "service_scv": [
        0.0,
        0.729,
        0.994,
        1.124,
        1.151,
        1.205,
        1.145,
        0.716,
        0.53,
        0.614,
        1.224,
        1.133,
        0.957,
        0.862,
        0.732,
        0.876,
        1.272,
        0.991,
        0.742,
        1.467,
        0.737,
        0.774,
        1.122,
        0.744,
        1.433,
        1.225,
        0.693,
        0.914,
        1.31,
        1.497,
        0.599
    ],
    "service": [
        0,
        49,
        50,
        46,
        47,
        37,
        51,
        34,
        43,
        51,
        38,
        55,
        41,
        40,
        37,
        34,
        49,
        58,
        49,
        32,
        53,
        35,
        55,
        36,
        58,
        59,
        34,
        31,
        42,
        45,
        56
    ]
}
