{
    "coords": [
        [
            0,
            0
        ],
        [
            8,
            11
        ],
        [
            9,
            40
        ],
        [
            43,
            29
        ],
        [
            1,
            4
        ],
        [
            16,
            21
        ],
        [
            31,
            23
        ],
        [
            13,
            7
        ],
        [
            34,
            36
        ],
        [
            1,
            5
        ],
        [
            22,
            19
        ],
        [
            44,
            25
        ],
        [
            21,
            21
        ],
        [
            33,
            29
        ],
        [
            8,
            36
        ],
        [
            37,
            47
        ],
        [
            39,
            14
        ],
        [
            15,
            32
        ],
        [
            32,
            34
        ],
        [
            43,
            14
        ],
        [
            46,
            0
        ],
        [
            3,
            48
        ],
        [
            47,
            14
        ],
        [
            6,
            15
        ],
        [
            2,
            44
        ],
        [
            33,
            29
        ],
        [
            12,
            23
        ],
        [
            9,
            38
        ],
        [
            23,
            1
        ],
        [
            12,
            35
        ],
        [
            25,
            18
        ]
    ],
    "dimension": 31,
    "distances": [
        [
            0.0,
            13.601,
            41.0,
            51.865,
            4.123,
            26.401,
            38.601,
            14.765,
            49.518,
            5.099,
            29.069,
            50.606,
            29.698,
            43.932,
            36.878,
            59.816,
            41.437,
            35.341,
            46.69,
            45.222,
            46.0,
            48.094,
            49.041,
            16.155,
            44.045,
            43.932,
            25.942,
            39.051,
            23.022,
            37.0,
            30.806
        ],
        [
            13.601,
            0.0,
            29.017,
            39.357,
            9.899,
            12.806,
            25.942,
            6.403,
            36.069,
            9.22,
            16.125,
            38.626,
            16.401,
            30.806,
            25.0,
            46.228,
            31.145,
            22.136,
            33.242,
            35.128,
            39.56,
            37.336,
            39.115,
            4.472,
            33.541,
            30.806,
            12.649,
            27.019,
            18.028,
            24.331,
            18.385
        ],
        [
            41.0,
            29.017,
            0.0,
            35.735,
            36.878,
            20.248,
            27.803,
            33.242,
            25.318,
            35.903,
            24.698,
            38.079,
            22.472,
            26.401,
            4.123,
            28.862,
            39.699,
            10.0,
            23.77,
            42.802,
            54.489,
            10.0,
            46.043,
            25.179,
            8.062,
            26.401,
            17.263,
            2.0,
            41.437,
            5.831,
            27.203
        ],
        [
            51.865,
            39.357,
            35.735,
            0.0,
            48.877,
            28.16,
            13.416,
            37.202,
            11.402,
            48.374,
            23.259,
            4.123,
            23.409,
            10.0,
            35.693,
            18.974,
            15.524,
            28.16,
            12.083,
            15.0,
            29.155,
            44.283,
            15.524,
            39.56,
            43.658,
            10.0,
            31.575,
            35.171,
            34.409,
            31.575,
            21.095
        ],
        [
            4.123,
            9.899,
            36.878,
            48.877,
            0.0,
            22.672,
            35.511,
            12.369,
            45.967,
            1.0,
            25.807,
            47.854,
            26.249,
            40.608,
            32.757,
            56.08,
            39.294,
            31.305,
            43.139,
            43.174,
            45.177,
            44.045,
            47.074,
            12.083,
            40.012,
            40.608,
            21.954,
            34.928,
            22.204,
            32.894,
            27.785
        ],
        [
            26.401,
            12.806,
            20.248,
            28.16,
            22.672,
            0.0,
            15.133,
            14.318,
            23.431,
            21.932,
            6.325,
            28.284,
            5.0,
            18.788,
            17.0,
            33.422,
            24.042,
            11.045,
            20.616,
            27.893,
            36.62,
            29.967,
            31.78,
            11.662,
            26.926,
            18.788,
            4.472,
            18.385,
            21.19,
            14.56,
            9.487
        ],
        [
            38.601,
            25.942,
            27.803,
            13.416,
            35.511,
            15.133,
            0.0,
            24.083,
            13.342,
            34.986,
            9.849,
            13.153,
            10.198,
            6.325,
            26.42,
            24.739,
            12.042,
            18.358,
            11.045,
            15.0,
            27.459,
            37.537,
            18.358,
            26.249,
            35.805,
            6.325,
            19.0,
            26.627,
            23.409,
            22.472,
            7.81
        ],
        [
            14.765,
            6.403,
            33.242,
            37.202,
            12.369,
            14.318,
            24.083,
            0.0,
            35.805,
            12.166,
            15.0,
            35.847,
            16.125,
            29.732,
            29.428,
            46.648,
            26.926,
            25.08,
            33.015,
            30.806,
            33.734,
            42.202,
            34.713,
            10.63,
            38.601,
            29.732,
            16.031,
            31.257,
            11.662,
            28.018,
            16.279
        ],
        [
            49.518,
            36.069,
            25.318,
            11.402,
            45.967,
            23.431,
            13.342,
            35.805,
            0.0,
            45.277,
            20.809,
            14.866,
            19.849,
            7.071,
            26.0,
            11.402,
            22.561,
            19.416,
            2.828,
            23.77,
            37.947,
            33.242,
            25.554,
            35.0,
            32.985,
            7.071,
            25.554,
            25.08,
            36.688,
            22.023,
            20.125
        ],
        [
            5.099,
            9.22,
            35.903,
            48.374,
            1.0,
            21.932,
            34.986,
            12.166,
            45.277,
            0.0,
            25.239,
            47.424,
            25.612,
            40.0,
            31.78,
            55.317,
            39.051,
            30.414,
            42.45,
            42.953,
            45.277,
            43.046,
            46.872,
            11.18,
            39.013,
            40.0,
            21.095,
            33.956,
            22.361,
            31.953,
            27.295
        ],
        [
            29.069,
            16.125,
            24.698,
            23.259,
            25.807,
            6.325,
            9.849,
            15.0,
            20.809,
            25.239,
            0.0,
            22.804,
            2.236,
            14.866,
            22.023,
            31.765,
            17.72,
            14.765,
            18.028,
            21.587,
            30.61,
            34.67,
            25.495,
            16.492,
            32.016,
            14.866,
            10.77,
            23.022,
            18.028,
            18.868,
            3.162
        ],
        [
            50.606,
            38.626,
            38.079,
            4.123,
            47.854,
            28.284,
            13.153,
            35.847,
            14.866,
            47.424,
            22.804,
            0.0,
            23.345,
            11.705,
            37.643,
            23.087,
            12.083,
            29.833,
            15.0,
            11.045,
            25.08,
            47.011,
            11.402,
            39.294,
            46.098,
            11.705,
            32.062,
            37.336,
            31.89,
            33.526,
            20.248
        ],
        [
            29.698,
            16.401,
            22.472,
            23.409,
            26.249,
            5.0,
            10.198,
            16.125,
            19.849,
            25.612,
            2.236,
            23.345,
            0.0,
            14.422,
            19.849,
            30.529,
            19.313,
            12.53,
            17.029,
            23.087,
            32.65,
            32.45,
            26.926,
            16.155,
            29.833,
            14.422,
            9.22,
            20.809,
            20.1,
            16.643,
            5.0
        ],
        [
            43.932,
            30.806,
            26.401,
            10.0,
            40.608,
            18.788,
            6.325,
            29.732,
            7.071,
            40.0,
            14.866,
            11.705,
            14.422,
            0.0,
            25.962,
            18.439,
            16.155,
            18.248,
            5.099,
            18.028,
            31.78,
            35.511,
            20.518,
            30.414,
            34.438,
            0.0,
            21.84,
            25.632,
            29.732,
            21.84,
            13.601
        ],
        [
            36.878,
            25.0,
            4.123,
            35.693,
            32.757,
            17.0,
            26.42,
            29.428,
            26.0,
            31.78,
            22.023,
            37.643,
            19.849,
            25.962,
            0.0,
            31.016,
            38.013,
            8.062,
            24.083,
            41.34,
            52.345,
            13.0,
            44.777,
            21.095,
            10.0,
            25.962,
            13.601,
            2.236,
            38.079,
            4.123,
            24.759
        ],
        [
            59.816,
            46.228,
            28.862,
            18.974,
            56.08,
            33.422,
            24.739,
            46.648,
            11.402,
            55.317,
            31.765,
            23.087,
            30.529,
            18.439,
            31.016,
            0.0,
            33.061,
            26.627,
            13.928,
            33.541,
            47.854,
            34.015,
            34.482,
            44.553,
            35.128,
            18.439,
            34.655,
            29.411,
            48.083,
            27.731,
            31.385
        ],
        [
            41.437,
            31.145,
            39.699,
            15.524,
            39.294,
            24.042,
            12.042,
            26.926,
            22.561,
            39.051,
            17.72,
            12.083,
            19.313,
            16.155,
            38.013,
            33.061,
            0.0,
            30.0,
            21.19,
            4.0,
            15.652,
            49.518,
            8.0,
            33.015,
            47.634,
            16.155,
            28.46,
            38.419,
            20.616,
            34.205,
            14.56
        ],
        [
            35.341,
            22.136,
            10.0,
            28.16,
            31.305,
            11.045,
            18.358,
            25.08,
            19.416,
            30.414,
            14.765,
            29.833,
            12.53,
            18.248,
            8.062,
            26.627,
            30.0,
            0.0,
            17.117,
            33.287,
            44.553,
            20.0,
            36.715,
            19.235,
            17.692,
            18.248,
            9.487,
            8.485,
            32.016,
            4.243,
            17.205
        ],
        [
            46.69,
            33.242,
            23.77,
            12.083,
            43.139,
            20.616,
            11.045,
            33.015,
            2.828,
            42.45,
            18.028,
            15.0,
            17.029,
            5.099,
            24.083,
            13.928,
            21.19,
            17.117,
            0.0,
            22.825,
            36.77,
            32.202,
            25.0,
            32.202,
            31.623,
            5.099,
            22.825,
            23.345,
            34.205,
            20.025,
            17.464
        ],
        [
            45.222,
            35.128,
            42.802,
            15.0,
            43.174,
            27.893,
            15.0,
            30.806,
            23.77,
            42.953,
            21.587,
            11.045,
            23.087,
            18.028,
            41.34,
            33.541,
            4.0,
            33.287,
            22.825,
            0.0,
            14.318,
            52.498,
            4.0,
            37.014,
            50.804,
            18.028,
            32.28,
            41.617,
            23.854,
            37.443,
            18.439
        ],
        [
            46.0,
            39.56,
            54.489,
            29.155,
            45.177,
            36.62,
            27.459,
            33.734,
            37.947,
            45.277,
            30.61,
            25.08,
            32.65,
            31.78,
            52.345,
            47.854,
            15.652,
            44.553,
            36.77,
            14.318,
            0.0,
            64.444,
            14.036,
            42.72,
            62.225,
            31.78,
            41.049,
            53.038,
            23.022,
            48.795,
            27.659
        ],
        [
            48.094,
            37.336,
            10.0,
            44.283,
            44.045,
            29.967,
            37.537,
            42.202,
            33.242,
            43.046,
            34.67,
            47.011,
            32.45,
            35.511,
            13.0,
            34.015,
            49.518,
            20.0,
            32.202,
            52.498,
            64.444,
            0.0,
            55.606,
            33.136,
            4.123,
            35.511,
            26.571,
            11.662,
            51.078,
            15.811,
            37.202
        ],
        [
            49.041,
            39.115,
            46.043,
            15.524,
            47.074,
            31.78,
            18.358,
            34.713,
            25.554,
            46.872,
            25.495,
            11.402,
            26.926,
            20.518,
            44.777,
            34.482,
            8.0,
            36.715,
            25.0,
            4.0,
            14.036,
            55.606,
            0.0,
            41.012,
            54.083,
            20.518,
            36.139,
            44.944,
            27.295,
            40.817,
            22.361
        ],
        [
            16.155,
            4.472,
            25.179,
            39.56,
            12.083,
            11.662,
            26.249,
            10.63,
            35.0,
            11.18,
            16.492,
            39.294,
            16.155,
            30.414,
            21.095,
            44.553,
            33.015,
            19.235,
            32.202,
            37.014,
            42.72,
            33.136,
            41.012,
            0.0,
            29.275,
            30.414,
            10.0,
            23.195,
            22.023,
            20.881,
            19.235
        ],
        [
            44.045,
            33.541,
            8.062,
            43.658,
            40.012,
            26.926,
            35.805,
            38.601,
            32.985,
            39.013,
            32.016,
            46.098,
            29.833,
            34.438,
            10.0,
            35.128,
            47.634,
            17.692,
            31.623,
            50.804,
            62.225,
            4.123,
            54.083,
            29.275,
            0.0,
            34.438,
            23.259,
            9.22,
            47.854,
            13.454,
            34.713
        ],
        [
            43.932,
            30.806,
            26.401,
            10.0,
            40.608,
            18.788,
            6.325,
            29.732,
            7.071,
            40.0,
            14.866,
            11.705,
            14.422,
            0.0,
            25.962,
            18.439,
            16.155,
            18.248,
            5.099,
            18.028,
            31.78,
            35.511,
            20.518,
            30.414,
            34.438,
            0.0,
            21.84,
            25.632,
            29.732,
            21.84,
            13.601
        ],
        [
            25.942,
            12.649,
            17.263,
            31.575,
            21.954,
            4.472,
            19.0,
            16.031,
            25.554,
            21.095,
            10.77,
            32.062,
            9.22,
            21.84,
            13.601,
            34.655,
            28.46,
            9.487,
            22.825,
            32.28,
            41.049,
            26.571,
            36.139,
            10.0,
            23.259,
            21.84,
            0.0,
            15.297,
            24.597,
            12.0,
            13.928
        ],
        [
            39.051,
            27.019,
            2.0,
            35.171,
            34.928,
            18.385,
            26.627,
            31.257,
            25.08,
            33.956,
            23.022,
            37.336,
            20.809,
            25.632,
            2.236,
            29.411,
            38.419,
            8.485,
            23.345,
            41.617,
            53.038,
            11.662,
            44.944,
            23.195,
            9.22,
            25.632,
            15.297,
            0.0,
            39.56,
            4.243,
            25.612
        ],
        [
            23.022,
            18.028,
            41.437,
            34.409,
            22.204,
            21.19,
            23.409,
            11.662,
            36.688,
            22.361,
            18.028,
            31.89,
            20.1,
            29.732,
            38.079,
            48.083,
            20.616,
            32.016,
            34.205,
            23.854,
            23.022,
            51.078,
            27.295,
            22.023,
            47.854,
            29.732,
            24.597,
            39.56,
            0.0,
            35.735,
            17.117
        ],
        [
            37.0,
            24.331,
            5.831,
            31.575,
            32.894,
            14.56,
            22.472,
            28.018,
            22.023,
            31.953,
            18.868,
            33.526,
            16.643,
            21.84,
            4.123,
            27.731,
            34.205,
            4.243,
            20.025,
            37.443,
            48.795,
            15.811,
            40.817,
            20.881,
            13.454,
            21.84,
            12.0,
            4.243,
            35.735,
            0.0,
            21.401
        ],
        [
            30.806,
            18.385,
            27.203,
            21.095,
            27.785,
            9.487,
            7.81,
            16.279,
            20.125,
            27.295,
            3.162,
            20.248,
            5.0,
            13.601,
            24.759,
            31.385,
            14.56,
            17.205,
            17.464,
            18.439,
            27.659,
            37.202,
            22.361,
            19.235,
            34.713,
            13.601,
            13.928,
            25.612,
            17.117,
            21.401,
            0.0
        ]
    ],
    "distances_scv": [
        [
            0.0,
            0.15,
            0.15,
            0.15,
            0.15,
            0.15,
            0.15,
            0.15,
            0.15,
            0.15,
            0.15,
            0.15,
            0.15,
            0.15,
            0.15,
            0.15,
            0.15,
            0.15,
            0.15,
            0.15,
            0.15,
            0.15,
            0.15,
            0.15,
            0.15,
            0.15,
            0.15,
            0.15,
            0.15,
            0.15,
            0.15
        ],
        [
            0.15,
            0.0,
            0.15,
            0.15,
            0.15,
            0.15,
            0.15,
            0.15,
            0.15,
            0.15,
            0.15,
            0.15,
            0.15,
            0.15,
            0.15,
            0.15,
            0.15,
            0.15,
            0.15,
            0.15,
            0.15,
            0.15,
            0.15,
            0.15,
            0.15,
            0.15,
            0.15,
            0.15,
            0.15,
            0.15,
            0.15
        ],
        [
            0.15,
            0.15,
            0.0,
            0.15,
            0.15,
            0.15,
            0.15,
            0.15,
            0.15,
            0.15,
            0.15,
            0.15,
            0.15,
            0.15,
            0.15,
            0.15,
            0.15,
            0.15,
            0.15,
            0.15,
            0.15,
            0.15,
            0.15,
            0.15,
            0.15,
            0.15,
            0.15,
            0.15,
            0.15,
            0.15,
            0.15
        ],
        [
            0.15,
            0.15,
            0.15,
            0.0,
            0.15,
            0.15,
            0.15,
            0.15,
            0.15,
            0.15,
            0.15,
            0.15,
            0.15,
            0.15,
            0.15,
            0.15,
            0.15,
            0.15,
            0.15,
            0.15,
            0.15,
            0.15,
            0.15,
            0.15,
            0.15,
            0.15,
            0.15,
            0.15,
            0.15,
            0.15,
            0.15
        ],
        [
            0.15,
            0.15,
            0.15,
            0.15,
            0.0,
            0.15,
            0.15,
            0.15,
            0.15,
            0.15,
            0.15,
            0.15,
            0.15,
            0.15,
            0.15,
            0.15,
            0.15,
            0.15,
            0.15,
            0.15,
            0.15,
            0.15,
            0.15,
            0.15,
            0.15,
            0.15,
            0.15,
            0.15,
            0.15,
            0.15,
            0.15
        ],
        [
            0.15,
            0.15,
            0.15,
            0.15,
            0.15,
            0.0,
            0.15,
            0.15,
            0.15,
            0.15,
            0.15,
            0.15,
            0.15,
            0.15,
            0.15,
            0.15,
            0.15,
            0.15,
            0.15,
            0.15,
            0.15,
            0.15,
            0.15,
            0.15,
            0.15,
            0.15,
            0.15,
            0.15,
            0.15,
            0.15,
            0.15
        ],
        [
            0.15,
            0.15,
            0.15,
            0.15,
            0.15,
            0.15,
            0.0,
            0.15,
            0.15,
            0.15,
            0.15,
            0.15,
            0.15,
            0.15,
            0.15,
            0.15,
            0.15,
            0.15,
            0.15,
            0.15,
            0.15,
            0.15,
            0.15,
            0.15,
            0.15,
            0.15,
            0.15,
            0.15,
            0.15,
            0.15,
            0.15
        ],
        [
            0.15,
            0.15,
            0.15,
            0.15,
            0.15,
            0.15,
            0.15,
            0.0,
            0.15,
            0.15,
            0.15,
            0.15,
            0.15,
            0.15,
            0.15,
            0.15,
            0.15,
            0.15,
            0.15,
            0.15,
            0.15,
            0.15,
            0.15,
            0.15,
            0.15,
            0.15,
            0.15,
            0.15,
            0.15,
            0.15,
            0.15
        ],
        [
            0.15,
            0.15,
            0.15,
            0.15,
            0.15,
            0.15,
            0.15,
            0.15,
            0.0,
            0.15,
            0.15,
            0.15,
            0.15,
            0.15,
            0.15,
            0.15,
            0.15,
            0.15,
            0.15,
            0.15,
            0.15,
            0.15,
            0.15,
            0.15,
            0.15,
            0.15,
            0.15,
            0.15,
            0.15,
            0.15,
            0.15
        ],
        [
            0.15,
            0.15,
            0.15,
            0.15,
            0.15,
            0.15,
            0.15,
            0.15,
            0.15,
            0.0,
            0.15,
            0.15,
            0.15,
            0.15,
            0.15,
            0.15,
            0.15,
            0.15,
            0.15,
            0.15,
            0.15,
            0.15,
            0.15,
            0.15,
            0.15,
            0.15,
            0.15,
            0.15,
            0.15,
            0.15,
            0.15
        ],
        [
            0.15,
            0.15,
            0.15,
            0.15,
            0.15,
            0.15,
            0.15,
            0.15,
            0.15,
            0.15,
            0.0,
            0.15,
            0.15,
            0.15,
            0.15,
            0.15,
            0.15,
            0.15,
            0.15,
            0.15,
            0.15,
            0.15,
            0.15,
            0.15,
            0.15,
            0.15,
            0.15,
            0.15,
            0.15,
            0.15,
            0.15
        ],
        [
            0.15,
            0.15,
            0.15,
            0.15,
            0.15,
            0.15,
            0.15,
            0.15,
            0.15,
            0.15,
            0.15,
            0.0,
            0.15,
            0.15,
            0.15,
            0.15,
            0.15,
            0.15,
            0.15,
            0.15,
            0.15,
            0.15,
            0.15,
            0.15,
            0.15,
            0.15,
            0.15,
            0.15,
            0.15,
            0.15,
            0.15
        ],
        [
            0.15,
            0.15,
            0.15,
            0.15,
            0.15,
            0.15,
            0.15,
            0.15,
            0.15,
            0.15,
            0.15,
            0.15,
            0.0,
            0.15,
            0.15,
            0.15,
            0.15,
            0.15,
            0.15,
            0.15,
            0.15,
            0.15,
            0.15,
            0.15,
            0.15,
            0.15,
            0.15,
            0.15,
            0.15,
            0.15,
            0.15
        ],
        [
            0.15,
            0.15,
            0.15,
            0.15,
            0.15,
            0.15,
            0.15,
            0.15,
            0.15,
            0.15,
            0.15,
            0.15,
            0.15,
            0.0,
            0.15,
            0.15,
            0.15,
            0.15,
            0.15,
            0.15,
            0.15,
            0.15,
            0.15,
            0.15,
            0.15,
            0.15,
            0.15,
            0.15,
            0.15,
            0.15,
            0.15
        ],
        [
            0.15,
            0.15,
            0.15,
            0.15,
            0.15,
            0.15,
            0.15,
            0.15,
            0.15,
            0.15,
            0.15,
            0.15,
            0.15,
            0.15,
            0.0,
            0.15,
            0.15,
            0.15,
            0.15,
            0.15,
            0.15,
            0.15,
            0.15,
            0.15,
            0.15,
            0.15,
            0.15,
            0.15,
            0.15,
            0.15,
            0.15
        ],
        [
            0.15,
            0.15,
            0.15,
            0.15,
            0.15,
            0.15,
            0.15,
            0.15,
            0.15,
            0.15,
            0.15,
            0.15,
            0.15,
            0.15,
            0.15,
            0.0,
            0.15,
            0.15,
            0.15,
            0.15,
            0.15,
            0.15,
            0.15,
            0.15,
            0.15,
            0.15,
            0.15,
            0.15,
            0.15,
            0.15,
            0.15
        ],
        [
            0.15,
            0.15,
            0.15,
            0.15,
            0.15,
            0.15,
            0.15,
            0.15,
            0.15,
            0.15,
            0.15,
            0.15,
            0.15,
            0.15,
            0.15,
            0.15,
            0.0,
            0.15,
            0.15,
            0.15,
            0.15,
            0.15,
            0.15,
            0.15,
            0.15,
            0.15,
            0.15,
            0.15,
            0.15,
            0.15,
            0.15
        ],
        [
            0.15,
            0.15,
            0.15,
            0.15,
            0.15,
            0.15,
            0.15,
            0.15,
            0.15,
            0.15,
            0.15,
            0.15,
            0.15,
            0.15,
            0.15,
            0.15,
            0.15,
            0.0,
            0.15,
            0.15,
            0.15,
            0.15,
            0.15,
            0.15,
            0.15,
            0.15,
            0.15,
            0.15,
            0.15,
            0.15,
            0.15
        ],
        [
            0.15,
            0.15,
            0.15,
            0.15,
            0.15,
            0.15,
            0.15,
            0.15,
            0.15,
            0.15,
            0.15,
            0.15,
            0.15,
            0.15,
            0.15,
            0.15,
            0.15,
            0.15,
            0.0,
            0.15,
            0.15,
            0.15,
            0.15,
            0.15,
            0.15,
            0.15,
            0.15,
            0.15,
            0.15,
            0.15,
            0.15
        ],
        [
            0.15,
            0.15,
            0.15,
            0.15,
            0.15,
            0.15,
            0.15,
            0.15,
            0.15,
            0.15,
            0.15,
            0.15,
            0.15,
            0.15,
            0.15,
            0.15,
            0.15,
            0.15,
            0.15,
            0.0,
            0.15,
            0.15,
            0.15,
            0.15,
            0.15,
            0.15,
            0.15,
            0.15,
            0.15,
            0.15,
            0.15
        ],
        [
            0.15,
            0.15,
            0.15,
            0.15,
            0.15,
            0.15,
            0.15,
            0.15,
            0.15,
            0.15,
            0.15,
            0.15,
            0.15,
            0.15,
            0.15,
            0.15,
            0.15,
            0.15,
            0.15,
            0.15,
            0.0,
            0.15,
            0.15,
            0.15,
            0.15,
            0.15,
            0.15,
            0.15,
            0.15,
            0.15,
            0.15
        ],
        [
            0.15,
            0.15,
            0.15,
            0.15,
            0.15,
            0.15,
            0.15,
            0.15,
            0.15,
            0.15,
            0.15,
            0.15,
            0.15,
            0.15,
            0.15,
            0.15,
            0.15,
            0.15,
            0.15,
            0.15,
            0.15,
            0.0,
            0.15,
            0.15,
            0.15,
            0.15,
            0.15,
            0.15,
            0.15,
            0.15,
            0.15
        ],
        [
            0.15,
            0.15,
            0.15,
            0.15,
            0.15,
            0.15,
            0.15,
            0.15,
            0.15,
            0.15,
            0.15,
            0.15,
            0.15,
            0.15,
            0.15,
            0.15,
            0.15,
            0.15,
            0.15,
            0.15,
            0.15,
            0.15,
            0.0,
            0.15,
            0.15,
            0.15,
            0.15,
            0.15,
            0.15,
            0.15,
            0.15
        ],
        [
            0.15,
            0.15,
            0.15,
            0.15,
            0.15,
            0.15,
            0.15,
            0.15,
            0.15,
            0.15,
            0.15,
            0.15,
            0.15,
            0.15,
            0.15,
            0.15,
            0.15,
            0.15,
            0.15,
            0.15,
            0.15,
            0.15,
            0.15,
            0.0,
            0.15,
            0.15,
            0.15,
            0.15,
            0.15,
            0.15,
            0.15
        ],
        [
            0.15,
            0.15,
            0.15,
            0.15,
            0.15,
            0.15,
            0.15,
            0.15,
            0.15,
            0.15,
            0.15,
            0.15,
            0.15,
            0.15,
            0.15,
            0.15,
            0.15,
            0.15,
            0.15,
            0.15,
            0.15,
            0.15,
            0.15,
            0.15,
            0.0,
            0.15,
            0.15,
            0.15,
            0.15,
            0.15,
            0.15
        ],
        [
            0.15,
            0.15,
            0.15,
            0.15,
            0.15,
            0.15,
            0.15,
            0.15,
            0.15,
            0.15,
            0.15,
            0.15,
            0.15,
            0.15,
            0.15,
            0.15,
            0.15,
            0.15,
            0.15,
            0.15,
            0.15,
            0.15,
            0.15,
            0.15,
            0.15,
            0.0,
            0.15,
            0.15,
            0.15,
            0.15,
            0.15
        ],
        [
            0.15,
            0.15,
            0.15,
            0.15,
            0.15,
            0.15,
            0.15,
            0.15,
            0.15,
            0.15,
            0.15,
            0.15,
            0.15,
            0.15,
            0.15,
            0.15,
            0.15,
            0.15,
            0.15,
            0.15,
            0.15,
            0.15,
            0.15,
            0.15,
            0.15,
            0.15,
            0.0,
            0.15,
            0.15,
            0.15,
            0.15
        ],
        [
            0.15,
            0.15,
            0.15,
            0.15,
            0.15,
            0.15,
            0.15,
            0.15,
            0.15,
            0.15,
            0.15,
            0.15,
            0.15,
            0.15,
            0.15,
            0.15,
            0.15,
            0.15,
            0.15,
            0.15,
            0.15,
            0.15,
            0.15,
            0.15,
            0.15,
            0.15,
            0.15,
            0.0,
            0.15,
            0.15,
            0.15
        ],
        [
            0.15,
            0.15,
            0.15,
            0.15,
            0.15,
            0.15,
            0.15,
            0.15,
            0.15,
            0.15,
            0.15,
            0.15,
            0.15,
            0.15,
            0.15,
            0.15,
            0.15,
            0.15,
            0.15,
            0.15,
            0.15,
            0.15,
            0.15,
            0.15,
            0.15,
            0.15,
            0.15,
            0.15,
            0.0,
            0.15,
            0.15
        ],
        [
            0.15,
            0.15,
            0.15,
            0.15,
            0.15,
            0.15,
            0.15,
            0.15,
            0.15,
            0.15,
            0.15,
            0.15,
            0.15,
            0.15,
            0.15,
            0.15,
            0.15,
            0.15,
            0.15,
            0.15,
            0.15,
            0.15,
            0.15,
            0.15,
            0.15,
            0.15,
            0.15,
            0.15,
            0.15,
            0.0,
            0.15
        ],
        [
            0.15,
            0.15,
            0.15,
            0.15,
            0.15,
            0.15,
            0.15,
            0.15,
            0.15,
            0.15,
            0.15,
            0.15,
            0.15,
            0.15,
            0.15,
            0.15,
            0.15,
            0.15,
            0.15,
            0.15,
            0.15,
            0.15,
            0.15,
            0.15,
            0.15,
            0.15,
            0.15,
            0.15,
            0.15,
            0.15,
            0.0
        ]
    ],
    "service_scv": [
        0.0,
        0.958,
        0.695,
        0.965,
        0.894,
        1.451,
        0.808,
        1.39,
        0.526,
        0.634,
        0.795,
        1.241,
        1.102,
        0.916,
        0.914,
        1.341,
        0.717,
        1.288,
        0.873,
        1.193,
        1.317,
        0.93,
        0.695,
        0.741,
        0.747,
        0.596,
        0.927,
        1.144,
        0.887,
        1.457,
        1.439
    ],
    "service": [
        0,
        48,
        35,
        36,
        48,
        41,
        45,
        53,
        33,
        36,
        34,
        49,
        32,
        46,
        38,
        46,
        52,
        36,
        55,
        55,
        48,
        47,
        48,
        51,
        57,
        49,
        55,
        40,
        36,
        53,
        47
    ]
}
