{
    "coords": [
        [
            0,
            0
        ],
        [
            35,
            40
        ],
        [
            12,
            17
        ],
        [
            10,
            2
        ],
        [
            22,
            28
        ],
        [
            48,
            7
        ],
        [
            49,
            35
        ],
        [
            23,
            17
        ],
        [
            34,
            22
        ],
        [
            13,
            48
        ],
        [
            10,
            39
        ],
        [
            4,
            42
        ],
        [
            7,
            27
        ],
        [
            26,
            47
        ],
        [
            44,
            0
        ],
        [
            46,
            44
        ],
        [
            16,
            19
        ],
        [
            21,
            11
        ],
        [
            11,
            26
        ],
        [
            33,
            47
        ],
        [
            46,
            16
        ],
        [
            11,
            45
        ],
        [
            4,
            23
        ],
        [
            29,
            48
        ],
        [
            21,
            38
        ],
        [
            45,
            39
        ],
        [
            39,
            18
        ],
        [
            47,
            29
        ],
        [
            23,
            12
        ],
        [
            3,
            40
        ],
        [
            4,
            12
        ]
    ],
    "dimension": 31,
    "distances": [
        [
            0.0,
            53.151,
            20.809,
            10.198,
            35.609,
            48.508,
            60.216,
            28.601,
            40.497,
            49.729,
            40.262,
            42.19,
            27.893,
            53.712,
            44.0,
            63.655,
            24.839,
            23.707,
            28.231,
            57.428,
            48.703,
            46.325,
            23.345,
            56.08,
            43.417,
            59.548,
            42.953,
            55.227,
            25.942,
            40.112,
            12.649
        ],
        [
            53.151,
            0.0,
            32.527,
            45.486,
            17.692,
            35.468,
            14.866,
            25.942,
            18.028,
            23.409,
            25.02,
            31.064,
            30.871,
            11.402,
            41.0,
            11.705,
            28.32,
            32.202,
            27.785,
            7.28,
            26.401,
            24.515,
            35.355,
            10.0,
            14.142,
            10.05,
            22.361,
            16.279,
            30.463,
            32.0,
            41.773
        ],
        [
            20.809,
            32.527,
            0.0,
            15.133,
            14.866,
            37.363,
            41.146,
            11.0,
            22.561,
            31.016,
            22.091,
            26.249,
            11.18,
            33.106,
            36.235,
            43.417,
            4.472,
            10.817,
            9.055,
            36.62,
            34.015,
            28.018,
            10.0,
            35.355,
            22.847,
            39.661,
            27.019,
            37.0,
            12.083,
            24.698,
            9.434
        ],
        [
            10.198,
            45.486,
            15.133,
            0.0,
            28.636,
            38.328,
            51.088,
            19.849,
            31.241,
            46.098,
            37.0,
            40.447,
            25.179,
            47.76,
            34.059,
            55.317,
            18.028,
            14.213,
            24.021,
            50.537,
            38.626,
            43.012,
            21.84,
            49.769,
            37.643,
            50.931,
            33.121,
            45.804,
            16.401,
            38.639,
            11.662
        ],
        [
            35.609,
            17.692,
            14.866,
            28.636,
            0.0,
            33.422,
            27.893,
            11.045,
            13.416,
            21.932,
            16.279,
            22.804,
            15.033,
            19.416,
            35.609,
            28.844,
            10.817,
            17.029,
            11.18,
            21.954,
            26.833,
            20.248,
            18.682,
            21.19,
            10.05,
            25.495,
            19.723,
            25.02,
            16.031,
            22.472,
            24.083
        ],
        [
            48.508,
            35.468,
            37.363,
            38.328,
            33.422,
            0.0,
            28.018,
            26.926,
            20.518,
            53.907,
            49.679,
            56.223,
            45.618,
            45.651,
            8.062,
            37.054,
            34.176,
            27.295,
            41.593,
            42.72,
            9.22,
            53.038,
            46.819,
            45.188,
            41.11,
            32.14,
            14.213,
            22.023,
            25.495,
            55.803,
            44.283
        ],
        [
            60.216,
            14.866,
            41.146,
            51.088,
            27.893,
            28.018,
            0.0,
            31.623,
            19.849,
            38.275,
            39.205,
            45.541,
            42.755,
            25.942,
            35.355,
            9.487,
            36.674,
            36.878,
            39.051,
            20.0,
            19.235,
            39.294,
            46.573,
            23.854,
            28.16,
            5.657,
            19.723,
            6.325,
            34.713,
            46.271,
            50.537
        ],
        [
            28.601,
            25.942,
            11.0,
            19.849,
            11.045,
            26.926,
            31.623,
            0.0,
            12.083,
            32.573,
            25.554,
            31.401,
            18.868,
            30.15,
            27.019,
            35.468,
            7.28,
            6.325,
            15.0,
            31.623,
            23.022,
            30.463,
            19.925,
            31.575,
            21.095,
            31.113,
            16.031,
            26.833,
            5.0,
            30.48,
            19.647
        ],
        [
            40.497,
            18.028,
            22.561,
            31.241,
            13.416,
            20.518,
            19.849,
            12.083,
            0.0,
            33.422,
            29.411,
            36.056,
            27.459,
            26.249,
            24.166,
            25.06,
            18.248,
            17.029,
            23.345,
            25.02,
            13.416,
            32.527,
            30.017,
            26.476,
            20.616,
            20.248,
            6.403,
            14.765,
            14.866,
            35.847,
            31.623
        ],
        [
            49.729,
            23.409,
            31.016,
            46.098,
            21.932,
            53.907,
            38.275,
            32.573,
            33.422,
            0.0,
            9.487,
            10.817,
            21.84,
            13.038,
            57.14,
            33.242,
            29.155,
            37.855,
            22.091,
            20.025,
            45.967,
            3.606,
            26.571,
            16.0,
            12.806,
            33.242,
            39.699,
            38.949,
            37.363,
            12.806,
            37.108
        ],
        [
            40.262,
            25.02,
            22.091,
            37.0,
            16.279,
            49.679,
            39.205,
            25.554,
            29.411,
            9.487,
            0.0,
            6.708,
            12.369,
            17.889,
            51.74,
            36.346,
            20.881,
            30.083,
            13.038,
            24.352,
            42.72,
            6.083,
            17.088,
            21.024,
            11.045,
            35.0,
            35.805,
            38.328,
            29.967,
            7.071,
            27.659
        ],
        [
            42.19,
            31.064,
            26.249,
            40.447,
            22.804,
            56.223,
            45.541,
            31.401,
            36.056,
            10.817,
            6.708,
            0.0,
            15.297,
            22.561,
            58.0,
            42.048,
            25.942,
            35.355,
            17.464,
            29.428,
            49.396,
            7.616,
            19.0,
            25.71,
            17.464,
            41.11,
            42.438,
            44.922,
            35.511,
            2.236,
            30.0
        ],
        [
            27.893,
            30.871,
            11.18,
            25.179,
            15.033,
            45.618,
            42.755,
            18.868,
            27.459,
            21.84,
            12.369,
            15.297,
            0.0,
            27.586,
            45.804,
            42.544,
            12.042,
            21.26,
            4.123,
            32.802,
            40.522,
            18.439,
            5.0,
            30.414,
            17.804,
            39.85,
            33.242,
            40.05,
            21.932,
            13.601,
            15.297
        ],
        [
            53.712,
            11.402,
            33.106,
            47.76,
            19.416,
            45.651,
            25.942,
            30.15,
            26.249,
            13.038,
            17.889,
            22.561,
            27.586,
            0.0,
            50.329,
            20.224,
            29.732,
            36.346,
            25.807,
            7.0,
            36.892,
            15.133,
            32.558,
            3.162,
            10.296,
            20.616,
            31.78,
            27.659,
            35.128,
            24.042,
            41.34
        ],
        [
            44.0,
            41.0,
            36.235,
            34.059,
            35.609,
            8.062,
            35.355,
            27.019,
            24.166,
            57.14,
            51.74,
            58.0,
            45.804,
            50.329,
            0.0,
            44.045,
            33.838,
            25.495,
            42.012,
            48.27,
            16.125,
            55.803,
            46.141,
            50.289,
            44.418,
            39.013,
            18.682,
            29.155,
            24.187,
            57.28,
            41.761
        ],
        [
            63.655,
            11.705,
            43.417,
            55.317,
            28.844,
            37.054,
            9.487,
            35.468,
            25.06,
            33.242,
            36.346,
            42.048,
            42.544,
            20.224,
            44.045,
            0.0,
            39.051,
            41.4,
            39.357,
            13.342,
            28.0,
            35.014,
            46.957,
            17.464,
            25.71,
            5.099,
            26.926,
            15.033,
            39.408,
            43.186,
            52.802
        ],
        [
            24.839,
            28.32,
            4.472,
            18.028,
            10.817,
            34.176,
            36.674,
            7.28,
            18.248,
            29.155,
            20.881,
            25.942,
            12.042,
            29.732,
            33.838,
            39.051,
            0.0,
            9.434,
            8.602,
            32.757,
            30.15,
            26.476,
            12.649,
            31.78,
            19.647,
            35.228,
            23.022,
            32.573,
            9.899,
            24.698,
            13.892
        ],
        [
            23.707,
            32.202,
            10.817,
            14.213,
            17.029,
            27.295,
            36.878,
            6.325,
            17.029,
            37.855,
            30.083,
            35.355,
            21.26,
            36.346,
            25.495,
            41.4,
            9.434,
            0.0,
            18.028,
            37.947,
            25.495,
            35.44,
            20.809,
            37.855,
            27.0,
            36.878,
            19.313,
            31.623,
            2.236,
            34.132,
            17.029
        ],
        [
            28.231,
            27.785,
            9.055,
            24.021,
            11.18,
            41.593,
            39.051,
            15.0,
            23.345,
            22.091,
            13.038,
            17.464,
            4.123,
            25.807,
            42.012,
            39.357,
            8.602,
            18.028,
            0.0,
            30.414,
            36.401,
            19.0,
            7.616,
            28.425,
            15.62,
            36.401,
            29.12,
            36.125,
            18.439,
            16.125,
            15.652
        ],
        [
            57.428,
            7.28,
            36.62,
            50.537,
            21.954,
            42.72,
            20.0,
            31.623,
            25.02,
            20.025,
            24.352,
            29.428,
            32.802,
            7.0,
            48.27,
            13.342,
            32.757,
            37.947,
            30.414,
            0.0,
            33.615,
            22.091,
            37.643,
            4.123,
            15.0,
            14.422,
            29.614,
            22.804,
            36.401,
            30.806,
            45.453
        ],
        [
            48.703,
            26.401,
            34.015,
            38.626,
            26.833,
            9.22,
            19.235,
            23.022,
            13.416,
            45.967,
            42.72,
            49.396,
            40.522,
            36.892,
            16.125,
            28.0,
            30.15,
            25.495,
            36.401,
            33.615,
            0.0,
            45.453,
            42.579,
            36.235,
            33.302,
            23.022,
            7.28,
            13.038,
            23.345,
            49.244,
            42.19
        ],
        [
            46.325,
            24.515,
            28.018,
            43.012,
            20.248,
            53.038,
            39.294,
            30.463,
            32.527,
            3.606,
            6.083,
            7.616,
            18.439,
            15.133,
            55.803,
            35.014,
            26.476,
            35.44,
            19.0,
            22.091,
            45.453,
            0.0,
            23.087,
            18.248,
            12.207,
            34.525,
            38.897,
            39.395,
            35.114,
            9.434,
            33.734
        ],
        [
            23.345,
            35.355,
            10.0,
            21.84,
            18.682,
            46.819,
            46.573,
            19.925,
            30.017,
            26.571,
            17.088,
            19.0,
            5.0,
            32.558,
            46.141,
            46.957,
            12.649,
            20.809,
            7.616,
            37.643,
            42.579,
            23.087,
            0.0,
            35.355,
            22.672,
            44.011,
            35.355,
            43.417,
            21.954,
            17.029,
            11.0
        ],
        [
            56.08,
            10.0,
            35.355,
            49.769,
            21.19,
            45.188,
            23.854,
            31.575,
            26.476,
            16.0,
            21.024,
            25.71,
            30.414,
            3.162,
            50.289,
            17.464,
            31.78,
            37.855,
            28.425,
            4.123,
            36.235,
            18.248,
            35.355,
            0.0,
            12.806,
            18.358,
            31.623,
            26.173,
            36.497,
            27.203,
            43.829
        ],
        [
            43.417,
            14.142,
            22.847,
            37.643,
            10.05,
            41.11,
            28.16,
            21.095,
            20.616,
            12.806,
            11.045,
            17.464,
            17.804,
            10.296,
            44.418,
            25.71,
            19.647,
            27.0,
            15.62,
            15.0,
            33.302,
            12.207,
            22.672,
            12.806,
            0.0,
            24.021,
            26.907,
            27.514,
            26.077,
            18.111,
            31.064
        ],
        [
            59.548,
            10.05,
            39.661,
            50.931,
            25.495,
            32.14,
            5.657,
            31.113,
            20.248,
            33.242,
            35.0,
            41.11,
            39.85,
            20.616,
            39.013,
            5.099,
            35.228,
            36.878,
            36.401,
            14.422,
            23.022,
            34.525,
            44.011,
            18.358,
            24.021,
            0.0,
            21.84,
            10.198,
            34.828,
            42.012,
            49.092
        ],
        [
            42.953,
            22.361,
            27.019,
            33.121,
            19.723,
            14.213,
            19.723,
            16.031,
            6.403,
            39.699,
            35.805,
            42.438,
            33.242,
            31.78,
            18.682,
            26.926,
            23.022,
            19.313,
            29.12,
            29.614,
            7.28,
            38.897,
            35.355,
            31.623,
            26.907,
            21.84,
            0.0,
            13.601,
            17.088,
            42.19,
            35.511
        ],
        [
            55.227,
            16.279,
            37.0,
            45.804,
            25.02,
            22.023,
            6.325,
            26.833,
            14.765,
            38.949,
            38.328,
            44.922,
            40.05,
            27.659,
            29.155,
            15.033,
            32.573,
            31.623,
            36.125,
            22.804,
            13.038,
            39.395,
            43.417,
            26.173,
            27.514,
            10.198,
            13.601,
            0.0,
            29.411,
            45.354,
            46.239
        ],
        [
            25.942,
            30.463,
            12.083,
            16.401,
            16.031,
            25.495,
            34.713,
            5.0,
            14.866,
            37.363,
            29.967,
            35.511,
            21.932,
            35.128,
            24.187,
            39.408,
            9.899,
            2.236,
            18.439,
            36.401,
            23.345,
            35.114,
            21.954,
            36.497,
            26.077,
            34.828,
            17.088,
            29.411,
            0.0,
            34.409,
            19.0
        ],
        [
            40.112,
            32.0,
            24.698,
            38.639,
            22.472,
            55.803,
            46.271,
            30.48,
            35.847,
            12.806,
            7.071,
            2.236,
            13.601,
            24.042,
            57.28,
            43.186,
            24.698,
            34.132,
            16.125,
            30.806,
            49.244,
            9.434,
            17.029,
            27.203,
            18.111,
            42.012,
            42.19,
            45.354,
            34.409,
            0.0,
            28.018
        ],
        [
            12.649,
            41.773,
            9.434,
            11.662,
            24.083,
            44.283,
            50.537,
            19.647,
            31.623,
            37.108,
            27.659,
            30.0,
            15.297,
            41.34,
            41.761,
            52.802,
            13.892,
            17.029,
            15.652,
            45.453,
            42.19,
            33.734,
            11.0,
            43.829,
            31.064,
            49.092,
            35.511,
            46.239,
            19.0,
            28.018,
            0.0
        ]
    ],
    "distances_scv": [
        [
            0.0,
            0.15,
            0.15,
            0.15,
            0.15,
            0.15,
            0.15,
            0.15,
            0.15,
            0.15,
            0.15,
            0.15,
            0.15,
            0.15,
            0.15,
            0.15,
            0.15,
            0.15,
            0.15,
            0.15,
            0.15,
            0.15,
            0.15,
            0.15,
            0.15,
            0.15,
            0.15,
            0.15,
            0.15,
            0.15,
            0.15
        ],
        [
            0.15,
            0.0,
            0.15,
            0.15,
            0.15,
            0.15,
            0.15,
            0.15,
            0.15,
            0.15,
            0.15,
            0.15,
            0.15,
            0.15,
            0.15,
            0.15,
            0.15,
            0.15,
            0.15,
            0.15,
            0.15,
            0.15,
            0.15,
            0.15,
            0.15,
            0.15,
            0.15,
            0.15,
            0.15,
            0.15,
            0.15
        ],
        [
            0.15,
            0.15,
            0.0,
            0.15,
            0.15,
            0.15,
            0.15,
            0.15,
            0.15,
            0.15,
            0.15,
            0.15,
            0.15,
            0.15,
            0.15,
            0.15,
            0.15,
            0.15,
            0.15,
            0.15,
            0.15,
            0.15,
            0.15,
            0.15,
            0.15,
            0.15,
            0.15,
            0.15,
            0.15,
            0.15,
            0.15
        ],
        [
            0.15,
            0.15,
            0.15,
            0.0,
            0.15,
            0.15,
            0.15,
            0.15,
            0.15,
            0.15,
            0.15,
            0.15,
            0.15,
            0.15,
            0.15,
            0.15,
            0.15,
            0.15,
            0.15,
            0.15,
            0.15,
            0.15,
            0.15,
            0.15,
            0.15,
            0.15,
            0.15,
            0.15,
            0.15,
            0.15,
            0.15
        ],
        [
            0.15,
            0.15,
            0.15,
            0.15,
            0.0,
            0.15,
            0.15,
            0.15,
            0.15,
            0.15,
            0.15,
            0.15,
            0.15,
            0.15,
            0.15,
            0.15,
            0.15,
            0.15,
            0.15,
            0.15,
            0.15,
            0.15,
            0.15,
            0.15,
            0.15,
            0.15,
            0.15,
            0.15,
            0.15,
            0.15,
            0.15
        ],
        [
            0.15,
            0.15,
            0.15,
            0.15,
            0.15,
            0.0,
            0.15,
            0.15,
            0.15,
            0.15,
            0.15,
            0.15,
            0.15,
            0.15,
            0.15,
            0.15,
            0.15,
            0.15,
            0.15,
            0.15,
            0.15,
            0.15,
            0.15,
            0.15,
            0.15,
            0.15,
            0.15,
            0.15,
            0.15,
            0.15,
            0.15
        ],
        [
            0.15,
            0.15,
            0.15,
            0.15,
            0.15,
            0.15,
            0.0,
            0.15,
            0.15,
            0.15,
            0.15,
            0.15,
            0.15,
            0.15,
            0.15,
            0.15,
            0.15,
            0.15,
            0.15,
            0.15,
            0.15,
            0.15,
            0.15,
            0.15,
            0.15,
            0.15,
            0.15,
            0.15,
            0.15,
            0.15,
            0.15
        ],
        [
            0.15,
            0.15,
            0.15,
            0.15,
            0.15,
            0.15,
            0.15,
            0.0,
            0.15,
            0.15,
            0.15,
            0.15,
            0.15,
            0.15,
            0.15,
            0.15,
            0.15,
            0.15,
            0.15,
            0.15,
            0.15,
            0.15,
            0.15,
            0.15,
            0.15,
            0.15,
            0.15,
            0.15,
            0.15,
            0.15,
            0.15
        ],
        [
            0.15,
            0.15,
            0.15,
            0.15,
            0.15,
            0.15,
            0.15,
            0.15,
            0.0,
            0.15,
            0.15,
            0.15,
            0.15,
            0.15,
            0.15,
            0.15,
            0.15,
            0.15,
            0.15,
            0.15,
            0.15,
            0.15,
            0.15,
            0.15,
            0.15,
            0.15,
            0.15,
            0.15,
            0.15,
            0.15,
            0.15
        ],
        [
            0.15,
            0.15,
            0.15,
            0.15,
            0.15,
            0.15,
            0.15,
            0.15,
            0.15,
            0.0,
            0.15,
            0.15,
            0.15,
            0.15,
            0.15,
            0.15,
            0.15,
            0.15,
            0.15,
            0.15,
            0.15,
            0.15,
            0.15,
            0.15,
            0.15,
            0.15,
            0.15,
            0.15,
            0.15,
            0.15,
            0.15
        ],
        [
            0.15,
            0.15,
            0.15,
            0.15,
            0.15,
            0.15,
            0.15,
            0.15,
            0.15,
            0.15,
            0.0,
            0.15,
            0.15,
            0.15,
            0.15,
            0.15,
            0.15,
            0.15,
            0.15,
            0.15,
            0.15,
            0.15,
            0.15,
            0.15,
            0.15,
            0.15,
            0.15,
            0.15,
            0.15,
            0.15,
            0.15
        ],
        [
            0.15,
            0.15,
            0.15,
            0.15,
            0.15,
            0.15,
            0.15,
            0.15,
            0.15,
            0.15,
            0.15,
            0.0,
            0.15,
            0.15,
            0.15,
            0.15,
            0.15,
            0.15,
            0.15,
            0.15,
            0.15,
            0.15,
            0.15,
            0.15,
            0.15,
            0.15,
            0.15,
            0.15,
            0.15,
            0.15,
            0.15
        ],
        [
            0.15,
            0.15,
            0.15,
            0.15,
            0.15,
            0.15,
            0.15,
            0.15,
            0.15,
            0.15,
            0.15,
            0.15,
            0.0,
            0.15,
            0.15,
            0.15,
            0.15,
            0.15,
            0.15,
            0.15,
            0.15,
            0.15,
            0.15,
            0.15,
            0.15,
            0.15,
            0.15,
            0.15,
            0.15,
            0.15,
            0.15
        ],
        [
            0.15,
            0.15,
            0.15,
            0.15,
            0.15,
            0.15,
            0.15,
            0.15,
            0.15,
            0.15,
            0.15,
            0.15,
            0.15,
            0.0,
            0.15,
            0.15,
            0.15,
            0.15,
            0.15,
            0.15,
            0.15,
            0.15,
            0.15,
            0.15,
            0.15,
            0.15,
            0.15,
            0.15,
            0.15,
            0.15,
            0.15
        ],
        [
            0.15,
            0.15,
            0.15,
            0.15,
            0.15,
            0.15,
            0.15,
            0.15,
            0.15,
            0.15,
            0.15,
            0.15,
            0.15,
            0.15,
            0.0,
            0.15,
            0.15,
            0.15,
            0.15,
            0.15,
            0.15,
            0.15,
            0.15,
            0.15,
            0.15,
            0.15,
            0.15,
            0.15,
            0.15,
            0.15,
            0.15
        ],
        [
            0.15,
            0.15,
            0.15,
            0.15,
            0.15,
            0.15,
            0.15,
            0.15,
            0.15,
            0.15,
            0.15,
            0.15,
            0.15,
            0.15,
            0.15,
            0.0,
            0.15,
            0.15,
            0.15,
            0.15,
            0.15,
            0.15,
            0.15,
            0.15,
            0.15,
            0.15,
            0.15,
            0.15,
            0.15,
            0.15,
            0.15
        ],
        [
            0.15,
            0.15,
            0.15,
            0.15,
            0.15,
            0.15,
            0.15,
            0.15,
            0.15,
            0.15,
            0.15,
            0.15,
            0.15,
            0.15,
            0.15,
            0.15,
            0.0,
            0.15,
            0.15,
            0.15,
            0.15,
            0.15,
            0.15,
            0.15,
            0.15,
            0.15,
            0.15,
            0.15,
            0.15,
            0.15,
            0.15
        ],
        [
            0.15,
            0.15,
            0.15,
            0.15,
            0.15,
            0.15,
            0.15,
            0.15,
            0.15,
            0.15,
            0.15,
            0.15,
            0.15,
            0.15,
            0.15,
            0.15,
            0.15,
            0.0,
            0.15,
            0.15,
            0.15,
            0.15,
            0.15,
            0.15,
            0.15,
            0.15,
            0.15,
            0.15,
            0.15,
            0.15,
            0.15
        ],
        [
            0.15,
            0.15,
            0.15,
            0.15,
            0.15,
            0.15,
            0.15,
            0.15,
            0.15,
            0.15,
            0.15,
            0.15,
            0.15,
            0.15,
            0.15,
            0.15,
            0.15,
            0.15,
            0.0,
            0.15,
            0.15,
            0.15,
            0.15,
            0.15,
            0.15,
            0.15,
            0.15,
            0.15,
            0.15,
            0.15,
            0.15
        ],
        [
            0.15,
            0.15,
            0.15,
            0.15,
            0.15,
            0.15,
            0.15,
            0.15,
            0.15,
            0.15,
            0.15,
            0.15,
            0.15,
            0.15,
            0.15,
            0.15,
            0.15,
            0.15,
            0.15,
            0.0,
            0.15,
            0.15,
            0.15,
            0.15,
            0.15,
            0.15,
            0.15,
            0.15,
            0.15,
            0.15,
            0.15
        ],
        [
            0.15,
            0.15,
            0.15,
            0.15,
            0.15,
            0.15,
            0.15,
            0.15,
            0.15,
            0.15,
            0.15,
            0.15,
            0.15,
            0.15,
            0.15,
            0.15,
            0.15,
            0.15,
            0.15,
            0.15,
            0.0,
            0.15,
            0.15,
            0.15,
            0.15,
            0.15,
            0.15,
            0.15,
            0.15,
            0.15,
            0.15
        ],
        [
            0.15,
            0.15,
            0.15,
            0.15,
            0.15,
            0.15,
            0.15,
            0.15,
            0.15,
            0.15,
            0.15,
            0.15,
            0.15,
            0.15,
            0.15,
            0.15,
            0.15,
            0.15,
            0.15,
            0.15,
            0.15,
            0.0,
            0.15,
            0.15,
            0.15,
            0.15,
            0.15,
            0.15,
            0.15,
            0.15,
            0.15
        ],
        [
            0.15,
            0.15,
            0.15,
            0.15,
            0.15,
            0.15,
            0.15,
            0.15,
            0.15,
            0.15,
            0.15,
            0.15,
            0.15,
            0.15,
            0.15,
            0.15,
            0.15,
            0.15,
            0.15,
            0.15,
            0.15,
            0.15,
            0.0,
            0.15,
            0.15,
            0.15,
            0.15,
            0.15,
            0.15,
            0.15,
            0.15
        ],
        [
            0.15,
            0.15,
            0.15,
            0.15,
            0.15,
            0.15,
            0.15,
            0.15,
            0.15,
            0.15,
            0.15,
            0.15,
            0.15,
            0.15,
            0.15,
            0.15,
            0.15,
            0.15,
            0.15,
            0.15,
            0.15,
            0.15,
            0.15,
            0.0,
            0.15,
            0.15,
            0.15,
            0.15,
            0.15,
            0.15,
            0.15
        ],
        [
            0.15,
            0.15,
            0.15,
            0.15,
            0.15,
            0.15,
            0.15,
            0.15,
            0.15,
            0.15,
            0.15,
            0.15,
            0.15,
            0.15,
            0.15,
            0.15,
            0.15,
            0.15,
            0.15,
            0.15,
            0.15,
            0.15,
            0.15,
            0.15,
            0.0,
            0.15,
            0.15,
            0.15,
            0.15,
            0.15,
            0.15
        ],
        [
            0.15,
            0.15,
            0.15,
            0.15,
            0.15,
            0.15,
            0.15,
            0.15,
            0.15,
            0.15,
            0.15,
            0.15,
            0.15,
            0.15,
            0.15,
            0.15,
            0.15,
            0.15,
            0.15,
            0.15,
            0.15,
            0.15,
            0.15,
            0.15,
            0.15,
            0.0,
            0.15,
            0.15,
            0.15,
            0.15,
            0.15
        ],
        [
            0.15,
            0.15,
            0.15,
            0.15,
            0.15,
            0.15,
            0.15,
            0.15,
            0.15,
            0.15,
            0.15,
            0.15,
            0.15,
            0.15,
            0.15,
            0.15,
            0.15,
            0.15,
            0.15,
            0.15,
            0.15,
            0.15,
            0.15,
            0.15,
            0.15,
            0.15,
            0.0,
            0.15,
            0.15,
            0.15,
            0.15
        ],
        [
            0.15,
            0.15,
            0.15,
            0.15,
            0.15,
            0.15,
            0.15,
            0.15,
            0.15,
            0.15,
            0.15,
            0.15,
            0.15,
            0.15,
            0.15,
            0.15,
            0.15,
            0.15,
            0.15,
            0.15,
            0.15,
            0.15,
            0.15,
            0.15,
            0.15,
            0.15,
            0.15,
            0.0,
            0.15,
            0.15,
            0.15
        ],
        [
            0.15,
            0.15,
            0.15,
            0.15,
            0.15,
            0.15,
            0.15,
            0.15,
            0.15,
            0.15,
            0.15,
            0.15,
            0.15,
            0.15,
            0.15,
            0.15,
            0.15,
            0.15,
            0.15,
            0.15,
            0.15,
            0.15,
            0.15,
            0.15,
            0.15,
            0.15,
            0.15,
            0.15,
            0.0,
            0.15,
            0.15
        ],
        [
            0.15,
            0.15,
            0.15,
            0.15,
            0.15,
            0.15,
            0.15,
            0.15,
            0.15,
            0.15,
            0.15,
            0.15,
            0.15,
            0.15,
            0.15,
            0.15,
            0.15,
            0.15,
            0.15,
            0.15,
            0.15,
            0.15,
            0.15,
            0.15,
            0.15,
            0.15,
            0.15,
            0.15,
            0.15,
            0.0,
            0.15
        ],
        [
            0.15,
            0.15,
            0.15,
            0.15,
            0.15,
            0.15,
            0.15,
            0.15,
            0.15,
            0.15,
            0.15,
            0.15,
            0.15,
            0.15,
            0.15,
            0.15,
            0.15,
            0.15,
            0.15,
            0.15,
            0.15,
            0.15,
            0.15,
            0.15,
            0.15,
            0.15,
            0.15,
            0.15,
            0.15,
            0.15,
            0.0
        ]
    ],
    "service_scv": [
        0.0,
        1.425,
        0.511,
        1.227,
        0.928,
        0.52,
        1.14,
        1.418,
        1.172,
        1.417,
        1.173,
        1.165,
        1.382,
        0.954,
        0.757,
        1.147,
        1.472,
        1.399,
        0.775,
        1.247,
        0.525,
        1.117,
        0.71,
        1.336,
        1.19,
        0.564,
        0.851,
        1.499,
        0.654,
        1.393,
        0.557
    ],
    "service": [
        0,
        45,
        49,
        45,
        48,
        50,
        44,
        51,
        45,
        35,
        45,
        58,
        37,
        51,
        36,
        59,
        40,
        39,
        42,
        54,
        39,
        38,
        50,
        33,
        54,
        50,
        38,
        37,
        45,
        50,
        49
    ]
}
