{
    "coords": [
        [
            0,
            0
        ],
        [
            24,
            3
        ],
        [
            28,
            33
        ],
        [
            3,
            23
        ],
        [
            17,
            33
        ],
        [
            34,
            1
        ],
        [
            9,
            2
        ],
        [
            38,
            8
        ],
        [
            44,
            48
        ],
        [
            30,
            15
        ],
        [
            15,
            29
        ],
        [
            40,
            49
        ],
        [
            3,
            35
        ],
        [
            5,
            10
        ],
        [
            13,
            21
        ],
        [
            32,
            5
        ],
        [
            27,
            14
        ],
        [
            0,
            15
        ],
        [
            23,
            0
        ],
        [
            35,
            42
        ],
        [
            47,
            44
        ],
        [
            42,
            25
        ],
        [
            15,
            31
        ],
        [
            1,
            29
        ],
        [
            29,
            33
        ],
        [
            10,
            49
        ],
        [
            30,
            28
        ],
        [
            19,
            7
        ],
        [
            39,
            34
        ],
        [
            28,
            34
        ],
        [
            45,
            42
        ],
        [
            33,
            33
        ],
        [
            7,
            16
        ],
        [
            18,
            2
        ],
        [
            19,
            22
        ],
        [
            40,
            31
        ]
    ],
    "dimension": 36,
    "distances": [
        [
            0.0,
            24.187,
            43.278,
            23.195,
            37.121,
            34.015,
            9.22,
            38.833,
            65.115,
            33.541,
            32.65,
            63.253,
            35.128,
            11.18,
            24.698,
            32.388,
            30.414,
            15.0,
            23.0,
            54.672,
            64.382,
            48.877,
            34.438,
            29.017,
            43.932,
            50.01,
            41.037,
            20.248,
            51.74,
            44.045,
            61.555,
            46.669,
            17.464,
            18.111,
            29.069,
            50.606
        ],
        [
            24.187,
            0.0,
            30.265,
            29.0,
            30.806,
            10.198,
            15.033,
            14.866,
            49.244,
            13.416,
            27.514,
            48.703,
            38.275,
            20.248,
            21.095,
            8.246,
            11.402,
            26.833,
            3.162,
            40.522,
            47.011,
            28.425,
            29.411,
            34.713,
            30.414,
            48.083,
            25.71,
            6.403,
            34.438,
            31.257,
            44.294,
            31.321,
            21.401,
            6.083,
            19.647,
            32.249
        ],
        [
            43.278,
            30.265,
            0.0,
            26.926,
            11.0,
            32.558,
            36.359,
            26.926,
            21.932,
            18.111,
            13.601,
            20.0,
            25.08,
            32.527,
            19.209,
            28.284,
            19.026,
            33.287,
            33.377,
            11.402,
            21.954,
            16.125,
            13.153,
            27.295,
            1.0,
            24.083,
            5.385,
            27.514,
            11.045,
            1.0,
            19.235,
            5.0,
            27.019,
            32.573,
            14.213,
            12.166
        ],
        [
            23.195,
            29.0,
            26.926,
            0.0,
            17.205,
            38.013,
            21.84,
            38.079,
            48.021,
            28.16,
            13.416,
            45.222,
            12.0,
            13.153,
            10.198,
            34.132,
            25.632,
            8.544,
            30.48,
            37.216,
            48.754,
            39.051,
            14.422,
            6.325,
            27.857,
            26.926,
            27.459,
            22.627,
            37.643,
            27.313,
            46.098,
            31.623,
            8.062,
            25.807,
            16.031,
            37.855
        ],
        [
            37.121,
            30.806,
            11.0,
            17.205,
            0.0,
            36.235,
            32.016,
            32.65,
            30.887,
            22.204,
            4.472,
            28.018,
            14.142,
            25.942,
            12.649,
            31.765,
            21.471,
            24.759,
            33.541,
            20.125,
            31.953,
            26.249,
            2.828,
            16.492,
            12.0,
            17.464,
            13.928,
            26.077,
            22.023,
            11.045,
            29.411,
            16.0,
            19.723,
            31.016,
            11.18,
            23.087
        ],
        [
            34.015,
            10.198,
            32.558,
            38.013,
            36.235,
            0.0,
            25.02,
            8.062,
            48.052,
            14.56,
            33.838,
            48.374,
            46.011,
            30.364,
            29.0,
            4.472,
            14.765,
            36.77,
            11.045,
            41.012,
            44.922,
            25.298,
            35.511,
            43.278,
            32.388,
            53.666,
            27.295,
            16.155,
            33.377,
            33.541,
            42.45,
            32.016,
            30.887,
            16.031,
            25.807,
            30.594
        ],
        [
            9.22,
            15.033,
            36.359,
            21.84,
            32.016,
            25.02,
            0.0,
            29.614,
            57.801,
            24.698,
            27.659,
            56.303,
            33.541,
            8.944,
            19.416,
            23.195,
            21.633,
            15.811,
            14.142,
            47.707,
            56.639,
            40.224,
            29.614,
            28.16,
            36.892,
            47.011,
            33.422,
            11.18,
            43.863,
            37.216,
            53.814,
            39.205,
            14.142,
            9.0,
            22.361,
            42.45
        ],
        [
            38.833,
            14.866,
            26.926,
            38.079,
            32.65,
            8.062,
            29.614,
            0.0,
            40.447,
            10.63,
            31.145,
            41.049,
            44.204,
            33.061,
            28.178,
            6.708,
            12.53,
            38.639,
            17.0,
            34.132,
            37.108,
            17.464,
            32.527,
            42.544,
            26.571,
            49.649,
            21.541,
            19.026,
            26.019,
            27.857,
            34.713,
            25.495,
            32.016,
            20.881,
            23.601,
            23.087
        ],
        [
            65.115,
            49.244,
            21.932,
            48.021,
            30.887,
            48.052,
            57.801,
            40.447,
            0.0,
            35.847,
            34.67,
            4.123,
            43.012,
            54.452,
            41.11,
            44.643,
            38.013,
            55.0,
            52.393,
            10.817,
            5.0,
            23.087,
            33.615,
            47.011,
            21.213,
            34.015,
            24.413,
            48.021,
            14.866,
            21.26,
            6.083,
            18.601,
            48.918,
            52.839,
            36.069,
            17.464
        ],
        [
            33.541,
            13.416,
            18.111,
            28.16,
            22.204,
            14.56,
            24.698,
            10.63,
            35.847,
            0.0,
            20.518,
            35.44,
            33.601,
            25.495,
            18.028,
            10.198,
            3.162,
            30.0,
            16.553,
            27.459,
            33.615,
            15.62,
            21.932,
            32.202,
            18.028,
            39.446,
            13.0,
            13.601,
            21.024,
            19.105,
            30.887,
            18.248,
            23.022,
            17.692,
            13.038,
            18.868
        ],
        [
            32.65,
            27.514,
            13.601,
            13.416,
            4.472,
            33.838,
            27.659,
            31.145,
            34.67,
            20.518,
            0.0,
            32.016,
            13.416,
            21.471,
            8.246,
            29.411,
            19.209,
            20.518,
            30.083,
            23.854,
            35.341,
            27.295,
            2.0,
            14.0,
            14.56,
            20.616,
            15.033,
            22.361,
            24.515,
            13.928,
            32.696,
            18.439,
            15.264,
            27.166,
            8.062,
            25.08
        ],
        [
            63.253,
            48.703,
            20.0,
            45.222,
            28.018,
            48.374,
            56.303,
            41.049,
            4.123,
            35.44,
            32.016,
            0.0,
            39.56,
            52.402,
            38.897,
            44.721,
            37.336,
            52.498,
            51.865,
            8.602,
            8.602,
            24.083,
            30.806,
            43.829,
            19.416,
            30.0,
            23.259,
            46.957,
            15.033,
            19.209,
            8.602,
            17.464,
            46.669,
            51.894,
            34.205,
            18.0
        ],
        [
            35.128,
            38.275,
            25.08,
            12.0,
            14.142,
            46.011,
            33.541,
            44.204,
            43.012,
            33.601,
            13.416,
            39.56,
            0.0,
            25.08,
            17.205,
            41.725,
            31.89,
            20.224,
            40.311,
            32.757,
            44.911,
            40.262,
            12.649,
            6.325,
            26.077,
            15.652,
            27.893,
            32.249,
            36.014,
            25.02,
            42.579,
            30.067,
            19.416,
            36.249,
            20.616,
            37.216
        ],
        [
            11.18,
            20.248,
            32.527,
            13.153,
            25.942,
            30.364,
            8.944,
            33.061,
            54.452,
            25.495,
            21.471,
            52.402,
            25.08,
            0.0,
            13.601,
            27.459,
            22.361,
            7.071,
            20.591,
            43.863,
            54.037,
            39.925,
            23.259,
            19.416,
            33.242,
            39.319,
            30.806,
            14.318,
            41.617,
            33.242,
            51.225,
            36.235,
            6.325,
            15.264,
            18.439,
            40.817
        ],
        [
            24.698,
            21.095,
            19.209,
            10.198,
            12.649,
            29.0,
            19.416,
            28.178,
            41.11,
            18.028,
            8.246,
            38.897,
            17.205,
            13.601,
            0.0,
            24.839,
            15.652,
            14.318,
            23.259,
            30.414,
            41.049,
            29.275,
            10.198,
            14.422,
            20.0,
            28.16,
            18.385,
            15.232,
            29.069,
            19.849,
            38.275,
            23.324,
            7.81,
            19.647,
            6.083,
            28.792
        ],
        [
            32.388,
            8.246,
            28.284,
            34.132,
            31.765,
            4.472,
            23.195,
            6.708,
            44.643,
            10.198,
            29.411,
            44.721,
            41.725,
            27.459,
            24.839,
            0.0,
            10.296,
            33.526,
            10.296,
            37.121,
            41.785,
            22.361,
            31.064,
            39.205,
            28.16,
            49.193,
            23.087,
            13.153,
            29.833,
            29.275,
            39.217,
            28.018,
            27.313,
            14.318,
            21.401,
            27.203
        ],
        [
            30.414,
            11.402,
            19.026,
            25.632,
            21.471,
            14.765,
            21.633,
            12.53,
            38.013,
            3.162,
            19.209,
            37.336,
            31.89,
            22.361,
            15.652,
            10.296,
            0.0,
            27.019,
            14.56,
            29.12,
            36.056,
            18.601,
            20.809,
            30.017,
            19.105,
            38.91,
            14.318,
            10.63,
            23.324,
            20.025,
            33.287,
            19.925,
            20.1,
            15.0,
            11.314,
            21.401
        ],
        [
            15.0,
            26.833,
            33.287,
            8.544,
            24.759,
            36.77,
            15.811,
            38.639,
            55.0,
            30.0,
            20.518,
            52.498,
            20.224,
            7.071,
            14.318,
            33.526,
            27.019,
            0.0,
            27.459,
            44.204,
            55.227,
            43.174,
            21.932,
            14.036,
            34.132,
            35.44,
            32.696,
            20.616,
            43.382,
            33.838,
            52.479,
            37.59,
            7.071,
            22.204,
            20.248,
            43.081
        ],
        [
            23.0,
            3.162,
            33.377,
            30.48,
            33.541,
            11.045,
            14.142,
            17.0,
            52.393,
            16.553,
            30.083,
            51.865,
            40.311,
            20.591,
            23.259,
            10.296,
            14.56,
            27.459,
            0.0,
            43.681,
            50.12,
            31.401,
            32.016,
            36.401,
            33.541,
            50.695,
            28.862,
            8.062,
            37.577,
            34.366,
            47.413,
            34.482,
            22.627,
            5.385,
            22.361,
            35.355
        ],
        [
            54.672,
            40.522,
            11.402,
            37.216,
            20.125,
            41.012,
            47.707,
            34.132,
            10.817,
            27.459,
            23.854,
            8.602,
            32.757,
            43.863,
            30.414,
            37.121,
            29.12,
            44.204,
            43.681,
            0.0,
            12.166,
            18.385,
            22.825,
            36.401,
            10.817,
            25.962,
            14.866,
            38.484,
            8.944,
            10.63,
            10.0,
            9.22,
            38.21,
            43.463,
            25.612,
            12.083
        ],
        [
            64.382,
            47.011,
            21.954,
            48.754,
            31.953,
            44.922,
            56.639,
            37.108,
            5.0,
            33.615,
            35.341,
            8.602,
            44.911,
            54.037,
            41.049,
            41.785,
            36.056,
            55.227,
            50.12,
            12.166,
            0.0,
            19.647,
            34.54,
            48.384,
            21.095,
            37.336,
            23.345,
            46.4,
            12.806,
            21.471,
            2.828,
            17.804,
            48.826,
            51.039,
            35.609,
            14.765
        ],
        [
            48.877,
            28.425,
            16.125,
            39.051,
            26.249,
            25.298,
            40.224,
            17.464,
            23.087,
            15.62,
            27.295,
            24.083,
            40.262,
            39.925,
            29.275,
            22.361,
            18.601,
            43.174,
            31.401,
            18.385,
            19.647,
            0.0,
            27.659,
            41.195,
            15.264,
            40.0,
            12.369,
            29.206,
            9.487,
            16.643,
            17.263,
            12.042,
            36.139,
            33.242,
            23.195,
            6.325
        ],
        [
            34.438,
            29.411,
            13.153,
            14.422,
            2.828,
            35.511,
            29.614,
            32.527,
            33.615,
            21.932,
            2.0,
            30.806,
            12.649,
            23.259,
            10.198,
            31.064,
            20.809,
            21.932,
            32.016,
            22.825,
            34.54,
            27.659,
            0.0,
            14.142,
            14.142,
            18.682,
            15.297,
            24.331,
            24.187,
            13.342,
            31.953,
            18.111,
            17.0,
            29.155,
            9.849,
            25.0
        ],
        [
            29.017,
            34.713,
            27.295,
            6.325,
            16.492,
            43.278,
            28.16,
            42.544,
            47.011,
            32.202,
            14.0,
            43.829,
            6.325,
            19.416,
            14.422,
            39.205,
            30.017,
            14.036,
            36.401,
            36.401,
            48.384,
            41.195,
            14.142,
            0.0,
            28.284,
            21.932,
            29.017,
            28.425,
            38.328,
            27.459,
            45.88,
            32.249,
            14.318,
            31.906,
            19.313,
            39.051
        ],
        [
            43.932,
            30.414,
            1.0,
            27.857,
            12.0,
            32.388,
            36.892,
            26.571,
            21.213,
            18.028,
            14.56,
            19.416,
            26.077,
            33.242,
            20.0,
            28.16,
            19.105,
            34.132,
            33.541,
            10.817,
            21.095,
            15.264,
            14.142,
            28.284,
            0.0,
            24.839,
            5.099,
            27.857,
            10.05,
            1.414,
            18.358,
            4.0,
            27.803,
            32.894,
            14.866,
            11.18
        ],
        [
            50.01,
            48.083,
            24.083,
            26.926,
            17.464,
            53.666,
            47.011,
            49.649,
            34.015,
            39.446,
            20.616,
            30.0,
            15.652,
            39.319,
            28.16,
            49.193,
            38.91,
            35.44,
            50.695,
            25.962,
            37.336,
            40.0,
            18.682,
            21.932,
            24.839,
            0.0,
            29.0,
            42.953,
            32.65,
            23.431,
            35.693,
            28.018,
            33.136,
            47.676,
            28.46,
            34.986
        ],
        [
            41.037,
            25.71,
            5.385,
            27.459,
            13.928,
            27.295,
            33.422,
            21.541,
            24.413,
            13.0,
            15.033,
            23.259,
            27.893,
            30.806,
            18.385,
            23.087,
            14.318,
            32.696,
            28.862,
            14.866,
            23.345,
            12.369,
            15.297,
            29.017,
            5.099,
            29.0,
            0.0,
            23.707,
            10.817,
            6.325,
            20.518,
            5.831,
            25.942,
            28.636,
            12.53,
            10.44
        ],
        [
            20.248,
            6.403,
            27.514,
            22.627,
            26.077,
            16.155,
            11.18,
            19.026,
            48.021,
            13.601,
            22.361,
            46.957,
            32.249,
            14.318,
            15.232,
            13.153,
            10.63,
            20.616,
            8.062,
            38.484,
            46.4,
            29.206,
            24.331,
            28.425,
            27.857,
            42.953,
            23.707,
            0.0,
            33.601,
            28.46,
            43.6,
            29.53,
            15.0,
            5.099,
            15.0,
            31.89
        ],
        [
            51.74,
            34.438,
            11.045,
            37.643,
            22.023,
            33.377,
            43.863,
            26.019,
            14.866,
            21.024,
            24.515,
            15.033,
            36.014,
            41.617,
            29.069,
            29.833,
            23.324,
            43.382,
            37.577,
            8.944,
            12.806,
            9.487,
            24.187,
            38.328,
            10.05,
            32.65,
            10.817,
            33.601,
            0.0,
            11.0,
            10.0,
            6.083,
            36.715,
            38.275,
            23.324,
            3.162
        ],
        [
            44.045,
            31.257,
            1.0,
            27.313,
            11.045,
            33.541,
            37.216,
            27.857,
            21.26,
            19.105,
            13.928,
            19.209,
            25.02,
            33.242,
            19.849,
            29.275,
            20.025,
            33.838,
            34.366,
            10.63,
            21.471,
            16.643,
            13.342,
            27.459,
            1.414,
            23.431,
            6.325,
            28.46,
            11.0,
            0.0,
            18.788,
            5.099,
            27.659,
            33.526,
            15.0,
            12.369
        ],
        [
            61.555,
            44.294,
            19.235,
            46.098,
            29.411,
            42.45,
            53.814,
            34.713,
            6.083,
            30.887,
            32.696,
            8.602,
            42.579,
            51.225,
            38.275,
            39.217,
            33.287,
            52.479,
            47.413,
            10.0,
            2.828,
            17.263,
            31.953,
            45.88,
            18.358,
            35.693,
            20.518,
            43.6,
            10.0,
            18.788,
            0.0,
            15.0,
            46.043,
            48.26,
            32.802,
            12.083
        ],
        [
            46.669,
            31.321,
            5.0,
            31.623,
            16.0,
            32.016,
            39.205,
            25.495,
            18.601,
            18.248,
            18.439,
            17.464,
            30.067,
            36.235,
            23.324,
            28.018,
            19.925,
            37.59,
            34.482,
            9.22,
            17.804,
            12.042,
            18.111,
            32.249,
            4.0,
            28.018,
            5.831,
            29.53,
            6.083,
            5.099,
            15.0,
            0.0,
            31.064,
            34.438,
            17.804,
            7.28
        ],
        [
            17.464,
            21.401,
            27.019,
            8.062,
            19.723,
            30.887,
            14.142,
            32.016,
            48.918,
            23.022,
            15.264,
            46.669,
            19.416,
            6.325,
            7.81,
            27.313,
            20.1,
            7.071,
            22.627,
            38.21,
            48.826,
            36.139,
            17.0,
            14.318,
            27.803,
            33.136,
            25.942,
            15.0,
            36.715,
            27.659,
            46.043,
            31.064,
            0.0,
            17.804,
            13.416,
            36.249
        ],
        [
            18.111,
            6.083,
            32.573,
            25.807,
            31.016,
            16.031,
            9.0,
            20.881,
            52.839,
            17.692,
            27.166,
            51.894,
            36.249,
            15.264,
            19.647,
            14.318,
            15.0,
            22.204,
            5.385,
            43.463,
            51.039,
            33.242,
            29.155,
            31.906,
            32.894,
            47.676,
            28.636,
            5.099,
            38.275,
            33.526,
            48.26,
            34.438,
            17.804,
            0.0,
            20.025,
            36.401
        ],
        [
            29.069,
            19.647,
            14.213,
            16.031,
            11.18,
            25.807,
            22.361,
            23.601,
            36.069,
            13.038,
            8.062,
            34.205,
            20.616,
            18.439,
            6.083,
            21.401,
            11.314,
            20.248,
            22.361,
            25.612,
            35.609,
            23.195,
            9.849,
            19.313,
            14.866,
            28.46,
            12.53,
            15.0,
            23.324,
            15.0,
            32.802,
            17.804,
            13.416,
            20.025,
            0.0,
            22.847
        ],
        [
            50.606,
            32.249,
            12.166,
            37.855,
            23.087,
            30.594,
            42.45,
            23.087,
            17.464,
            18.868,
            25.08,
            18.0,
            37.216,
            40.817,
            28.792,
            27.203,
            21.401,
            43.081,
            35.355,
            12.083,
            14.765,
            6.325,
            25.0,
            39.051,
            11.18,
            34.986,
            10.44,
            31.89,
            3.162,
            12.369,
            12.083,
            7.28,
            36.249,
            36.401,
            22.847,
            0.0
        ]
    ],
    "distances_scv": [
        [
            0.0,
            0.368,
            0.339,
            0.342,
            0.193,
            0.257,
            0.267,
            0.117,
            0.481,
            0.133,
            0.488,
            0.417,
            0.189,
            0.245,
            0.199,
            0.348,
            0.112,
            0.27,
            0.401,
            0.282,
            0.351,
            0.271,
            0.351,
            0.446,
            0.37,
            0.459,
            0.436,
            0.301,
            0.266,
            0.38,
            0.373,
            0.227,
            0.35,
            0.256,
            0.492,
            0.193
        ],
        [
            0.268,
            0.0,
            0.29,
            0.205,
            0.191,
            0.39,
            0.366,
            0.227,
            0.224,
            0.308,
            0.447,
            0.364,
            0.123,
            0.351,
            0.477,
            0.267,
            0.448,
            0.46,
            0.189,
            0.241,
            0.189,
            0.297,
            0.373,
            0.408,
            0.126,
            0.471,
            0.128,
            0.468,
            0.29,
            0.127,
            0.105,
            0.153,
            0.106,
            0.478,
            0.335,
            0.196
        ],
        [
            0.134,
            0.322,
            0.0,
            0.166,
            0.216,
            0.403,
            0.114,
            0.424,
            0.466,
            0.449,
            0.148,
            0.42,
            0.379,
            0.123,
            0.158,
            0.255,
            0.274,
            0.367,
            0.349,
            0.341,
            0.195,
            0.492,
            0.458,
            0.206,
            0.461,
            0.42,
            0.23,
            0.436,
            0.36,
            0.337,
            0.239,
            0.11,
            0.465,
            0.461,
            0.32,
            0.354
        ],
        [
            0.416,
            0.102,
            0.188,
            0.0,
            0.489,
            0.288,
            0.253,
            0.415,
            0.296,
            0.316,
            0.484,
            0.346,
            0.257,
            0.263,
            0.351,
            0.264,
            0.307,
            0.363,
            0.264,
            0.389,
            0.496,
            0.478,
            0.136,
            0.399,
            0.258,
            0.317,
            0.125,
            0.486,
            0.438,
            0.471,
            0.148,
            0.245,
            0.29,
            0.287,
            0.436,
            0.348
        ],
        [
            0.451,
            0.111,
            0.198,
            0.16,
            0.0,
            0.443,
            0.368,
            0.177,
            0.395,
            0.347,
            0.394,
            0.276,
            0.371,
            0.487,
            0.492,
            0.464,
            0.119,
            0.39,
            0.166,
            0.208,
            0.313,
            0.437,
            0.454,
            0.252,
            0.458,
            0.292,
            0.1,
            0.424,
            0.29,
            0.206,
            0.156,
            0.316,
            0.372,
            0.495,
            0.445,
            0.38
        ],
        [
            0.341,
            0.161,
            0.39,
            0.201,
            0.293,
            0.0,
            0.367,
            0.206,
            0.385,
            0.244,
            0.423,
            0.244,
            0.368,
            0.259,
            0.128,
            0.105,
            0.193,
            0.466,
            0.3,
            0.418,
            0.29,
            0.411,
            0.454,
            0.492,
            0.366,
            0.261,
            0.271,
            0.205,
            0.476,
            0.437,
            0.405,
            0.203,
            0.115,
            0.321,
            0.184,
            0.369
        ],
        [
            0.126,
            0.254,
            0.381,
            0.27,
            0.348,
            0.225,
            0.0,
            0.462,
            0.455,
            0.413,
            0.249,
            0.393,
            0.324,
            0.17,
            0.482,
            0.208,
            0.309,
            0.478,
            0.37,
            0.476,
            0.471,
            0.279,
            0.281,
            0.346,
            0.423,
            0.205,
            0.331,
            0.117,
            0.173,
            0.128,
            0.205,
            0.183,
            0.433,
            0.234,
            0.142,
            0.156
        ],
        [
            0.463,
            0.248,
            0.424,
            0.219,
            0.217,
            0.423,
            0.194,
            0.0,
            0.344,
            0.139,
            0.366,
            0.335,
            0.253,
            0.368,
            0.14,
            0.336,
            0.492,
            0.107,
            0.384,
            0.301,
            0.455,
            0.195,
            0.11,
            0.105,
            0.271,
            0.167,
            0.324,
            0.259,
            0.227,
            0.416,
            0.137,
            0.101,
            0.195,
            0.184,
            0.23,
            0.222
        ],
        [
            0.125,
            0.218,
            0.384,
            0.104,
            0.191,
            0.219,
            0.393,
            0.225,
            0.0,
            0.207,
            0.238,
            0.468,
            0.483,
            0.39,
            0.251,
            0.184,
            0.227,
            0.193,
            0.229,
            0.106,
            0.354,
            0.301,
            0.402,
            0.131,
            0.232,
            0.286,
            0.169,
            0.37,
            0.494,
            0.222,
            0.219,
            0.101,
            0.139,
            0.407,
            0.395,
            0.411
        ],
        [
            0.287,
            0.477,
            0.452,
            0.18,
            0.238,
            0.266,
            0.267,
            0.314,
            0.32,
            0.0,
            0.369,
            0.22,
            0.309,
            0.151,
            0.462,
            0.132,
            0.223,
            0.126,
            0.275,
            0.45,
            0.108,
            0.388,
            0.139,
            0.261,
            0.124,
            0.313,
            0.367,
            0.424,
            0.149,
            0.253,
            0.218,
            0.266,
            0.273,
            0.176,
            0.39,
            0.487
        ],
        [
            0.222,
            0.267,
            0.451,
            0.396,
            0.366,
            0.393,
            0.153,
            0.376,
            0.197,
            0.375,
            0.0,
            0.474,
            0.405,
            0.124,
            0.124,
            0.485,
            0.167,
            0.325,
            0.139,
            0.215,
            0.358,
            0.124,
            0.237,
            0.187,
            0.287,
            0.334,
            0.173,
            0.157,
            0.144,
            0.145,
            0.396,
            0.301,
            0.301,
            0.136,
            0.112,
            0.404
        ],
        [
            0.448,
            0.345,
            0.211,
            0.238,
            0.128,
            0.176,
            0.488,
            0.45,
            0.288,
            0.348,
            0.491,
            0.0,
            0.346,
            0.338,
            0.39,
            0.219,
            0.283,
            0.456,
            0.339,
            0.433,
            0.186,
            0.438,
            0.232,
            0.145,
            0.445,
            0.377,
            0.143,
            0.225,
            0.416,
            0.247,
            0.347,
            0.301,
            0.336,
            0.221,
            0.262,
            0.205
        ],
        [
            0.441,
            0.174,
            0.475,
            0.227,
            0.214,
            0.378,
            0.344,
            0.195,
            0.495,
            0.426,
            0.467,
            0.439,
            0.0,
            0.482,
            0.498,
            0.467,
            0.472,
            0.374,
            0.308,
            0.422,
            0.309,
            0.39,
            0.142,
            0.246,
            0.171,
            0.378,
            0.431,
            0.169,
            0.439,
            0.392,
            0.34,
            0.431,
            0.145,
            0.461,
            0.171,
            0.356
        ],
        [
            0.308,
            0.147,
            0.477,
            0.205,
            0.19,
            0.274,
            0.104,
            0.262,
            0.45,
            0.131,
            0.238,
            0.176,
            0.299,
            0.0,
            0.478,
            0.247,
            0.343,
            0.445,
            0.342,
            0.26,
            0.416,
            0.33,
            0.313,
            0.387,
            0.464,
            0.204,
            0.248,
            0.46,
            0.371,
            0.33,
            0.377,
            0.167,
            0.384,
            0.421,
            0.285,
            0.239
        ],
        [
            0.498,
            0.368,
            0.363,
            0.234,
            0.446,
            0.457,
            0.131,
            0.162,
            0.4,
            0.287,
            0.13,
            0.276,
            0.103,
            0.421,
            0.0,
            0.459,
            0.393,
            0.345,
            0.269,
            0.11,
            0.415,
            0.137,
            0.362,
            0.317,
            0.243,
            0.214,
            0.411,
            0.139,
            0.123,
            0.139,
            0.381,
            0.276,
            0.248,
            0.248,
            0.461,
            0.133
        ],
        [
            0.446,
            0.331,
            0.389,
            0.114,
            0.386,
            0.325,
            0.298,
            0.184,
            0.367,
            0.343,
            0.242,
            0.354,
            0.197,
            0.456,
            0.388,
            0.0,
            0.165,
            0.22,
            0.413,
            0.412,
            0.181,
            0.218,
            0.311,
            0.152,
            0.401,
            0.281,
            0.463,
            0.455,
            0.292,
            0.328,
            0.244,
            0.396,
            0.213,
            0.144,
            0.459,
            0.235
        ],
        [
            0.313,
            0.117,
            0.461,
            0.217,
            0.314,
            0.384,
            0.488,
            0.194,
            0.21,
            0.381,
            0.236,
            0.152,
            0.333,
            0.387,
            0.357,
            0.145,
            0.0,
            0.253,
            0.155,
            0.339,
            0.184,
            0.208,
            0.221,
            0.381,
            0.195,
            0.499,
            0.392,
            0.336,
            0.13,
            0.115,
            0.291,
            0.406,
            0.135,
            0.329,
            0.126,
            0.284
        ],
        [
