{
    "coords": [
        [
            0,
            0
        ],
        [
            25,
            17
        ],
        [
            47,
            18
        ],
        [
            32,
            18
        ],
        [
            22,
            49
        ],
        [
            9,
            31
        ],
        [
            21,
            33
        ],
        [
            37,
            16
        ],
        [
            33,
            33
        ],
        [
            22,
            6
        ],
        [
            30,
            2
        ],
        [
            44,
            42
        ],
        [
            42,
            0
        ],
        [
            48,
            48
        ],
        [
            29,
            41
        ],
        [
            38,
            39
        ],
        [
            7,
            2
        ],
        [
            13,
            10
        ],
        [
            27,
            42
        ],
        [
            37,
            21
        ],
        [
            27,
            31
        ],
        [
            38,
            6
        ],
        [
            38,
            9
        ],
        [
            28,
            24
        ],
        [
            42,
            37
        ],
        [
            8,
            26
        ],
        [
            2,
            5
        ],
        [
            23,
            43
        ],
        [
            10,
            6
        ],
        [
            47,
            21
        ],
        [
            5,
            29
        ],
        [
            16,
            15
        ],
        [
            21,
            20
        ],
        [
            40,
            44
        ],
        [
            12,
            22
        ],
        [
            33,
            26
        ]
    ],
    "dimension": 36,
    "distances": [
        [
            0.0,
            30.232,
            50.329,
            36.715,
            53.712,
            32.28,
            39.115,
            40.311,
            46.669,
            22.804,
            30.067,
            60.828,
            42.0,
            67.882,
            50.22,
            54.452,
            7.28,
            16.401,
            49.93,
            42.544,
            41.11,
            38.471,
            39.051,
            36.878,
            55.973,
            27.203,
            5.385,
            48.765,
            11.662,
            51.478,
            29.428,
            21.932,
            29.0,
            59.464,
            25.06,
            42.012
        ],
        [
            30.232,
            0.0,
            22.023,
            7.071,
            32.14,
            21.26,
            16.492,
            12.042,
            17.889,
            11.402,
            15.811,
            31.401,
            24.042,
            38.601,
            24.331,
            25.554,
            23.431,
            13.892,
            25.08,
            12.649,
            14.142,
            17.029,
            15.264,
            7.616,
            26.249,
            19.235,
            25.942,
            26.077,
            18.601,
            22.361,
            23.324,
            9.22,
            5.0,
            30.887,
            13.928,
            12.042
        ],
        [
            50.329,
            22.023,
            0.0,
            15.0,
            39.825,
            40.162,
            30.017,
            10.198,
            20.518,
            27.731,
            23.345,
            24.187,
            18.682,
            30.017,
            29.206,
            22.847,
            43.081,
            34.928,
            31.241,
            10.44,
            23.854,
            15.0,
            12.728,
            19.925,
            19.647,
            39.812,
            46.84,
            34.655,
            38.897,
            3.0,
            43.417,
            31.145,
            26.077,
            26.926,
            35.228,
            16.125
        ],
        [
            36.715,
            7.071,
            15.0,
            0.0,
            32.573,
            26.42,
            18.601,
            5.385,
            15.033,
            15.62,
            16.125,
            26.833,
            20.591,
            34.0,
            23.195,
            21.84,
            29.682,
            20.616,
            24.515,
            5.831,
            13.928,
            13.416,
            10.817,
            7.211,
            21.471,
            25.298,
            32.696,
            26.571,
            25.06,
            15.297,
            29.155,
            16.279,
            11.18,
            27.203,
            20.396,
            8.062
        ],
        [
            53.712,
            32.14,
            39.825,
            32.573,
            0.0,
            22.204,
            16.031,
            36.249,
            19.416,
            43.0,
            47.676,
            23.087,
            52.924,
            26.019,
            10.63,
            18.868,
            49.336,
            40.025,
            8.602,
            31.765,
            18.682,
            45.88,
            43.081,
            25.71,
            23.324,
            26.926,
            48.332,
            6.083,
            44.643,
            37.537,
            26.249,
            34.525,
            29.017,
            18.682,
            28.792,
            25.495
        ],
        [
            32.28,
            21.26,
            40.162,
            26.42,
            22.204,
            0.0,
            12.166,
            31.765,
            24.083,
            28.178,
            35.805,
            36.688,
            45.277,
            42.544,
            22.361,
            30.083,
            29.069,
            21.378,
            21.095,
            29.732,
            18.0,
            38.288,
            36.401,
            20.248,
            33.541,
            5.099,
            26.926,
            18.439,
            25.02,
            39.294,
            4.472,
            17.464,
            16.279,
            33.615,
            9.487,
            24.515
        ],
        [
            39.115,
            16.492,
            30.017,
            18.601,
            16.031,
            12.166,
            0.0,
            23.345,
            12.0,
            27.019,
            32.28,
            24.698,
            39.115,
            30.887,
            11.314,
            18.028,
            34.015,
            24.352,
            10.817,
            20.0,
            6.325,
            31.906,
            29.411,
            11.402,
            21.378,
            14.765,
            33.838,
            10.198,
            29.155,
            28.636,
            16.492,
            18.682,
            13.0,
            21.954,
            14.213,
            13.892
        ],
        [
            40.311,
            12.042,
            10.198,
            5.385,
            36.249,
            31.765,
            23.345,
            0.0,
            17.464,
            18.028,
            15.652,
            26.926,
            16.763,
            33.838,
            26.249,
            23.022,
            33.106,
            24.739,
            27.857,
            5.0,
            18.028,
            10.05,
            7.071,
            12.042,
            21.587,
            30.676,
            36.688,
            30.414,
            28.792,
            11.18,
            34.54,
            21.024,
            16.492,
            28.16,
            25.71,
            10.77
        ],
        [
            46.669,
            17.889,
            20.518,
            15.033,
            19.416,
            24.083,
            12.0,
            17.464,
            0.0,
            29.155,
            31.145,
            14.213,
            34.205,
            21.213,
            8.944,
            7.81,
            40.46,
            30.48,
            10.817,
            12.649,
            6.325,
            27.459,
            24.515,
            10.296,
            9.849,
            25.962,
            41.773,
            14.142,
            35.468,
            18.439,
            28.284,
            24.759,
            17.692,
            13.038,
            23.707,
            7.0
        ],
        [
            22.804,
            11.402,
            27.731,
            15.62,
            43.0,
            28.178,
            27.019,
            18.028,
            29.155,
            0.0,
            8.944,
            42.19,
            20.881,
            49.396,
            35.693,
            36.674,
            15.524,
            9.849,
            36.346,
            21.213,
            25.495,
            16.0,
            16.279,
            18.974,
            36.892,
            24.413,
            20.025,
            37.014,
            12.0,
            29.155,
            28.601,
            10.817,
            14.036,
            42.048,
            18.868,
            22.825
        ],
        [
            30.067,
            15.811,
            23.345,
            16.125,
            47.676,
            35.805,
            32.28,
            15.652,
            31.145,
            8.944,
            0.0,
            42.379,
            12.166,
            49.396,
            39.013,
            37.855,
            23.0,
            18.788,
            40.112,
            20.248,
            29.155,
            8.944,
            10.63,
            22.091,
            37.0,
            32.558,
            28.16,
            41.593,
            20.396,
            25.495,
            36.797,
            19.105,
            20.125,
            43.174,
            26.907,
            24.187
        ],
        [
            60.828,
            31.401,
            24.187,
            26.833,
            23.087,
            36.688,
            24.698,
            26.926,
            14.213,
            42.19,
            42.379,
            0.0,
            42.048,
            7.211,
            15.033,
            6.708,
            54.489,
            44.553,
            17.0,
            22.136,
            20.248,
            36.497,
            33.541,
            24.083,
            5.385,
            39.395,
            55.973,
            21.024,
            49.518,
            21.213,
            41.11,
            38.897,
            31.828,
            4.472,
            37.736,
            19.416
        ],
        [
            42.0,
            24.042,
            18.682,
            20.591,
            52.924,
            45.277,
            39.115,
            16.763,
            34.205,
            20.881,
            12.166,
            42.048,
            0.0,
            48.374,
            43.012,
            39.205,
            35.057,
            30.676,
            44.598,
            21.587,
            34.438,
            7.211,
            9.849,
            27.785,
            37.0,
            42.802,
            40.311,
            47.011,
            32.558,
            21.587,
            47.011,
            30.017,
            29.0,
            44.045,
            37.202,
            27.514
        ],
        [
            67.882,
            38.601,
            30.017,
            34.0,
            26.019,
            42.544,
            30.887,
            33.838,
            21.213,
            49.396,
            49.396,
            7.211,
            48.374,
            0.0,
            20.248,
            13.454,
            61.62,
            51.662,
            21.84,
            29.155,
            27.019,
            43.174,
            40.262,
            31.241,
            12.53,
            45.651,
            62.968,
            25.495,
            56.639,
            27.019,
            47.011,
            45.967,
            38.897,
            8.944,
            44.407,
            26.627
        ],
        [
            50.22,
            24.331,
            29.206,
            23.195,
            10.63,
            22.361,
            11.314,
            26.249,
            8.944,
            35.693,
            39.013,
            15.033,
            43.012,
            20.248,
            0.0,
            9.22,
            44.777,
            34.886,
            2.236,
            21.541,
            10.198,
            36.139,
            33.242,
            17.029,
            13.601,
            25.807,
            45.0,
            6.325,
            39.825,
            26.907,
            26.833,
            29.069,
            22.472,
            11.402,
            25.495,
            15.524
        ],
        [
            54.452,
            25.554,
            22.847,
            21.84,
            18.868,
            30.083,
            18.028,
            23.022,
            7.81,
            36.674,
            37.855,
            6.708,
            39.205,
            13.454,
            9.22,
            0.0,
            48.27,
            38.288,
            11.402,
            18.028,
            13.601,
            33.0,
            30.0,
            18.028,
            4.472,
            32.696,
            49.518,
            15.524,
            43.278,
            20.125,
            34.482,
            32.558,
            25.495,
            5.385,
            31.064,
            13.928
        ],
        [
            7.28,
            23.431,
            43.081,
            29.682,
            49.336,
            29.069,
            34.015,
            33.106,
            40.46,
            15.524,
            23.0,
            54.489,
            35.057,
            61.62,
            44.777,
            48.27,
            0.0,
            10.0,
            44.721,
            35.511,
            35.228,
            31.257,
            31.78,
            30.414,
            49.497,
            24.021,
            5.831,
            44.011,
            5.0,
            44.283,
            27.074,
            15.811,
            22.804,
            53.413,
            20.616,
            35.384
        ],
        [
            16.401,
            13.892,
            34.928,
            20.616,
            40.025,
            21.378,
            24.352,
            24.739,
            30.48,
            9.849,
            18.788,
            44.553,
            30.676,
            51.662,
            34.886,
            38.288,
            10.0,
            0.0,
            34.928,
            26.401,
            25.239,
            25.318,
            25.02,
            20.518,
            39.623,
            16.763,
            12.083,
            34.482,
            5.0,
            35.735,
            20.616,
            5.831,
            12.806,
            43.417,
            12.042,
            25.612
        ],
        [
            49.93,
            25.08,
            31.241,
            24.515,
            8.602,
            21.095,
            10.817,
            27.857,
            10.817,
            36.346,
            40.112,
            17.0,
            44.598,
            21.84,
            2.236,
            11.402,
            44.721,
            34.928,
            0.0,
            23.259,
            11.0,
            37.643,
            34.785,
            18.028,
            15.811,
            24.839,
            44.654,
            4.123,
            39.812,
            29.0,
            25.554,
            29.155,
            22.804,
            13.153,
            25.0,
            17.088
        ],
        [
            42.544,
            12.649,
            10.44,
            5.831,
            31.765,
            29.732,
            20.0,
            5.0,
            12.649,
            21.213,
            20.248,
            22.136,
            21.587,
            29.155,
            21.541,
            18.028,
            35.511,
            26.401,
            23.259,
            0.0,
            14.142,
            15.033,
            12.042,
            9.487,
            16.763,
            29.428,
            38.484,
            26.077,
            30.887,
            10.0,
            32.985,
            21.84,
            16.031,
            23.195,
            25.02,
            6.403
        ],
        [
            41.11,
            14.142,
            23.854,
            13.928,
            18.682,
            18.0,
            6.325,
            18.028,
            6.325,
            25.495,
            29.155,
            20.248,
            34.438,
            27.019,
            10.198,
            13.601,
            35.228,
            25.239,
            11.0,
            14.142,
            0.0,
            27.313,
            24.597,
            7.071,
            16.155,
            19.647,
            36.069,
            12.649,
            30.232,
            22.361,
            22.091,
            19.416,
            12.53,
            18.385,
            17.493,
            7.81
        ],
        [
            38.471,
            17.029,
            15.0,
            13.416,
            45.88,
            38.288,
            31.906,
            10.05,
            27.459,
            16.0,
            8.944,
            36.497,
            7.211,
            43.174,
            36.139,
            33.0,
            31.257,
            25.318,
            37.643,
            15.033,
            27.313,
            0.0,
            3.0,
            20.591,
            31.257,
            36.056,
            36.014,
            39.925,
            28.0,
            17.493,
            40.224,
            23.77,
            22.023,
            38.053,
            30.529,
            20.616
        ],
        [
            39.051,
            15.264,
            12.728,
            10.817,
            43.081,
            36.401,
            29.411,
            7.071,
            24.515,
            16.279,
            10.63,
            33.541,
            9.849,
            40.262,
            33.242,
            30.0,
            31.78,
            25.02,
            34.785,
            12.042,
            24.597,
            3.0,
            0.0,
            18.028,
            28.284,
            34.482,
            36.222,
            37.162,
            28.16,
            15.0,
            38.588,
            22.804,
            20.248,
            35.057,
            29.069,
            17.72
        ],
        [
            36.878,
            7.616,
            19.925,
            7.211,
            25.71,
            20.248,
            11.402,
            12.042,
            10.296,
            18.974,
            22.091,
            24.083,
            27.785,
            31.241,
            17.029,
            18.028,
            30.414,
            20.518,
            18.028,
            9.487,
            7.071,
            20.591,
            18.028,
            0.0,
            19.105,
            20.1,
            32.202,
            19.647,
            25.456,
            19.235,
            23.537,
            15.0,
            8.062,
            23.324,
            16.125,
            5.385
        ],
        [
            55.973,
            26.249,
            19.647,
            21.471,
            23.324,
            33.541,
            21.378,
            21.587,
            9.849,
            36.892,
            37.0,
            5.385,
            37.0,
            12.53,
            13.601,
            4.472,
            49.497,
            39.623,
            15.811,
            16.763,
            16.155,
            31.257,
            28.284,
            19.105,
            0.0,
            35.735,
            51.225,
            19.925,
            44.553,
            16.763,
            37.855,
            34.059,
            27.019,
            7.28,
            33.541,
            14.213
        ],
        [
            27.203,
            19.235,
            39.812,
            25.298,
            26.926,
            5.099,
            14.765,
            30.676,
            25.962,
            24.413,
            32.558,
            39.395,
            42.802,
            45.651,
            25.807,
            32.696,
            24.021,
            16.763,
            24.839,
            29.428,
            19.647,
            36.056,
            34.482,
            20.1,
            35.735,
            0.0,
            21.84,
            22.672,
            20.1,
            39.319,
            4.243,
            13.601,
            14.318,
            36.715,
            5.657,
            25.0
        ],
        [
            5.385,
            25.942,
            46.84,
            32.696,
            48.332,
            26.926,
            33.838,
            36.688,
            41.773,
            20.025,
            28.16,
            55.973,
            40.311,
            62.968,
            45.0,
            49.518,
            5.831,
            12.083,
            44.654,
            38.484,
            36.069,
            36.014,
            36.222,
            32.202,
            51.225,
            21.84,
            0.0,
            43.417,
            8.062,
            47.76,
            24.187,
            17.205,
            24.207,
            54.452,
            19.723,
            37.443
        ],
        [
            48.765,
            26.077,
            34.655,
            26.571,
            6.083,
            18.439,
            10.198,
            30.414,
            14.142,
            37.014,
            41.593,
            21.024,
            47.011,
            25.495,
            6.325,
            15.524,
            44.011,
            34.482,
            4.123,
            26.077,
            12.649,
            39.925,
            37.162,
            19.647,
            19.925,
            22.672,
            43.417,
            0.0,
            39.217,
            32.558,
            22.804,
            28.862,
            23.087,
            17.029,
            23.707,
            19.723
        ],
        [
            11.662,
            18.601,
            38.897,
            25.06,
            44.643,
            25.02,
            29.155,
            28.792,
            35.468,
            12.0,
            20.396,
            49.518,
            32.558,
            56.639,
            39.825,
            43.278,
            5.0,
            5.0,
            39.812,
            30.887,
            30.232,
            28.0,
            28.16,
            25.456,
            44.553,
            20.1,
            8.062,
            39.217,
            0.0,
            39.925,
            23.537,
            10.817,
            17.804,
            48.415,
            16.125,
            30.48
        ],
        [
            51.478,
            22.361,
            3.0,
            15.297,
            37.537,
            39.294,
            28.636,
            11.18,
            18.439,
            29.155,
            25.495,
            21.213,
            21.587,
            27.019,
            26.907,
            20.125,
            44.283,
            35.735,
            29.0,
            10.0,
            22.361,
            17.493,
            15.0,
            19.235,
            16.763,
            39.319,
            47.76,
            32.558,
            39.925,
            0.0,
            42.755,
            31.575,
            26.019,
            24.042,
            35.014,
            14.866
        ],
        [
            29.428,
            23.324,
            43.417,
            29.155,
            26.249,
            4.472,
            16.492,
            34.54,
            28.284,
            28.601,
            36.797,
            41.11,
            47.011,
            47.011,
            26.833,
            34.482,
            27.074,
            20.616,
            25.554,
            32.985,
            22.091,
            40.224,
            38.588,
            23.537,
            37.855,
            4.243,
            24.187,
            22.804,
            23.537,
            42.755,
            0.0,
            17.804,
            18.358,
            38.079,
            9.899,
            28.16
        ],
        [
            21.932,
            9.22,
            31.145,
            16.279,
            34.525,
            17.464,
            18.682,
            21.024,
            24.759,
            10.817,
            19.105,
            38.897,
            30.017,
            45.967,
            29.069,
            32.558,
            15.811,
            5.831,
            29.155,
            21.84,
            19.416,
            23.77,
            22.804,
            15.0,
            34.059,
            13.601,
            17.205,
            28.862,
            10.817,
            31.575,
            17.804,
            0.0,
            7.071,
            37.643,
            8.062,
            20.248
        ],
        [
            29.0,
            5.0,
            26.077,
            11.18,
            29.017,
            16.279,
            13.0,
            16.492,
            17.692,
            14.036,
            20.125,
            31.828,
            29.0,
            38.897,
            22.472,
            25.495,
            22.804,
            12.806,
            22.804,
            16.031,
            12.53,
            22.023,
            20.248,
            8.062,
            27.019,
            14.318,
            24.207,
            23.087,
            17.804,
            26.019,
            18.358,
            7.071,
            0.0,
            30.61,
            9.22,
            13.416
        ],
        [
            59.464,
            30.887,
            26.926,
            27.203,
            18.682,
            33.615,
            21.954,
            28.16,
            13.038,
            42.048,
            43.174,
            4.472,
            44.045,
            8.944,
            11.402,
            5.385,
            53.413,
            43.417,
            13.153,
            23.195,
            18.385,
            38.053,
            35.057,
            23.324,
            7.28,
            36.715,
            54.452,
            17.029,
            48.415,
            24.042,
            38.079,
            37.643,
            30.61,
            0.0,
            35.609,
            19.313
        ],
        [
            25.06,
            13.928,
            35.228,
            20.396,
            28.792,
            9.487,
            14.213,
            25.71,
            23.707,
            18.868,
            26.907,
            37.736,
            37.202,
            44.407,
            25.495,
            31.064,
            20.616,
            12.042,
            25.0,
            25.02,
            17.493,
            30.529,
            29.069,
            16.125,
            33.541,
            5.657,
            19.723,
            23.707,
            16.125,
            35.014,
            9.899,
            8.062,
            9.22,
            35.609,
            0.0,
            21.378
        ],
        [
            42.012,
            12.042,
            16.125,
            8.062,
            25.495,
            24.515,
            13.892,
            10.77,
            7.0,
            22.825,
            24.187,
            19.416,
            27.514,
            26.627,
            15.524,
            13.928,
            35.384,
            25.612,
            17.088,
            6.403,
            7.81,
            20.616,
            17.72,
            5.385,
            14.213,
            25.0,
            37.443,
            19.723,
            30.48,
            14.866,
            28.16,
            20.248,
            13.416,
            19.313,
            21.378,
            0.0
        ]
    ],
    "distances_scv": [
        [
            0.0,
            0.15,
            0.15,
            0.15,
            0.15,
            0.15,
            0.15,
            0.15,
            0.15,
            0.15,
            0.15,
            0.15,
            0.15,
            0.15,
            0.15,
            0.15,
            0.15,
            0.15,
            0.15,
            0.15,
            0.15,
            0.15,
            0.15,
            0.15,
            0.15,
            0.15,
            0.15,
            0.15,
            0.15,
            0.15,
            0.15,
            0.15,
            0.15,
            0.15,
            0.15,
            0.15
        ],
        [
            0.15,
            0.0,
            0.15,
            0.15,
            0.15,
            0.15,
            0.15,
            0.15,
            0.15,
            0.15,
            0.15,
            0.15,
            0.15,
            0.15,
            0.15,
            0.15,
            0.15,
            0.15,
            0.15,
            0.15,
            0.15,
            0.15,
            0.15,
            0.15,
            0.15,
            0.15,
            0.15,
            0.15,
            0.15,
            0.15,
            0.15,
            0.15,
            0.15,
            0.15,
            0.15,
            0.15
        ],
        [
            0.15,
            0.15,
            0.0,
            0.15,
            0.15,
            0.15,
            0.15,
            0.15,
            0.15,
            0.15,
            0.15,
            0.15,
            0.15,
            0.15,
            0.15,
            0.15,
            0.15,
            0.15,
            0.15,
            0.15,
            0.15,
            0.15,
            0.15,
            0.15,
            0.15,
            0.15,
            0.15,
            0.15,
            0.15,
            0.15,
            0.15,
            0.15,
            0.15,
            0.15,
            0.15,
            0.15
        ],
        [
            0.15,
            0.15,
            0.15,
            0.0,
            0.15,
            0.15,
            0.15,
            0.15,
            0.15,
            0.15,
            0.15,
            0.15,
            0.15,
            0.15,
            0.15,
            0.15,
            0.15,
            0.15,
            0.15,
            0.15,
            0.15,
            0.15,
            0.15,
            0.15,
            0.15,
            0.15,
            0.15,
            0.15,
            0.15,
            0.15,
            0.15,
            0.15,
            0.15,
            0.15,
            0.15,
            0.15
        ],
        [
            0.15,
            0.15,
            0.15,
            0.15,
            0.0,
            0.15,
            0.15,
            0.15,
            0.15,
            0.15,
            0.15,
            0.15,
            0.15,
            0.15,
            0.15,
            0.15,
            0.15,
            0.15,
            0.15,
            0.15,
            0.15,
            0.15,
            0.15,
            0.15,
            0.15,
            0.15,
            0.15,
            0.15,
            0.15,
            0.15,
            0.15,
            0.15,
            0.15,
            0.15,
            0.15,
            0.15
        ],
        [
            0.15,
            0.15,
            0.15,
            0.15,
            0.15,
            0.0,
            0.15,
            0.15,
            0.15,
            0.15,
            0.15,
            0.15,
            0.15,
            0.15,
            0.15,
            0.15,
            0.15,
            0.15,
            0.15,
            0.15,
            0.15,
            0.15,
            0.15,
            0.15,
            0.15,
            0.15,
            0.15,
            0.15,
            0.15,
            0.15,
            0.15,
            0.15,
            0.15,
            0.15,
            0.15,
            0.15
        ],
        [
            0.15,
            0.15,
            0.15,
            0.15,
            0.15,
            0.15,
            0.0,
            0.15,
            0.15,
            0.15,
            0.15,
            0.15,
            0.15,
            0.15,
            0.15,
            0.15,
            0.15,
            0.15,
            0.15,
            0.15,
            0.15,
            0.15,
            0.15,
            0.15,
            0.15,
            0.15,
            0.15,
            0.15,
            0.15,
            0.15,
            0.15,
            0.15,
            0.15,
            0.15,
            0.15,
            0.15
        ],
        [
            0.15,
            0.15,
            0.15,
            0.15,
            0.15,
            0.15,
            0.15,
            0.0,
            0.15,
            0.15,
            0.15,
            0.15,
            0.15,
            0.15,
            0.15,
            0.15,
            0.15,
            0.15,
            0.15,
            0.15,
            0.15,
            0.15,
            0.15,
            0.15,
            0.15,
            0.15,
            0.15,
            0.15,
            0.15,
            0.15,
            0.15,
            0.15,
            0.15,
            0.15,
            0.15,
            0.15
        ],
        [
            0.15,
            0.15,
            0.15,
            0.15,
            0.15,
            0.15,
            0.15,
            0.15,
            0.0,
            0.15,
            0.15,
            0.15,
            0.15,
            0.15,
            0.15,
            0.15,
            0.15,
            0.15,
            0.15,
            0.15,
            0.15,
            0.15,
            0.15,
            0.15,
            0.15,
            0.15,
            0.15,
            0.15,
            0.15,
            0.15,
            0.15,
            0.15,
            0.15,
            0.15,
            0.15,
            0.15
        ],
        [
            0.15,
            0.15,
            0.15,
            0.15,
            0.15,
            0.15,
            0.15,
            0.15,
            0.15,
            0.0,
            0.15,
            0.15,
            0.15,
            0.15,
            0.15,
            0.15,
            0.15,
            0.15,
            0.15,
            0.15,
            0.15,
            0.15,
            0.15,
            0.15,
            0.15,
            0.15,
            0.15,
            0.15,
            0.15,
            0.15,
            0.15,
            0.15,
            0.15,
            0.15,
            0.15,
            0.15
        ],
        [
            0.15,
            0.15,
            0.15,
            0.15,
            0.15,
            0.15,
            0.15,
            0.15,
            0.15,
            0.15,
            0.0,
            0.15,
            0.15,
            0.15,
            0.15,
            0.15,
            0.15,
            0.15,
            0.15,
            0.15,
            0.15,
            0.15,
            0.15,
            0.15,
            0.15,
            0.15,
            0.15,
            0.15,
            0.15,
            0.15,
            0.15,
            0.15,
            0.15,
            0.15,
            0.15,
            0.15
        ],
        [
            0.15,
            0.15,
            0.15,
            0.15,
            0.15,
            0.15,
            0.15,
            0.15,
            0.15,
            0.15,
            0.15,
            0.0,
            0.15,
            0.15,
            0.15,
            0.15,
            0.15,
            0.15,
            0.15,
            0.15,
            0.15,
            0.15,
            0.15,
            0.15,
            0.15,
            0.15,
            0.15,
            0.15,
            0.15,
            0.15,
            0.15,
            0.15,
            0.15,
            0.15,
            0.15,
            0.15
        ],
        [
            0.15,
            0.15,
            0.15,
            0.15,
            0.15,
            0.15,
            0.15,
            0.15,
            0.15,
            0.15,
            0.15,
            0.15,
            0.0,
            0.15,
            0.15,
            0.15,
            0.15,
            0.15,
            0.15,
            0.15,
            0.15,
            0.15,
            0.15,
            0.15,
            0.15,
            0.15,
            0.15,
            0.15,
            0.15,
            0.15,
            0.15,
            0.15,
            0.15,
            0.15,
            0.15,
            0.15
        ],
        [
            0.15,
            0.15,
            0.15,
            0.15,
            0.15,
            0.15,
            0.15,
            0.15,
            0.15,
            0.15,
            0.15,
            0.15,
            0.15,
            0.0,
            0.15,
            0.15,
            0.15,
            0.15,
            0.15,
            0.15,
            0.15,
            0.15,
            0.15,
            0.15,
            0.15,
            0.15,
            0.15,
            0.15,
            0.15,
            0.15,
            0.15,
            0.15,
            0.15,
            0.15,
            0.15,
            0.15
        ],
        [
            0.15,
            0.15,
            0.15,
            0.15,
            0.15,
            0.15,
            0.15,
            0.15,
            0.15,
            0.15,
            0.15,
            0.15,
            0.15,
            0.15,
            0.0,
            0.15,
            0.15,
            0.15,
            0.15,
            0.15,
            0.15,
            0.15,
            0.15,
            0.15,
            0.15,
            0.15,
            0.15,
            0.15,
            0.15,
            0.15,
            0.15,
            0.15,
            0.15,
            0.15,
            0.15,
            0.15
        ],
        [
            0.15,
            0.15,
            0.15,
            0.15,
            0.15,
            0.15,
            0.15,
            0.15,
            0.15,
            0.15,
            0.15,
            0.15,
            0.15,
            0.15,
            0.15,
            0.0,
            0.15,
            0.15,
            0.15,
            0.15,
            0.15,
            0.15,
            0.15,
            0.15,
            0.15,
            0.15,
            0.15,
            0.15,
            0.15,
            0.15,
            0.15,
            0.15,
            0.15,
            0.15,
            0.15,
            0.15
        ],
        [
            0.15,
            0.15,
            0.15,
            0.15,
            0.15,
            0.15,
            0.15,
            0.15,
            0.15,
            0.15,
            0.15,
            0.15,
            0.15,
            0.15,
            0.15,
            0.15,
            0.0,
            0.15,
            0.15,
            0.15,
            0.15,
            0.15,
            0.15,
            0.15,
            0.15,
            0.15,
            0.15,
            0.15,
            0.15,
            0.15,
            0.15,
            0.15,
            0.15,
            0.15,
            0.15,
            0.15
        ],
        [
            0.15,
            0.15,
            0.15,
            0.15,
            0.15,
            0.15,
            0.15,
            0.15,
            0.15,
            0.15,
            0.15,
            0.15,
            0.15,
            0.15,
            0.15,
            0.15,
            0.15,
            0.0,
            0.15,
            0.15,
            0.15,
            0.15,
            0.15,
            0.15,
            0.15,
            0.15,
            0.15,
            0.15,
            0.15,
            0.15,
