{
    "coords": [
        [
            0,
            0
        ],
        [
            39,
            24
        ],
        [
            29,
            30
        ],
        [
            35,
            1
        ],
        [
            24,
            7
        ],
        [
            20,
            46
        ],
        [
            27,
            3
        ],
        [
            27,
            6
        ],
        [
            37,
            47
        ],
        [
            48,
            31
        ],
        [
            43,
            18
        ],
        [
            7,
            25
        ],
        [
            22,
            33
        ],
        [
            49,
            13
        ],
        [
            42,
            6
        ],
        [
            17,
            39
        ],
        [
            12,
            33
        ],
        [
            22,
            25
        ],
        [
            47,
            40
        ],
        [
            41,
            27
        ],
        [
            49,
            49
        ],
        [
            6,
            10
        ],
        [
            15,
            27
        ],
        [
            41,
            24
        ],
        [
            49,
            17
        ],
        [
            46,
            29
        ],
        [
            36,
            11
        ],
        [
            29,
            40
        ],
        [
            44,
            43
        ],
        [
            48,
            6
        ],
        [
            38,
            23
        ],
        [
            34,
            13
        ],
        [
            0,
            4
        ],
        [
            48,
            44
        ],
        [
            15,
            21
        ],
        [
            12,
            7
        ]
    ],
    "dimension": 36,
    "distances": [
        [
            0.0,
            45.793,
            41.725,
            35.014,
            25.0,
            50.16,
            27.166,
            27.659,
            59.816,
            57.14,
            46.615,
            25.962,
            39.661,
            50.695,
            42.426,
            42.544,
            35.114,
            33.302,
            61.717,
            49.092,
            69.296,
            11.662,
            30.887,
            47.508,
            51.865,
            54.378,
            37.643,
            49.406,
            61.522,
            48.374,
            44.418,
            36.401,
            4.0,
            65.115,
            25.807,
            13.892
        ],
        [
            45.793,
            0.0,
            11.662,
            23.345,
            22.672,
            29.069,
            24.187,
            21.633,
            23.087,
            11.402,
            7.211,
            32.016,
            19.235,
            14.866,
            18.248,
            26.627,
            28.46,
            17.029,
            17.889,
            3.606,
            26.926,
            35.847,
            24.187,
            2.0,
            12.207,
            8.602,
            13.342,
            18.868,
            19.647,
            20.125,
            1.414,
            12.083,
            43.829,
            21.932,
            24.187,
            31.906
        ],
        [
            41.725,
            11.662,
            0.0,
            29.614,
            23.537,
            18.358,
            27.074,
            24.083,
            18.788,
            19.026,
            18.439,
            22.561,
            7.616,
            26.249,
            27.295,
            15.0,
            17.263,
            8.602,
            20.591,
            12.369,
            27.586,
            30.48,
            14.318,
            13.416,
            23.854,
            17.029,
            20.248,
            10.0,
            19.849,
            30.61,
            11.402,
            17.72,
            38.949,
            23.601,
            16.643,
            28.601
        ],
        [
            35.014,
            23.345,
            29.614,
            0.0,
            12.53,
            47.434,
            8.246,
            9.434,
            46.043,
            32.696,
            18.788,
            36.878,
            34.54,
            18.439,
            8.602,
            42.048,
            39.408,
            27.295,
            40.804,
            26.683,
            50.0,
            30.364,
            32.802,
            23.77,
            21.26,
            30.083,
            10.05,
            39.459,
            42.953,
            13.928,
            22.204,
            12.042,
            35.128,
            44.922,
            28.284,
            23.77
        ],
        [
            25.0,
            22.672,
            23.537,
            12.53,
            0.0,
            39.205,
            5.0,
            3.162,
            42.059,
            33.941,
            21.954,
            24.759,
            26.077,
            25.71,
            18.028,
            32.757,
            28.636,
            18.111,
            40.224,
            26.249,
            48.877,
            18.248,
            21.932,
            24.042,
            26.926,
            31.113,
            12.649,
            33.377,
            41.183,
            24.021,
            21.26,
            11.662,
            24.187,
            44.102,
            16.643,
            12.0
        ],
        [
            50.16,
            29.069,
            18.358,
            47.434,
            39.205,
            0.0,
            43.566,
            40.608,
            17.029,
            31.765,
            36.235,
            24.698,
            13.153,
            43.932,
            45.651,
            7.616,
            15.264,
            21.095,
            27.659,
            28.32,
            29.155,
            38.626,
            19.647,
            30.414,
            41.012,
            31.064,
            38.484,
            10.817,
            24.187,
            48.826,
            29.206,
            35.847,
            46.519,
            28.071,
            25.495,
            39.812
        ],
        [
            27.166,
            24.187,
            27.074,
            8.246,
            5.0,
            43.566,
            0.0,
            3.0,
            45.122,
            35.0,
            21.932,
            29.732,
            30.414,
            24.166,
            15.297,
            37.363,
            33.541,
            22.561,
            42.059,
            27.785,
            50.99,
            22.136,
            26.833,
            25.239,
            26.077,
            32.202,
            12.042,
            37.054,
            43.463,
            21.213,
            22.825,
            12.207,
            27.019,
            46.065,
            21.633,
            15.524
        ],
        [
            27.659,
            21.633,
            24.083,
            9.434,
            3.162,
            40.608,
            3.0,
            0.0,
            42.202,
            32.65,
            20.0,
            27.586,
            27.459,
            23.087,
            15.0,
            34.482,
            30.887,
            19.647,
            39.446,
            25.239,
            48.301,
            21.378,
            24.187,
            22.804,
            24.597,
            29.833,
            10.296,
            34.059,
            40.719,
            21.0,
            20.248,
            9.899,
            27.074,
            43.417,
            19.209,
            15.033
        ],
        [
            59.816,
            23.087,
            18.788,
            46.043,
            42.059,
            17.029,
            45.122,
            42.202,
            0.0,
            19.416,
            29.614,
            37.202,
            20.518,
            36.056,
            41.304,
            21.541,
            28.653,
            26.627,
            12.207,
            20.396,
            12.166,
            48.27,
            29.732,
            23.345,
            32.311,
            20.125,
            36.014,
            10.63,
            8.062,
            42.45,
            24.021,
            34.132,
            56.727,
            11.402,
            34.059,
            47.17
        ],
        [
            57.14,
            11.402,
            19.026,
            32.696,
            33.941,
            31.765,
            35.0,
            32.65,
            19.416,
            0.0,
            13.928,
            41.437,
            26.077,
            18.028,
            25.71,
            32.016,
            36.056,
            26.683,
            9.055,
            8.062,
            18.028,
            46.957,
            33.242,
            9.899,
            14.036,
            2.828,
            23.324,
            21.024,
            12.649,
            25.0,
            12.806,
            22.804,
            55.073,
            13.0,
            34.482,
            43.267
        ],
        [
            46.615,
            7.211,
            18.439,
            18.788,
            21.954,
            36.235,
            21.932,
            20.0,
            29.614,
            13.928,
            0.0,
            36.674,
            25.807,
            7.81,
            12.042,
            33.422,
            34.438,
            22.136,
            22.361,
            9.22,
            31.575,
            37.855,
            29.411,
            6.325,
            6.083,
            11.402,
            9.899,
            26.077,
            25.02,
            13.0,
            7.071,
            10.296,
            45.222,
            26.476,
            28.16,
            32.894
        ],
        [
            25.962,
            32.016,
            22.561,
            36.878,
            24.759,
            24.698,
            29.732,
            27.586,
            37.202,
            41.437,
            36.674,
            0.0,
            17.0,
            43.681,
            39.825,
            17.205,
            9.434,
            15.0,
            42.72,
            34.059,
            48.374,
            15.033,
            8.246,
            34.015,
            42.755,
            39.205,
            32.202,
            26.627,
            41.146,
            45.188,
            31.064,
            29.547,
            22.136,
            45.188,
            8.944,
            18.682
        ],
        [
            39.661,
            19.235,
            7.616,
            34.54,
            26.077,
            13.153,
            30.414,
            27.459,
            20.518,
            26.077,
            25.807,
            17.0,
            0.0,
            33.601,
            33.601,
            7.81,
            10.0,
            8.0,
            25.962,
            19.925,
            31.385,
            28.018,
            9.22,
            21.024,
            31.385,
            24.331,
            26.077,
            9.899,
            24.166,
            37.483,
            18.868,
            23.324,
            36.401,
            28.231,
            13.892,
            27.857
        ],
        [
            50.695,
            14.866,
            26.249,
            18.439,
            25.71,
            43.932,
            24.166,
            23.087,
            36.056,
            18.028,
            7.81,
            43.681,
            33.601,
            0.0,
            9.899,
            41.231,
            42.059,
            29.547,
            27.074,
            16.125,
            36.0,
            43.105,
            36.77,
            13.601,
            4.0,
            16.279,
            13.153,
            33.601,
            30.414,
            7.071,
            14.866,
            15.0,
            49.82,
            31.016,
            34.928,
            37.483
        ],
        [
            42.426,
            18.248,
            27.295,
            8.602,
            18.028,
            45.651,
            15.297,
            15.0,
            41.304,
            25.71,
            12.042,
            39.825,
            33.601,
            9.899,
            0.0,
            41.4,
            40.361,
            27.586,
            34.366,
            21.024,
            43.566,
            36.222,
            34.205,
            18.028,
            13.038,
            23.345,
            7.81,
            36.401,
            37.054,
            6.0,
            17.464,
            10.63,
            42.048,
            38.471,
            30.887,
            30.017
        ],
        [
            42.544,
            26.627,
            15.0,
            42.048,
            32.757,
            7.616,
            37.363,
            34.482,
            21.541,
            32.016,
            33.422,
            17.205,
            7.81,
            41.231,
            41.4,
            0.0,
            7.81,
            14.866,
            30.017,
            26.833,
            33.526,
            31.016,
            12.166,
            28.302,
            38.833,
            30.676,
            33.838,
            12.042,
            27.295,
            45.277,
            26.401,
            31.064,
            38.91,
            31.401,
            18.111,
            32.388
        ],
        [
            35.114,
            28.46,
            17.263,
            39.408,
            28.636,
            15.264,
            33.541,
            30.887,
            28.653,
            36.056,
            34.438,
            9.434,
            10.0,
            42.059,
            40.361,
            7.81,
            0.0,
            12.806,
            35.693,
            29.614,
            40.311,
            23.77,
            6.708,
            30.364,
            40.311,
            34.234,
            32.558,
            18.385,
            33.526,
            45.0,
            27.857,
            29.732,
            31.385,
            37.643,
            12.369,
            26.0
        ],
        [
            33.302,
            17.029,
            8.602,
            27.295,
            18.111,
            21.095,
            22.561,
            19.647,
            26.627,
            26.683,
            22.136,
            15.0,
            8.0,
            29.547,
            27.586,
            14.866,
            12.806,
            0.0,
            29.155,
            19.105,
            36.125,
            21.932,
            7.28,
            19.026,
            28.16,
            24.331,
            19.799,
            16.553,
            28.425,
            32.202,
            16.125,
            16.971,
            30.414,
            32.202,
            8.062,
            20.591
        ],
        [
            61.717,
            17.889,
            20.591,
            40.804,
            40.224,
            27.659,
            42.059,
            39.446,
            12.207,
            9.055,
            22.361,
            42.72,
            25.962,
            27.074,
            34.366,
            30.017,
            35.693,
            29.155,
            0.0,
            14.318,
            9.22,
            50.804,
            34.54,
            17.088,
            23.087,
            11.045,
            31.016,
            18.0,
            4.243,
            34.015,
            19.235,
            29.967,
            59.203,
            4.123,
            37.216,
            48.104
        ],
        [
            49.092,
            3.606,
            12.369,
            26.683,
            26.249,
            28.32,
            27.785,
            25.239,
            20.396,
            8.062,
            9.22,
            34.059,
            19.925,
            16.125,
            21.024,
            26.833,
            29.614,
            19.105,
            14.318,
            0.0,
            23.409,
            38.91,
            26.0,
            3.0,
            12.806,
            5.385,
            16.763,
            17.692,
            16.279,
            22.136,
            5.0,
            15.652,
            47.011,
            18.385,
            26.683,
            35.228
        ],
        [
            69.296,
            26.926,
            27.586,
            50.0,
            48.877,
            29.155,
            50.99,
            48.301,
            12.166,
            18.028,
            31.575,
            48.374,
            31.385,
            36.0,
            43.566,
            33.526,
            40.311,
            36.125,
            9.22,
            23.409,
            0.0,
            58.052,
            40.497,
            26.249,
            32.0,
            20.224,
            40.162,
            21.932,
            7.81,
            43.012,
            28.231,
            39.0,
            66.528,
            5.099,
            44.045,
            55.973
        ],
        [
            11.662,
            35.847,
            30.48,
            30.364,
            18.248,
            38.626,
            22.136,
            21.378,
            48.27,
            46.957,
            37.855,
            15.033,
            28.018,
            43.105,
            36.222,
            31.016,
            23.77,
            21.932,
            50.804,
            38.91,
            58.052,
            0.0,
            19.235,
            37.696,
            43.566,
            44.283,
            30.017,
            37.802,
            50.329,
            42.19,
            34.54,
            28.16,
            8.485,
            54.037,
            14.213,
            6.708
        ],
        [
            30.887,
            24.187,
            14.318,
            32.802,
            21.932,
            19.647,
            26.833,
            24.187,
            29.732,
            33.242,
            29.411,
            8.246,
            9.22,
            36.77,
            34.205,
            12.166,
            6.708,
            7.28,
            34.54,
            26.0,
            40.497,
            19.235,
            0.0,
            26.173,
            35.44,
            31.064,
            26.401,
            19.105,
            33.121,
            39.115,
            23.345,
            23.601,
            27.459,
            37.121,
            6.0,
            20.224
        ],
        [
            47.508,
            2.0,
            13.416,
            23.77,
            24.042,
            30.414,
            25.239,
            22.804,
            23.345,
            9.899,
            6.325,
            34.015,
            21.024,
            13.601,
            18.028,
            28.302,
            30.364,
            19.026,
            17.088,
            3.0,
            26.249,
            37.696,
            26.173,
            0.0,
            10.63,
            7.071,
            13.928,
            20.0,
            19.235,
            19.313,
            3.162,
            13.038,
            45.618,
            21.19,
            26.173,
            33.615
        ],
        [
            51.865,
            12.207,
            23.854,
            21.26,
            26.926,
            41.012,
            26.077,
            24.597,
            32.311,
            14.036,
            6.083,
            42.755,
            31.385,
            4.0,
            13.038,
            38.833,
            40.311,
            28.16,
            23.087,
            12.806,
            32.0,
            43.566,
            35.44,
            10.63,
            0.0,
            12.369,
            14.318,
            30.48,
            26.476,
            11.045,
            12.53,
            15.524,
            50.695,
            27.019,
            34.234,
            38.328
        ],
        [
            54.378,
            8.602,
            17.029,
            30.083,
            31.113,
            31.064,
            32.202,
            29.833,
            20.125,
            2.828,
            11.402,
            39.205,
            24.331,
            16.279,
            23.345,
            30.676,
            34.234,
            24.331,
            11.045,
            5.385,
            20.224,
            44.283,
            31.064,
            7.071,
            12.369,
            0.0,
            20.591,
            20.248,
            14.142,
            23.087,
            10.0,
            20.0,
            52.355,
            15.133,
            32.016,
            40.497
        ],
        [
            37.643,
            13.342,
            20.248,
            10.05,
            12.649,
            38.484,
            12.042,
            10.296,
            36.014,
            23.324,
            9.899,
            32.202,
            26.077,
            13.153,
            7.81,
            33.838,
            32.558,
            19.799,
            31.016,
            16.763,
            40.162,
            30.017,
            26.401,
            13.928,
            14.318,
            20.591,
            0.0,
            29.833,
            32.985,
            13.0,
            12.166,
            2.828,
            36.674,
            35.114,
            23.259,
            24.331
        ],
        [
            49.406,
            18.868,
            10.0,
            39.459,
            33.377,
            10.817,
            37.054,
            34.059,
            10.63,
            21.024,
            26.077,
            26.627,
            9.899,
            33.601,
            36.401,
            12.042,
            18.385,
            16.553,
            18.0,
            17.692,
            21.932,
            37.802,
            19.105,
            20.0,
            30.48,
            20.248,
            29.833,
            0.0,
            15.297,
            38.949,
            19.235,
            27.459,
            46.228,
            19.416,
            23.601,
            37.121
        ],
        [
            61.522,
            19.647,
            19.849,
            42.953,
            41.183,
            24.187,
            43.463,
            40.719,
            8.062,
            12.649,
            25.02,
            41.146,
            24.166,
            30.414,
            37.054,
            27.295,
            33.526,
            28.425,
            4.243,
            16.279,
            7.81,
            50.329,
            33.121,
            19.235,
            26.476,
            14.142,
            32.985,
            15.297,
            0.0,
            37.216,
            20.881,
            31.623,
            58.796,
            4.123,
            36.401,
            48.166
        ],
        [
            48.374,
            20.125,
            30.61,
            13.928,
            24.021,
            48.826,
            21.213,
            21.0,
            42.45,
            25.0,
            13.0,
            45.188,
            37.483,
            7.071,
            6.0,
            45.277,
            45.0,
            32.202,
            34.015,
            22.136,
            43.012,
            42.19,
            39.115,
            19.313,
            11.045,
            23.087,
            13.0,
            38.949,
            37.216,
            0.0,
            19.723,
            15.652,
            48.042,
            38.0,
            36.249,
            36.014
        ],
        [
            44.418,
            1.414,
            11.402,
            22.204,
            21.26,
            29.206,
            22.825,
            20.248,
            24.021,
            12.806,
            7.071,
            31.064,
            18.868,
            14.866,
            17.464,
            26.401,
            27.857,
            16.125,
            19.235,
            5.0,
            28.231,
            34.54,
            23.345,
            3.162,
            12.53,
            10.0,
            12.166,
            19.235,
            20.881,
            19.723,
            0.0,
            10.77,
            42.485,
            23.259,
            23.087,
            30.529
        ],
        [
            36.401,
            12.083,
            17.72,
            12.042,
            11.662,
            35.847,
            12.207,
            9.899,
            34.132,
            22.804,
            10.296,
            29.547,
            23.324,
            15.0,
            10.63,
            31.064,
            29.732,
            16.971,
            29.967,
            15.652,
            39.0,
            28.16,
            23.601,
            13.038,
            15.524,
            20.0,
            2.828,
            27.459,
            31.623,
            15.652,
            10.77,
            0.0,
            35.171,
            34.015,
            20.616,
            22.804
        ],
        [
            4.0,
            43.829,
            38.949,
            35.128,
            24.187,
            46.519,
            27.019,
            27.074,
            56.727,
            55.073,
            45.222,
            22.136,
            36.401,
            49.82,
            42.048,
            38.91,
            31.385,
            30.414,
            59.203,
            47.011,
            66.528,
            8.485,
            27.459,
            45.618,
            50.695,
            52.355,
            36.674,
            46.228,
            58.796,
            48.042,
            42.485,
            35.171,
            0.0,
            62.482,
            22.672,
            12.369
        ],
        [
            65.115,
            21.932,
            23.601,
            44.922,
            44.102,
            28.071,
            46.065,
            43.417,
            11.402,
            13.0,
            26.476,
            45.188,
            28.231,
            31.016,
            38.471,
            31.401,
            37.643,
            32.202,
            4.123,
            18.385,
            5.099,
            54.037,
            37.121,
            21.19,
            27.019,
            15.133,
            35.114,
            19.416,
            4.123,
            38.0,
            23.259,
            34.015,
            62.482,
            0.0,
            40.224,
            51.624
        ],
        [
            25.807,
            24.187,
            16.643,
            28.284,
            16.643,
            25.495,
            21.633,
            19.209,
            34.059,
            34.482,
            28.16,
            8.944,
            13.892,
            34.928,
            30.887,
            18.111,
            12.369,
            8.062,
            37.216,
            26.683,
            44.045,
            14.213,
            6.0,
            26.173,
            34.234,
            32.016,
            23.259,
            23.601,
            36.401,
            36.249,
            23.087,
            20.616,
            22.672,
            40.224,
            0.0,
            14.318
        ],
        [
            13.892,
            31.906,
            28.601,
            23.77,
            12.0,
            39.812,
            15.524,
            15.033,
            47.17,
            43.267,
            32.894,
            18.682,
            27.857,
            37.483,
            30.017,
            32.388,
            26.0,
            20.591,
            48.104,
            35.228,
            55.973,
            6.708,
            20.224,
            33.615,
            38.328,
            40.497,
            24.331,
            37.121,
            48.166,
            36.014,
            30.529,
            22.804,
            12.369,
            51.624,
            14.318,
            0.0
        ]
    ],
    "distances_scv": [
        [
            0.0,
            0.15,
            0.15,
            0.15,
            0.15,
            0.15,
            0.15,
            0.15,
            0.15,
            0.15,
            0.15,
            0.15,
            0.15,
            0.15,
            0.15,
            0.15,
            0.15,
            0.15,
            0.15,
            0.15,
            0.15,
            0.15,
            0.15,
            0.15,
            0.15,
            0.15,
            0.15,
            0.15,
            0.15,
            0.15,
            0.15,
            0.15,
            0.15,
            0.15,
            0.15,
            0.15
        ],
        [
            0.15,
            0.0,
            0.15,
            0.15,
            0.15,
            0.15,
            0.15,
            0.15,
            0.15,
            0.15,
            0.15,
            0.15,
            0.15,
            0.15,
            0.15,
            0.15,
            0.15,
            0.15,
            0.15,
            0.15,
            0.15,
            0.15,
            0.15,
            0.15,
            0.15,
            0.15,
            0.15,
            0.15,
            0.15,
            0.15,
            0.15,
            0.15,
            0.15,
            0.15,
            0.15,
            0.15
        ],
        [
            0.15,
            0.15,
            0.0,
            0.15,
            0.15,
            0.15,
            0.15,
            0.15,
            0.15,
            0.15,
            0.15,
            0.15,
            0.15,
            0.15,
            0.15,
            0.15,
            0.15,
            0.15,
            0.15,
            0.15,
            0.15,
            0.15,
            0.15,
            0.15,
            0.15,
            0.15,
            0.15,
            0.15,
            0.15,
            0.15,
            0.15,
            0.15,
            0.15,
            0.15,
            0.15,
            0.15
        ],
        [
            0.15,
            0.15,
            0.15,
            0.0,
            0.15,
            0.15,
            0.15,
            0.15,
            0.15,
            0.15,
            0.15,
            0.15,
            0.15,
            0.15,
            0.15,
            0.15,
            0.15,
            0.15,
            0.15,
            0.15,
            0.15,
            0.15,
            0.15,
            0.15,
            0.15,
            0.15,
            0.15,
            0.15,
            0.15,
            0.15,
            0.15,
            0.15,
            0.15,
            0.15,
            0.15,
            0.15
        ],
        [
            0.15,
            0.15,
            0.15,
            0.15,
            0.0,
            0.15,
            0.15,
            0.15,
            0.15,
            0.15,
            0.15,
            0.15,
            0.15,
            0.15,
            0.15,
            0.15,
            0.15,
            0.15,
            0.15,
            0.15,
            0.15,
            0.15,
            0.15,
            0.15,
            0.15,
            0.15,
            0.15,
            0.15,
            0.15,
            0.15,
            0.15,
            0.15,
            0.15,
            0.15,
            0.15,
            0.15
        ],
        [
            0.15,
            0.15,
            0.15,
            0.15,
            0.15,
            0.0,
            0.15,
            0.15,
            0.15,
            0.15,
            0.15,
            0.15,
            0.15,
            0.15,
            0.15,
            0.15,
            0.15,
            0.15,
            0.15,
            0.15,
            0.15,
            0.15,
            0.15,
            0.15,
            0.15,
            0.15,
            0.15,
            0.15,
            0.15,
            0.15,
            0.15,
            0.15,
            0.15,
            0.15,
            0.15,
            0.15
        ],
        [
            0.15,
            0.15,
            0.15,
            0.15,
            0.15,
            0.15,
            0.0,
            0.15,
            0.15,
            0.15,
            0.15,
            0.15,
            0.15,
            0.15,
            0.15,
            0.15,
            0.15,
            0.15,
            0.15,
            0.15,
            0.15,
            0.15,
            0.15,
            0.15,
            0.15,
            0.15,
            0.15,
            0.15,
            0.15,
            0.15,
            0.15,
            0.15,
            0.15,
            0.15,
            0.15,
            0.15
        ],
        [
            0.15,
            0.15,
            0.15,
            0.15,
            0.15,
            0.15,
            0.15,
            0.0,
            0.15,
            0.15,
            0.15,
            0.15,
            0.15,
            0.15,
            0.15,
            0.15,
            0.15,
            0.15,
            0.15,
            0.15,
            0.15,
            0.15,
            0.15,
            0.15,
            0.15,
            0.15,
            0.15,
            0.15,
            0.15,
            0.15,
            0.15,
            0.15,
            0.15,
            0.15,
            0.15,
            0.15
        ],
        [
            0.15,
            0.15,
            0.15,
            0.15,
            0.15,
            0.15,
            0.15,
            0.15,
            0.0,
            0.15,
            0.15,
            0.15,
            0.15,
            0.15,
            0.15,
            0.15,
            0.15,
            0.15,
            0.15,
            0.15,
            0.15,
            0.15,
            0.15,
            0.15,
            0.15,
            0.15,
            0.15,
            0.15,
            0.15,
            0.15,
            0.15,
            0.15,
            0.15,
            0.15,
            0.15,
            0.15
        ],
        [
            0.15,
            0.15,
            0.15,
            0.15,
            0.15,
            0.15,
            0.15,
            0.15,
            0.15,
            0.0,
            0.15,
            0.15,
            0.15,
            0.15,
            0.15,
            0.15,
            0.15,
            0.15,
            0.15,
            0.15,
            0.15,
            0.15,
            0.15,
            0.15,
            0.15,
            0.15,
            0.15,
            0.15,
            0.15,
            0.15,
            0.15,
            0.15,
            0.15,
            0.15,
            0.15,
            0.15
        ],
        [
            0.15,
            0.15,
            0.15,
            0.15,
            0.15,
            0.15,
            0.15,
            0.15,
            0.15,
            0.15,
            0.0,
            0.15,
            0.15,
            0.15,
            0.15,
            0.15,
            0.15,
            0.15,
            0.15,
            0.15,
            0.15,
            0.15,
            0.15,
            0.15,
            0.15,
            0.15,
            0.15,
            0.15,
            0.15,
            0.15,
            0.15,
            0.15,
            0.15,
            0.15,
            0.15,
            0.15
        ],
        [
            0.15,
            0.15,
            0.15,
            0.15,
            0.15,
            0.15,
            0.15,
            0.15,
            0.15,
            0.15,
            0.15,
            0.0,
            0.15,
            0.15,
            0.15,
            0.15,
            0.15,
            0.15,
            0.15,
            0.15,
            0.15,
            0.15,
            0.15,
            0.15,
            0.15,
            0.15,
            0.15,
            0.15,
            0.15,
            0.15,
            0.15,
            0.15,
            0.15,
            0.15,
            0.15,
            0.15
        ],
        [
            0.15,
            0.15,
            0.15,
            0.15,
            0.15,
            0.15,
            0.15,
            0.15,
            0.15,
            0.15,
            0.15,
            0.15,
            0.0,
            0.15,
            0.15,
            0.15,
            0.15,
            0.15,
            0.15,
            0.15,
            0.15,
            0.15,
            0.15,
            0.15,
            0.15,
            0.15,
            0.15,
            0.15,
            0.15,
            0.15,
            0.15,
            0.15,
            0.15,
            0.15,
            0.15,
            0.15
        ],
        [
            0.15,
            0.15,
            0.15,
            0.15,
            0.15,
            0.15,
            0.15,
            0.15,
            0.15,
            0.15,
            0.15,
            0.15,
            0.15,
            0.0,
            0.15,
            0.15,
            0.15,
            0.15,
            0.15,
            0.15,
            0.15,
            0.15,
            0.15,
            0.15,
            0.15,
            0.15,
            0.15,
            0.15,
            0.15,
            0.15,
            0.15,
            0.15,
            0.15,
            0.15,
            0.15,
            0.15
        ],
        [
            0.15,
            0.15,
            0.15,
            0.15,
            0.15,
            0.15,
            0.15,
            0.15,
            0.15,
            0.15,
            0.15,
            0.15,
            0.15,
            0.15,
            0.0,
            0.15,
            0.15,
            0.15,
            0.15,
            0.15,
            0.15,
            0.15,
            0.15,
            0.15,
            0.15,
            0.15,
            0.15,
            0.15,
            0.15,
            0.15,
            0.15,
            0.15,
            0.15,
            0.15,
            0.15,
            0.15
        ],
        [
            0.15,
            0.15,
            0.15,
            0.15,
            0.15,
            0.15,
            0.15,
            0.15,
            0.15,
            0.15,
            0.15,
            0.15,
            0.15,
            0.15,
            0.15,
            0.0,
            0.15,
            0.15,
            0.15,
            0.15,
            0.15,
            0.15,
            0.15,
            0.15,
            0.15,
            0.15,
            0.15,
            0.15,
            0.15,
            0.15,
            0.15,
            0.15,
            0.15,
            0.15,
            0.15,
            0.15
        ],
        [
            0.15,
            0.15,
            0.15,
            0.15,
            0.15,
            0.15,
            0.15,
            0.15,
            0.15,
            0.15,
            0.15,
            0.15,
            0.15,
            0.15,
            0.15,
            0.15,
            0.0,
            0.15,
            0.15,
            0.15,
            0.15,
            0.15,
            0.15,
            0.15,
            0.15,
            0.15,
            0.15,
            0.15,
            0.15,
            0.15,
            0.15,
            0.15,
            0.15,
            0.15,
            0.15,
            0.15
        ],
        [
            0.15,
            0.15,
            0.15,
            0.15,
            0.15,
            0.15,
            0.15,
            0.15,
            0.15,
            0.15,
            0.15,
            0.15,
            0.15,
            0.15,
            0.15,
            0.15,
            0.15,
            0.0,
            0.15,
            0.15,
            0.15,
            0.15,
            0.15,
            0.15,
            0.15,
            0.15,
            0.15,
            0.15,
            0.15,
            0.15,
