{
    "coords": [
        [
            0,
            0
        ],
        [
            27,
            11
        ],
        [
            19,
            3
        ],
        [
            17,
            35
        ],
        [
            38,
            40
        ],
        [
            24,
            27
        ],
        [
            47,
            31
        ],
        [
            33,
            8
        ],
        [
            46,
            27
        ],
        [
            3,
            8
        ],
        [
            44,
            25
        ],
        [
            39,
            17
        ],
        [
            4,
            48
        ],
        [
            47,
            25
        ],
        [
            14,
            10
        ],
        [
            35,
            12
        ],
        [
            9,
            27
        ],
        [
            46,
            42
        ],
        [
            14,
            16
        ],
        [
            23,
            45
        ],
        [
            37,
            12
        ],
        [
            33,
            45
        ],
        [
            0,
            36
        ],
        [
            45,
            46
        ],
        [
            0,
            47
        ],
        [
            11,
            8
        ],
        [
            36,
            35
        ],
        [
            49,
            11
        ],
        [
            40,
            30
        ],
        [
            5,
            12
        ],
        [
            36,
            23
        ],
        [
            49,
            19
        ],
        [
            48,
            3
        ],
        [
            26,
            31
        ],
        [
            48,
            33
        ],
        [
            26,
            43
        ]
    ],
    "dimension": 36,
    "distances": [
        [
            0.0,
            29.155,
            19.235,
            38.91,
            55.172,
            36.125,
            56.303,
            33.956,
            53.339,
            8.544,
            50.606,
            42.544,
            48.166,
            53.235,
            17.205,
            37.0,
            28.46,
            62.29,
            21.26,
            50.537,
            38.897,
            55.803,
            36.0,
            64.351,
            47.0,
            13.601,
            50.21,
            50.22,
            50.0,
            13.0,
            42.72,
            52.555,
            48.094,
            40.46,
            58.249,
            50.249
        ],
        [
            29.155,
            0.0,
            11.314,
            26.0,
            31.016,
            16.279,
            28.284,
            6.708,
            24.839,
            24.187,
            22.023,
            13.416,
            43.566,
            24.413,
            13.038,
            8.062,
            24.083,
            36.359,
            13.928,
            34.234,
            10.05,
            34.525,
            36.797,
            39.357,
            45.0,
            16.279,
            25.632,
            22.0,
            23.022,
            22.023,
            15.0,
            23.409,
            22.472,
            20.025,
            30.414,
            32.016
        ],
        [
            19.235,
            11.314,
            0.0,
            32.062,
            41.593,
            24.515,
            39.598,
            14.866,
            36.125,
            16.763,
            33.302,
            24.413,
            47.434,
            35.609,
            8.602,
            18.358,
            26.0,
            47.434,
            13.928,
            42.19,
            20.125,
            44.272,
            38.079,
            50.249,
            47.927,
            9.434,
            36.235,
            31.048,
            34.205,
            16.643,
            26.249,
            34.0,
            29.0,
            28.862,
            41.725,
            40.608
        ],
        [
            38.91,
            26.0,
            32.062,
            0.0,
            21.587,
            10.63,
            30.265,
            31.385,
            30.083,
            30.414,
            28.792,
            28.425,
            18.385,
            31.623,
            25.179,
            29.206,
            11.314,
            29.833,
            19.235,
            11.662,
            30.48,
            18.868,
            17.029,
            30.083,
            20.809,
            27.659,
            19.0,
            40.0,
            23.537,
            25.942,
            22.472,
            35.777,
            44.553,
            9.849,
            31.064,
            12.042
        ],
        [
            55.172,
            31.016,
            41.593,
            21.587,
            0.0,
            19.105,
            12.728,
            32.388,
            15.264,
            47.424,
            16.155,
            23.022,
            34.928,
            17.493,
            38.419,
            28.16,
            31.78,
            8.246,
            33.941,
            15.811,
            28.018,
            7.071,
            38.21,
            9.22,
            38.639,
            41.869,
            5.385,
            31.016,
            10.198,
            43.278,
            17.117,
            23.707,
            38.328,
            15.0,
            12.207,
            12.369
        ],
        [
            36.125,
            16.279,
            24.515,
            10.63,
            19.105,
            0.0,
            23.345,
            21.024,
            22.0,
            28.32,
            20.1,
            18.028,
            29.0,
            23.087,
            19.723,
            18.601,
            15.0,
            26.627,
            14.866,
            18.028,
            19.849,
            20.125,
            25.632,
            28.32,
            31.241,
            23.022,
            14.422,
            29.682,
            16.279,
            24.207,
            12.649,
            26.249,
            33.941,
            4.472,
            24.739,
            16.125
        ],
        [
            56.303,
            28.284,
            39.598,
            30.265,
            12.728,
            23.345,
            0.0,
            26.926,
            4.123,
            49.649,
            6.708,
            16.125,
            46.239,
            6.0,
            39.115,
            22.472,
            38.21,
            11.045,
            36.249,
            27.785,
            21.471,
            19.799,
            47.265,
            15.133,
            49.649,
            42.72,
            11.705,
            20.1,
            7.071,
            46.098,
            13.601,
            12.166,
            28.018,
            21.0,
            2.236,
            24.187
        ],
        [
            33.956,
            6.708,
            14.866,
            31.385,
            32.388,
            21.024,
            26.926,
            0.0,
            23.022,
            30.0,
            20.248,
            10.817,
            49.406,
            22.023,
            19.105,
            4.472,
            30.61,
            36.401,
            20.616,
            38.328,
            5.657,
            37.0,
            43.278,
            39.85,
            51.088,
            22.0,
            27.166,
            16.279,
            23.087,
            28.284,
            15.297,
            19.416,
            15.811,
            24.042,
            29.155,
            35.693
        ],
        [
            53.339,
            24.839,
            36.125,
            30.083,
            15.264,
            22.0,
            4.123,
            23.022,
            0.0,
            47.011,
            2.828,
            12.207,
            46.957,
            2.236,
            36.235,
            18.601,
            37.0,
            15.0,
            33.838,
            29.206,
            17.493,
            22.204,
            46.872,
            19.026,
            50.16,
            39.825,
            12.806,
            16.279,
            6.708,
            43.658,
            10.77,
            8.544,
            24.083,
            20.396,
            6.325,
            25.612
        ],
        [
            8.544,
            24.187,
            16.763,
            30.414,
            47.424,
            28.32,
            49.649,
            30.0,
            47.011,
            0.0,
            44.385,
            37.108,
            40.012,
            47.17,
            11.18,
            32.249,
            19.925,
            54.818,
            13.601,
            42.059,
            34.234,
            47.634,
            28.16,
            56.639,
            39.115,
            8.0,
            42.638,
            46.098,
            43.046,
            4.472,
            36.249,
            47.297,
            45.277,
            32.527,
            51.478,
            41.881
        ],
        [
            50.606,
            22.023,
            33.302,
            28.792,
            16.155,
            20.1,
            6.708,
            20.248,
            2.828,
            44.385,
            0.0,
            9.434,
            46.141,
            3.0,
            33.541,
            15.811,
            35.057,
            17.117,
            31.321,
            29.0,
            14.765,
            22.825,
            45.354,
            21.024,
            49.193,
            37.121,
            12.806,
            14.866,
            6.403,
            41.11,
            8.246,
            7.81,
            22.361,
            18.974,
            8.944,
            25.456
        ],
        [
            42.544,
            13.416,
            24.413,
            28.425,
            23.022,
            18.028,
            16.125,
            10.817,
            12.207,
            37.108,
            9.434,
            0.0,
            46.755,
            11.314,
            25.962,
            6.403,
            31.623,
            25.962,
            25.02,
            32.249,
            5.385,
            28.636,
            43.382,
            29.614,
            49.204,
            29.411,
            18.248,
            11.662,
            13.038,
            34.366,
            6.708,
            10.198,
            16.643,
            19.105,
            18.358,
            29.069
        ],
        [
            48.166,
            43.566,
            47.434,
            18.385,
            34.928,
            29.0,
            46.239,
            49.406,
            46.957,
            40.012,
            46.141,
            46.755,
            0.0,
            48.765,
            39.294,
            47.508,
            21.587,
            42.426,
            33.526,
            19.235,
            48.836,
            29.155,
            12.649,
            41.049,
            4.123,
            40.608,
            34.54,
            58.258,
            40.249,
            36.014,
            40.608,
            53.535,
            62.936,
            27.803,
            46.487,
            22.561
        ],
        [
            53.235,
            24.413,
            35.609,
            31.623,
            17.493,
            23.087,
            6.0,
            22.023,
            2.236,
            47.17,
            3.0,
            11.314,
            48.765,
            0.0,
            36.249,
            17.692,
            38.053,
            17.029,
            34.205,
            31.241,
            16.401,
            24.413,
            48.27,
            21.095,
            51.894,
            39.812,
            14.866,
            14.142,
            8.602,
            43.966,
            11.18,
            6.325,
            22.023,
            21.84,
            8.062,
            27.659
        ],
        [
            17.205,
            13.038,
            8.602,
            25.179,
            38.419,
            19.723,
            39.115,
            19.105,
            36.235,
            11.18,
            33.541,
            25.962,
            39.294,
            36.249,
            0.0,
            21.095,
            17.72,
            45.255,
            6.0,
            36.139,
            23.087,
            39.825,
            29.53,
            47.508,
            39.56,
            3.606,
            33.302,
            35.014,
            32.802,
            9.22,
            25.554,
            36.139,
            34.713,
            24.187,
            41.049,
            35.114
        ],
        [
            37.0,
            8.062,
            18.358,
            29.206,
            28.16,
            18.601,
            22.472,
            4.472,
            18.601,
            32.249,
            15.811,
            6.403,
            47.508,
            17.692,
            21.095,
            0.0,
            30.017,
            31.953,
            21.378,
            35.114,
            2.0,
            33.061,
            42.438,
            35.44,
            49.497,
            24.331,
            23.022,
            14.036,
            18.682,
            30.0,
            11.045,
            15.652,
            15.811,
            21.024,
            24.698,
            32.28
        ],
        [
            28.46,
            24.083,
            26.0,
            11.314,
            31.78,
            15.0,
            38.21,
            30.61,
            37.0,
            19.925,
            35.057,
            31.623,
            21.587,
            38.053,
            17.72,
            30.017,
            0.0,
            39.925,
            12.083,
            22.804,
            31.765,
            30.0,
            12.728,
            40.706,
            21.932,
            19.105,
            28.16,
            43.081,
            31.145,
            15.524,
            27.295,
            40.792,
            45.793,
            17.464,
            39.459,
            23.345
        ],
        [
            62.29,
            36.359,
            47.434,
            29.833,
            8.246,
            26.627,
            11.045,
            36.401,
            15.0,
            54.818,
            17.117,
            25.962,
            42.426,
            17.029,
            45.255,
            31.953,
            39.925,
            0.0,
            41.231,
            23.195,
            31.321,
            13.342,
            46.39,
            4.123,
            46.271,
            48.795,
            12.207,
            31.145,
            13.416,
            50.804,
            21.471,
            23.195,
            39.051,
            22.825,
            9.22,
            20.025
        ],
        [
            21.26,
            13.928,
            13.928,
            19.235,
            33.941,
            14.866,
            36.249,
            20.616,
            33.838,
            13.601,
            31.321,
            25.02,
            33.526,
            34.205,
            6.0,
            21.378,
            12.083,
            41.231,
            0.0,
            30.364,
            23.345,
            34.67,
            24.413,
            43.139,
            34.015,
            8.544,
            29.069,
            35.355,
            29.53,
            9.849,
            23.087,
            35.128,
            36.401,
            19.209,
            38.013,
            29.547
        ],
        [
            50.537,
            34.234,
            42.19,
            11.662,
            15.811,
            18.028,
            27.785,
            38.328,
            29.206,
            42.059,
            29.0,
            32.249,
            19.235,
            31.241,
            36.139,
            35.114,
            22.804,
            23.195,
            30.364,
            0.0,
            35.847,
            10.0,
            24.698,
            22.023,
            23.087,
            38.897,
            16.401,
            42.802,
            22.672,
            37.59,
            25.554,
            36.77,
            48.877,
            14.318,
            27.731,
            3.606
        ],
        [
            38.897,
            10.05,
            20.125,
            30.48,
            28.018,
            19.849,
            21.471,
            5.657,
            17.493,
            34.234,
            14.765,
            5.385,
            48.836,
            16.401,
            23.087,
            2.0,
            31.765,
            31.321,
            23.345,
            35.847,
            0.0,
            33.242,
            44.102,
            34.928,
            50.931,
            26.306,
            23.022,
            12.042,
            18.248,
            32.0,
            11.045,
            13.892,
            14.213,
            21.954,
            23.707,
            32.894
        ],
        [
            55.803,
            34.525,
            44.272,
            18.868,
            7.071,
            20.125,
            19.799,
            37.0,
            22.204,
            47.634,
            22.825,
            28.636,
            29.155,
            24.413,
            39.825,
            33.061,
            30.0,
            13.342,
            34.67,
            10.0,
            33.242,
            0.0,
            34.205,
            12.042,
            33.061,
            43.046,
            10.44,
            37.577,
            16.553,
            43.278,
            22.204,
            30.529,
            44.598,
            15.652,
            19.209,
            7.28
        ],
        [
            36.0,
            36.797,
            38.079,
            17.029,
            38.21,
            25.632,
            47.265,
            43.278,
            46.872,
            28.16,
            45.354,
            43.382,
            12.649,
            48.27,
            29.53,
            42.438,
            12.728,
            46.39,
            24.413,
            24.698,
            44.102,
            34.205,
            0.0,
            46.098,
            11.0,
            30.083,
            36.014,
            55.009,
            40.447,
            24.515,
            38.275,
            51.865,
            58.249,
            26.476,
            48.094,
            26.926
        ],
        [
            64.351,
            39.357,
            50.249,
            30.083,
            9.22,
            28.32,
            15.133,
            39.85,
            19.026,
            56.639,
            21.024,
            29.614,
            41.049,
            21.095,
            47.508,
            35.44,
            40.706,
            4.123,
            43.139,
            22.023,
            34.928,
            12.042,
            46.098,
            0.0,
            45.011,
            50.99,
            14.213,
            35.228,
            16.763,
            52.498,
            24.698,
            27.295,
            43.105,
            24.207,
            13.342,
            19.235
        ],
        [
            47.0,
            45.0,
            47.927,
            20.809,
            38.639,
            31.241,
            49.649,
            51.088,
            50.16,
            39.115,
            49.193,
            49.204,
            4.123,
            51.894,
            39.56,
            49.497,
            21.932,
            46.271,
            34.015,
            23.087,
            50.931,
            33.061,
            11.0,
            45.011,
            0.0,
            40.522,
            37.947,
            60.803,
            43.463,
            35.355,
            43.267,
            56.436,
            65.115,
            30.529,
            50.0,
            26.306
        ],
        [
            13.601,
            16.279,
            9.434,
            27.659,
            41.869,
            23.022,
            42.72,
            22.0,
            39.825,
            8.0,
            37.121,
            29.411,
            40.608,
            39.812,
            3.606,
            24.331,
            19.105,
            48.795,
            8.544,
            38.897,
            26.306,
            43.046,
            30.083,
            50.99,
            40.522,
            0.0,
            36.797,
            38.118,
            36.401,
            7.211,
            29.155,
            39.56,
            37.336,
            27.459,
            44.654,
            38.079
        ],
        [
            50.21,
            25.632,
            36.235,
            19.0,
            5.385,
            14.422,
            11.705,
            27.166,
            12.806,
            42.638,
            12.806,
            18.248,
            34.54,
            14.866,
            33.302,
            23.022,
            28.16,
            12.207,
            29.069,
            16.401,
            23.022,
            10.44,
            36.014,
            14.213,
            37.947,
            36.797,
            0.0,
            27.295,
            6.403,
            38.601,
            12.0,
            20.616,
            34.176,
            10.77,
            12.166,
            12.806
        ],
        [
            50.22,
            22.0,
            31.048,
            40.0,
            31.016,
            29.682,
            20.1,
            16.279,
            16.279,
            46.098,
            14.866,
            11.662,
            58.258,
            14.142,
            35.014,
            14.036,
            43.081,
            31.145,
            35.355,
            42.802,
            12.042,
            37.577,
            55.009,
            35.228,
            60.803,
            38.118,
            27.295,
            0.0,
            21.024,
            44.011,
            17.692,
            8.0,
            8.062,
            30.48,
            22.023,
            39.408
        ],
        [
            50.0,
            23.022,
            34.205,
            23.537,
            10.198,
            16.279,
            7.071,
            23.087,
            6.708,
            43.046,
            6.403,
            13.038,
            40.249,
            8.602,
            32.802,
            18.682,
            31.145,
            13.416,
            29.53,
            22.672,
            18.248,
            16.553,
            40.447,
            16.763,
            43.463,
            36.401,
            6.403,
            21.024,
            0.0,
            39.357,
            8.062,
            14.213,
            28.16,
            14.036,
            8.544,
            19.105
        ],
        [
            13.0,
            22.023,
            16.643,
            25.942,
            43.278,
            24.207,
            46.098,
            28.284,
            43.658,
            4.472,
            41.11,
            34.366,
            36.014,
            43.966,
            9.22,
            30.0,
            15.524,
            50.804,
            9.849,
            37.59,
            32.0,
            43.278,
            24.515,
            52.498,
            35.355,
            7.211,
            38.601,
            44.011,
            39.357,
            0.0,
            32.894,
            44.553,
            43.932,
            28.32,
            47.854,
            37.443
        ],
        [
            42.72,
            15.0,
            26.249,
            22.472,
            17.117,
            12.649,
            13.601,
            15.297,
            10.77,
            36.249,
            8.246,
            6.708,
            40.608,
            11.18,
            25.554,
            11.045,
            27.295,
            21.471,
            23.087,
            25.554,
            11.045,
            22.204,
            38.275,
            24.698,
            43.267,
            29.155,
            12.0,
            17.692,
            8.062,
            32.894,
            0.0,
            13.601,
            23.324,
            12.806,
            15.62,
            22.361
        ],
        [
            52.555,
            23.409,
            34.0,
            35.777,
            23.707,
            26.249,
            12.166,
            19.416,
            8.544,
            47.297,
            7.81,
            10.198,
            53.535,
            6.325,
            36.139,
            15.652,
            40.792,
            23.195,
            35.128,
            36.77,
            13.892,
            30.529,
            51.865,
            27.295,
            56.436,
            39.56,
            20.616,
            8.0,
            14.213,
            44.553,
            13.601,
            0.0,
            16.031,
            25.942,
            14.036,
            33.242
        ],
        [
            48.094,
            22.472,
            29.0,
            44.553,
            38.328,
            33.941,
            28.018,
            15.811,
            24.083,
            45.277,
            22.361,
            16.643,
            62.936,
            22.023,
            34.713,
            15.811,
            45.793,
            39.051,
            36.401,
            48.877,
            14.213,
            44.598,
            58.249,
            43.105,
            65.115,
            37.336,
            34.176,
            8.062,
            28.16,
            43.932,
            23.324,
            16.031,
            0.0,
            35.609,
            30.0,
            45.651
        ],
        [
            40.46,
            20.025,
            28.862,
            9.849,
            15.0,
            4.472,
            21.0,
            24.042,
            20.396,
            32.527,
            18.974,
            19.105,
            27.803,
            21.84,
            24.187,
            21.024,
            17.464,
            22.825,
            19.209,
            14.318,
            21.954,
            15.652,
            26.476,
            24.207,
            30.529,
            27.459,
            10.77,
            30.48,
            14.036,
            28.32,
            12.806,
            25.942,
            35.609,
            0.0,
            22.091,
            12.0
        ],
        [
            58.249,
            30.414,
            41.725,
            31.064,
            12.207,
            24.739,
            2.236,
            29.155,
            6.325,
            51.478,
            8.944,
            18.358,
            46.487,
            8.062,
            41.049,
            24.698,
            39.459,
            9.22,
            38.013,
            27.731,
            23.707,
            19.209,
            48.094,
            13.342,
            50.0,
            44.654,
            12.166,
            22.023,
            8.544,
            47.854,
            15.62,
            14.036,
            30.0,
            22.091,
            0.0,
            24.166
        ],
        [
            50.249,
            32.016,
            40.608,
            12.042,
            12.369,
            16.125,
            24.187,
            35.693,
            25.612,
            41.881,
            25.456,
            29.069,
            22.561,
            27.659,
            35.114,
            32.28,
            23.345,
            20.025,
            29.547,
            3.606,
            32.894,
            7.28,
            26.926,
            19.235,
            26.306,
            38.079,
            12.806,
            39.408,
            19.105,
            37.443,
            22.361,
            33.242,
            45.651,
            12.0,
            24.166,
            0.0
        ]
    ],
    "distances_scv": [
        [
            0.0,
            0.119,
            0.162,
            0.147,
            0.128,
            0.111,
            0.106,
            0.179,
            0.131,
            0.128,
            0.177,
            0.17,
            0.124,
            0.174,
            0.168,
            0.149,
            0.156,
            0.193,
            0.16,
            0.2,
            0.162,
            0.151,
            0.125,
            0.151,
            0.184,
            0.1,
            0.122,
            0.197,
            0.144,
            0.187,
            0.136,
            0.173,
            0.17,
            0.12,
            0.108,
            0.124
        ],
        [
            0.149,
            0.0,
            0.12,
            0.132,
            0.178,
            0.103,
            0.164,
            0.193,
            0.168,
            0.163,
            0.106,
            0.146,
            0.125,
            0.189,
            0.122,
            0.127,
            0.134,
            0.178,
            0.14,
            0.163,
            0.131,
            0.129,
            0.183,
            0.197,
            0.192,
            0.133,
            0.113,
            0.123,
            0.117,
            0.2,
            0.191,
            0.121,
            0.172,
            0.135,
            0.151,
            0.128
        ],
        [
            0.107,
            0.122,
            0.0,
            0.107,
            0.128,
            0.137,
            0.162,
            0.135,
            0.189,
            0.166,
            0.184,
            0.147,
            0.162,
            0.137,
            0.178,
            0.195,
            0.133,
            0.127,
            0.19,
            0.157,
            0.145,
            0.134,
            0.183,
            0.118,
            0.197,
            0.129,
            0.161,
            0.137,
            0.194,
            0.2,
            0.19,
            0.134,
            0.125,
            0.102,
            0.117,
            0.165
        ],
        [
            0.129,
            0.145,
            0.173,
            0.0,
            0.148,
            0.195,
            0.106,
            0.147,
            0.191,
            0.117,
            0.194,
            0.138,
            0.12,
            0.102,
            0.194,
            0.152,
            0.114,
            0.191,
            0.12,
            0.15,
            0.198,
            0.191,
            0.196,
            0.128,
            0.141,
            0.168,
            0.153,
            0.183,
            0.2,
            0.106,
            0.138,
            0.158,
            0.171,
            0.18,
            0.196,
            0.193
        ],
        [
            0.177,
            0.124,
            0.164,
            0.178,
            0.0,
            0.126,
            0.145,
            0.148,
            0.119,
            0.111,
            0.131,
            0.192,
            0.192,
            0.163,
            0.184,
            0.105,
            0.136,
            0.115,
            0.13,
            0.185,
            0.15,
            0.143,
            0.159,
            0.123,
            0.12,
            0.119,
            0.102,
            0.142,
            0.148,
            0.148,
            0.141,
            0.18,
            0.112,
            0.153,
            0.129,
            0.118
        ],
        [
            0.117,
            0.168,
            0.154,
            0.157,
            0.105,
            0.0,
            0.16,
            0.169,
            0.122,
            0.18,
            0.146,
            0.105,
            0.122,
            0.102,
            0.11,
            0.132,
            0.125,
            0.2,
            0.128,
            0.168,
            0.133,
            0.163,
            0.192,
            0.147,
            0.199,
            0.119,
            0.186,
            0.179,
            0.181,
            0.149,
            0.173,
            0.184,
            0.121,
            0.148,
            0.187,
            0.104
        ],
        [
            0.104,
            0.142,
            0.174,
            0.115,
            0.144,
            0.171,
            0.0,
            0.115,
            0.176,
            0.11,
            0.171,
            0.188,
            0.176,
            0.159,
            0.174,
            0.113,
            0.144,
            0.137,
            0.198,
            0.164,
            0.199,
            0.115,
            0.198,
            0.152,
            0.184,
            0.197,
            0.152,
            0.107,
            0.147,
            0.112,
            0.11,
            0.116,
            0.142,
            0.174,
            0.196,
            0.15
        ],
        [
            0.199,
            0.15,
            0.196,
            0.153,
            0.179,
            0.176,
            0.172,
            0.0,
            0.15,
            0.184,
            0.131,
            0.142,
            0.177,
            0.176,
            0.18,
            0.192,
            0.114,
            0.128,
            0.183,
            0.145,
            0.147,
            0.189,
            0.12,
            0.115,
            0.155,
            0.13,
            0.194,
            0.178,
            0.167,
            0.178,
            0.106,
            0.163,
            0.141,
            0.162,
            0.116,
            0.174
        ],
        [
            0.143,
            0.161,
            0.138,
            0.138,
            0.105,
            0.128,
            0.195,
            0.151,
            0.0,
            0.157,
            0.153,
            0.125,
            0.193,
            0.197,
            0.173,
            0.101,
            0.189,
            0.198,
            0.168,
            0.151,
            0.151,
            0.105,
            0.162,
            0.104,
            0.164,
            0.153,
            0.162,
            0.195,
            0.107,
            0.123,
            0.182,
            0.172,
            0.192,
            0.125,
            0.144,
            0.151
        ],
        [
            0.12,
            0.13,
            0.193,
            0.169,
            0.122,
            0.143,
            0.13,
            0.178,
            0.157,
            0.0,
            0.151,
            0.167,
            0.198,
            0.175,
            0.138,
            0.14,
            0.194,
            0.142,
            0.125,
            0.187,
            0.156,
            0.119,
            0.18,
            0.13,
            0.133,
            0.155,
            0.134,
            0.189,
            0.132,
            0.12,
            0.158,
            0.164,
            0.135,
            0.156,
            0.104,
            0.146
        ],
        [
            0.102,
            0.2,
            0.151,
            0.199,
            0.131,
            0.173,
            0.121,
            0.117,
            0.119,
            0.167,
            0.0,
            0.12,
            0.125,
            0.139,
            0.146,
            0.191,
            0.19,
            0.144,
            0.18,
            0.19,
            0.168,
            0.135,
            0.2,
            0.116,
            0.124,
            0.193,
            0.176,
            0.152,
            0.108,
            0.158,
            0.196,
            0.121,
            0.157,
            0.109,
            0.124,
            0.102
        ],
        [
            0.159,
            0.151,
            0.136,
            0.151,
            0.16,
            0.131,
            0.145,
            0.17,
            0.114,
            0.155,
            0.12,
            0.0,
            0.184,
            0.164,
            0.1,
            0.171,
            0.182,
            0.131,
            0.193,
            0.155,
            0.192,
            0.152,
            0.181,
            0.175,
            0.146,
            0.11,
            0.118,
            0.194,
            0.194,
            0.169,
            0.129,
            0.109,
            0.181,
            0.103,
            0.105,
            0.195
        ],
        [
            0.163,
            0.174,
            0.104,
            0.118,
            0.171,
            0.182,
            0.103,
            0.189,
            0.134,
            0.194,
            0.188,
            0.187,
            0.0,
            0.127,
            0.104,
            0.163,
            0.103,
            0.18,
            0.132,
            0.178,
            0.172,
            0.171,
            0.116,
            0.156,
            0.15,
            0.11,
            0.13,
            0.141,
            0.194,
            0.191,
            0.13,
            0.166,
            0.123,
            0.129,
            0.111,
            0.132
        ],
        [
            0.126,
            0.106,
            0.113,
            0.115,
            0.183,
            0.116,
            0.137,
            0.197,
            0.103,
            0.19,
            0.152,
            0.159,
            0.128,
            0.0,
            0.164,
            0.109,
            0.101,
            0.125,
            0.118,
            0.156,
            0.161,
            0.126,
            0.165,
            0.109,
            0.119,
            0.126,
            0.142,
            0.114,
            0.194,
            0.138,
            0.116,
            0.131,
            0.156,
            0.192,
            0.2,
            0.142
        ],
        [
            0.183,
            0.161,
            0.116,
            0.165,
            0.149,
            0.185,
            0.109,
            0.192,
            0.186,
            0.193,
            0.154,
            0.138,
            0.188,
            0.155,
            0.0,
            0.164,
            0.125,
            0.153,
            0.192,
            0.175,
            0.115,
            0.147,
            0.195,
            0.143,
            0.127,
            0.121,
            0.14,
            0.148,
            0.105,
            0.183,
            0.153,
            0.2,
            0.162,
            0.11,
            0.124,
            0.186
        ],
        [
            0.139,
            0.143,
            0.119,
            0.193,
            0.126,
            0.147,
            0.162,
            0.125,
            0.194,
            0.171,
            0.183,
            0.15,
            0.135,
            0.145,
            0.151,
            0.0,
            0.114,
            0.162,
            0.125,
            0.129,
            0.161,
            0.117,
            0.1,
            0.188,
            0.185,
            0.18,
            0.152,
            0.157,
            0.183,
            0.174,
            0.163,
            0.13,
            0.142,
            0.187,
            0.194,
            0.129
        ],
        [
            0.115,
            0.142,
            0.159,
            0.161,
            0.149,
            0.115,
            0.112,
            0.18,
            0.198,
            0.12,
            0.174,
            0.166,
            0.197,
            0.12,
            0.175,
            0.191,
            0.0,
            0.142,
            0.179,
            0.196,
            0.181,
            0.122,
            0.136,
            0.133,
            0.189,
            0.102,
            0.186,
            0.16,
            0.116,
            0.157,
            0.149,
            0.15,
            0.108,
            0.158,
            0.102,
            0.147
        ],
        [
            0.179,
            0.184,
