{
    "coords": [
        [
            0,
            0
        ],
        [
            48,
            47
        ],
        [
            3,
            9
        ],
        [
            9,
            8
        ],
        [
            29,
            17
        ],
        [
            24,
            11
        ],
        [
            47,
            33
        ],
        [
            33,
            5
        ],
        [
            7,
            44
        ],
        [
            15,
            42
        ],
        [
            39,
            0
        ],
        [
            23,
            27
        ],
        [
            23,
            5
        ],
        [
            35,
            12
        ],
        [
            17,
            20
        ],
        [
            14,
            22
        ],
        [
            41,
            23
        ],
        [
            37,
            46
        ],
        [
            10,
            12
        ],
        [
            27,
            9
        ],
        [
            34,
            33
        ],
        [
            33,
            47
        ],
        [
            21,
            46
        ],
        [
            48,
            44
        ],
        [
            15,
            3
        ],
        [
            43,
            46
        ],
        [
            16,
            32
        ],
        [
            8,
            43
        ],
        [
            42,
            20
        ],
        [
            39,
            10
        ],
        [
            48,
            39
        ],
        [
            40,
            33
        ],
        [
            2,
            38
        ],
        [
            35,
            10
        ],
        [
            42,
            6
        ],
        [
            19,
            38
        ]
    ],
    "dimension": 36,
    "distances": [
        [
            0.0,
            67.179,
            9.487,
            12.042,
            33.615,
            26.401,
            57.428,
            33.377,
            44.553,
            44.598,
            39.0,
            35.468,
            23.537,
            37.0,
            26.249,
            26.077,
            47.011,
            59.034,
            15.62,
            28.46,
            47.381,
            57.428,
            50.567,
            65.115,
            15.297,
            62.968,
            35.777,
            43.738,
            46.519,
            40.262,
            61.847,
            51.856,
            38.053,
            36.401,
            42.426,
            42.485
        ],
        [
            67.179,
            0.0,
            58.898,
            55.154,
            35.511,
            43.267,
            14.036,
            44.598,
            41.11,
            33.377,
            47.854,
            32.016,
            48.877,
            37.336,
            41.11,
            42.202,
            25.0,
            11.045,
            51.662,
            43.417,
            19.799,
            15.0,
            27.019,
            3.0,
            55.0,
            5.099,
            35.341,
            40.2,
            27.659,
            38.079,
            8.0,
            16.125,
            46.872,
            39.217,
            41.437,
            30.364
        ],
        [
            9.487,
            58.898,
            0.0,
            6.083,
            27.203,
            21.095,
            50.12,
            30.265,
            35.228,
            35.114,
            37.108,
            26.907,
            20.396,
            32.14,
            17.804,
            17.029,
            40.497,
            50.249,
            7.616,
            24.0,
            39.205,
            48.415,
            41.146,
            57.009,
            13.416,
            54.489,
            26.42,
            34.366,
            40.522,
            36.014,
            54.083,
            44.102,
            29.017,
            32.016,
            39.115,
            33.121
        ],
        [
            12.042,
            55.154,
            6.083,
            0.0,
            21.932,
            15.297,
            45.486,
            24.187,
            36.056,
            34.525,
            31.048,
            23.601,
            14.318,
            26.306,
            14.422,
            14.866,
            35.341,
            47.202,
            4.123,
            18.028,
            35.355,
            45.793,
            39.85,
            53.075,
            7.81,
            50.99,
            25.0,
            35.014,
            35.114,
            30.067,
            49.82,
            39.825,
            30.806,
            26.077,
            33.061,
            31.623
        ],
        [
            33.615,
            35.511,
            27.203,
            21.932,
            0.0,
            7.81,
            24.083,
            12.649,
            34.828,
            28.653,
            19.723,
            11.662,
            13.416,
            7.81,
            12.369,
            15.811,
            13.416,
            30.083,
            19.647,
            8.246,
            16.763,
            30.265,
            30.083,
            33.015,
            19.799,
            32.202,
            19.849,
            33.422,
            13.342,
            12.207,
            29.069,
            19.416,
            34.205,
            9.22,
            17.029,
            23.259
        ],
        [
            26.401,
            43.267,
            21.095,
            15.297,
            7.81,
            0.0,
            31.828,
            10.817,
            37.121,
            32.28,
            18.601,
            16.031,
            6.083,
            11.045,
            11.402,
            14.866,
            20.809,
            37.336,
            14.036,
            3.606,
            24.166,
            37.108,
            35.128,
            40.804,
            12.042,
            39.825,
            22.472,
            35.777,
            20.125,
            15.033,
            36.878,
            27.203,
            34.828,
            11.045,
            18.682,
            27.459
        ],
        [
            57.428,
            14.036,
            50.12,
            45.486,
            24.083,
            31.828,
            0.0,
            31.305,
            41.485,
            33.242,
            33.956,
            24.739,
            36.878,
            24.187,
            32.696,
            34.785,
            11.662,
            16.401,
            42.544,
            31.241,
            13.0,
            19.799,
            29.069,
            11.045,
            43.863,
            13.601,
            31.016,
            40.262,
            13.928,
            24.352,
            6.083,
            7.0,
            45.277,
            25.942,
            27.459,
            28.443
        ],
        [
            33.377,
            44.598,
            30.265,
            24.187,
            12.649,
            10.817,
            31.305,
            0.0,
            46.872,
            41.146,
            7.81,
            24.166,
            10.0,
            7.28,
            21.932,
            25.495,
            19.698,
            41.195,
            24.042,
            7.211,
            28.018,
            42.0,
            42.72,
            41.785,
            18.111,
            42.202,
            31.906,
            45.486,
            17.493,
            7.81,
            37.162,
            28.862,
            45.277,
            5.385,
            9.055,
            35.847
        ],
        [
            44.553,
            41.11,
            35.228,
            36.056,
            34.828,
            37.121,
            41.485,
            46.872,
            0.0,
            8.246,
            54.406,
            23.345,
            42.154,
            42.521,
            26.0,
            23.087,
            39.962,
            30.067,
            32.14,
            40.311,
            29.155,
            26.173,
            14.142,
            41.0,
            41.773,
            36.056,
            15.0,
            1.414,
            42.438,
            46.69,
            41.304,
            34.785,
            7.81,
            44.045,
            51.662,
            13.416
        ],
        [
            44.598,
            33.377,
            35.114,
            34.525,
            28.653,
            32.28,
            33.242,
            41.146,
            8.246,
            0.0,
            48.374,
            17.0,
            37.855,
            36.056,
            22.091,
            20.025,
            32.202,
            22.361,
            30.414,
            35.114,
            21.024,
            18.682,
            7.211,
            33.061,
            39.0,
            28.284,
            10.05,
            7.071,
            34.828,
            40.0,
            33.136,
            26.571,
            13.601,
            37.736,
            45.0,
            5.657
        ],
        [
            39.0,
            47.854,
            37.108,
            31.048,
            19.723,
            18.601,
            33.956,
            7.81,
            54.406,
            48.374,
            0.0,
            31.385,
            16.763,
            12.649,
            29.732,
            33.302,
            23.087,
            46.043,
            31.385,
            15.0,
            33.377,
            47.381,
            49.396,
            44.911,
            24.187,
            46.174,
            39.408,
            53.009,
            20.224,
            10.0,
            40.025,
            33.015,
            53.038,
            10.77,
            6.708,
            42.942
        ],
        [
            35.468,
            32.016,
            26.907,
            23.601,
            11.662,
            16.031,
            24.739,
            24.166,
            23.345,
            17.0,
            31.385,
            0.0,
            22.0,
            19.209,
            9.22,
            10.296,
            18.439,
            23.601,
            19.849,
            18.439,
            12.53,
            22.361,
            19.105,
            30.232,
            25.298,
            27.586,
            8.602,
            21.932,
            20.248,
            23.345,
            27.731,
            18.028,
            23.707,
            20.809,
            28.32,
            11.705
        ],
        [
            23.537,
            48.877,
            20.396,
            14.318,
            13.416,
            6.083,
            36.878,
            10.0,
            42.154,
            37.855,
            16.763,
            22.0,
            0.0,
            13.892,
            16.155,
            19.235,
            25.456,
            43.324,
            14.765,
            5.657,
            30.083,
            43.174,
            41.049,
            46.325,
            8.246,
            45.618,
            27.893,
            40.853,
            24.207,
            16.763,
            42.202,
            32.757,
            39.115,
            13.0,
            19.026,
            33.242
        ],
        [
            37.0,
            37.336,
            32.14,
            26.306,
            7.81,
            11.045,
            24.187,
            7.28,
            42.521,
            36.056,
            12.649,
            19.209,
            13.892,
            0.0,
            19.698,
            23.259,
            12.53,
            34.059,
            25.0,
            8.544,
            21.024,
            35.057,
            36.77,
            34.54,
            21.932,
            34.928,
            27.586,
            41.11,
            10.63,
            4.472,
            29.967,
            21.587,
            42.012,
            2.0,
            9.22,
            30.529
        ],
        [
            26.249,
            41.11,
            17.804,
            14.422,
            12.369,
            11.402,
            32.696,
            21.932,
            26.0,
            22.091,
            29.732,
            9.22,
            16.155,
            19.698,
            0.0,
            3.606,
            24.187,
            32.802,
            10.63,
            14.866,
            21.401,
            31.385,
            26.306,
            39.205,
            17.117,
            36.77,
            12.042,
            24.698,
            25.0,
            24.166,
            36.359,
            26.42,
            23.431,
            20.591,
            28.653,
            18.111
        ],
        [
            26.077,
            42.202,
            17.029,
            14.866,
            15.811,
            14.866,
            34.785,
            25.495,
            23.087,
            20.025,
            33.302,
            10.296,
            19.235,
            23.259,
            3.606,
            0.0,
            27.019,
            33.242,
            10.77,
            18.385,
            22.825,
            31.401,
            25.0,
            40.497,
            19.026,
            37.643,
            10.198,
            21.84,
            28.071,
            27.731,
            38.013,
            28.231,
            20.0,
            24.187,
            32.249,
            16.763
        ],
        [
            47.011,
            25.0,
            40.497,
            35.341,
            13.416,
            20.809,
            11.662,
            19.698,
            39.962,
            32.202,
            23.087,
            18.439,
            25.456,
            12.53,
            24.187,
            27.019,
            0.0,
            23.345,
            32.894,
            19.799,
            12.207,
            25.298,
            30.48,
            22.136,
            32.802,
            23.087,
            26.571,
            38.588,
            3.162,
            13.153,
            17.464,
            10.05,
            41.785,
            14.318,
            17.029,
            26.627
        ],
        [
            59.034,
            11.045,
            50.249,
            47.202,
            30.083,
            37.336,
            16.401,
            41.195,
            30.067,
            22.361,
            46.043,
            23.601,
            43.324,
            34.059,
            32.802,
            33.242,
            23.345,
            0.0,
            43.417,
            38.328,
            13.342,
            4.123,
            16.0,
            11.18,
            48.301,
            6.0,
            25.239,
            29.155,
            26.476,
            36.056,
            13.038,
            13.342,
            35.903,
            36.056,
            40.311,
            19.698
        ],
        [
            15.62,
            51.662,
            7.616,
            4.123,
            19.647,
            14.036,
            42.544,
            24.042,
            32.14,
            30.414,
            31.385,
            19.849,
            14.765,
            25.0,
            10.63,
            10.77,
            32.894,
            43.417,
            0.0,
            17.263,
            31.89,
            41.881,
            35.735,
            49.679,
            10.296,
            47.381,
            20.881,
            31.064,
            32.985,
            29.069,
            46.615,
            36.62,
            27.203,
            25.08,
            32.558,
            27.514
        ],
        [
            28.46,
            43.417,
            24.0,
            18.028,
            8.246,
            3.606,
            31.241,
            7.211,
            40.311,
            35.114,
            15.0,
            18.439,
            5.657,
            8.544,
            14.866,
            18.385,
            19.799,
            38.328,
            17.263,
            0.0,
            25.0,
            38.471,
            37.483,
            40.817,
            13.416,
            40.311,
            25.495,
            38.949,
            18.601,
            12.042,
            36.62,
            27.295,
            38.288,
            8.062,
            15.297,
            30.083
        ],
        [
            47.381,
            19.799,
            39.205,
            35.355,
            16.763,
            24.166,
            13.0,
            28.018,
            29.155,
            21.024,
            33.377,
            12.53,
            30.083,
            21.024,
            21.401,
            22.825,
            12.207,
            13.342,
            31.89,
            25.0,
            0.0,
            14.036,
            18.385,
            17.804,
            35.511,
            15.811,
            18.028,
            27.857,
            15.264,
            23.537,
            15.232,
            6.0,
            32.388,
            23.022,
            28.16,
            15.811
        ],
        [
            57.428,
            15.0,
            48.415,
            45.793,
            30.265,
            37.108,
            19.799,
            42.0,
            26.173,
            18.682,
            47.381,
            22.361,
            43.174,
            35.057,
            31.385,
            31.401,
            25.298,
            4.123,
            41.881,
            38.471,
            14.036,
            0.0,
            12.042,
            15.297,
            47.539,
            10.05,
            22.672,
            25.318,
            28.46,
            37.483,
            17.0,
            15.652,
            32.28,
            37.054,
            41.976,
            16.643
        ],
        [
            50.567,
            27.019,
            41.146,
            39.85,
            30.083,
            35.128,
            29.069,
            42.72,
            14.142,
            7.211,
            49.396,
            19.105,
            41.049,
            36.77,
            26.306,
            25.0,
            30.48,
            16.0,
            35.735,
            37.483,
            18.385,
            12.042,
            0.0,
            27.074,
            43.417,
            22.0,
            14.866,
            13.342,
            33.422,
            40.249,
            27.893,
            23.022,
            20.616,
            38.626,
            45.177,
            8.246
        ],
        [
            65.115,
            3.0,
            57.009,
            53.075,
            33.015,
            40.804,
            11.045,
            41.785,
            41.0,
            33.061,
            44.911,
            30.232,
            46.325,
            34.54,
            39.205,
            40.497,
            22.136,
            11.18,
            49.679,
            40.817,
            17.804,
            15.297,
            27.074,
            0.0,
            52.631,
            5.385,
            34.176,
            40.012,
            24.739,
            35.171,
            5.0,
            13.601,
            46.39,
            36.401,
            38.471,
            29.614
        ],
        [
            15.297,
            55.0,
            13.416,
            7.81,
            19.799,
            12.042,
            43.863,
            18.111,
            41.773,
            39.0,
            24.187,
            25.298,
            8.246,
            21.932,
            17.117,
            19.026,
            32.802,
            48.301,
            10.296,
            13.416,
            35.511,
            47.539,
            43.417,
            52.631,
            0.0,
            51.313,
            29.017,
            40.608,
            31.906,
            25.0,
            48.836,
            39.051,
            37.336,
            21.19,
            27.166,
            35.228
        ],
        [
            62.968,
            5.099,
            54.489,
            50.99,
            32.202,
            39.825,
            13.601,
            42.202,
            36.056,
            28.284,
            46.174,
            27.586,
            45.618,
            34.928,
            36.77,
            37.643,
            23.087,
            6.0,
            47.381,
            40.311,
            15.811,
            10.05,
            22.0,
            5.385,
            51.313,
            0.0,
            30.414,
            35.128,
            26.019,
            36.222,
            8.602,
            13.342,
            41.773,
            36.878,
            40.012,
            25.298
        ],
        [
            35.777,
            35.341,
            26.42,
            25.0,
            19.849,
            22.472,
            31.016,
            31.906,
            15.0,
            10.05,
            39.408,
            8.602,
            27.893,
            27.586,
            12.042,
            10.198,
            26.571,
            25.239,
            20.881,
            25.495,
            18.028,
            22.672,
            14.866,
            34.176,
            29.017,
            30.414,
            0.0,
            13.601,
            28.636,
            31.828,
            32.757,
            24.021,
            15.232,
            29.069,
            36.77,
            6.708
        ],
        [
            43.738,
            40.2,
            34.366,
            35.014,
            33.422,
            35.777,
            40.262,
            45.486,
            1.414,
            7.071,
            53.009,
            21.932,
            40.853,
            41.11,
            24.698,
            21.84,
            38.588,
            29.155,
            31.064,
            38.949,
            27.857,
            25.318,
            13.342,
            40.012,
            40.608,
            35.128,
            13.601,
            0.0,
            41.049,
            45.277,
            40.2,
            33.526,
            7.81,
            42.638,
            50.249,
            12.083
        ],
        [
            46.519,
            27.659,
            40.522,
            35.114,
            13.342,
            20.125,
            13.928,
            17.493,
            42.438,
            34.828,
            20.224,
            20.248,
            24.207,
            10.63,
            25.0,
            28.071,
            3.162,
            26.476,
            32.985,
            18.601,
            15.264,
            28.46,
            33.422,
            24.739,
            31.906,
            26.019,
            28.636,
            41.049,
            0.0,
            10.44,
            19.925,
            13.153,
            43.863,
            12.207,
            14.0,
            29.206
        ],
        [
            40.262,
            38.079,
            36.014,
            30.067,
            12.207,
            15.033,
            24.352,
            7.81,
            46.69,
            40.0,
            10.0,
            23.345,
            16.763,
            4.472,
            24.166,
            27.731,
            13.153,
            36.056,
            29.069,
            12.042,
            23.537,
            37.483,
            40.249,
            35.171,
            25.0,
            36.222,
            31.828,
            45.277,
            10.44,
            0.0,
            30.364,
            23.022,
            46.4,
            4.0,
            5.0,
            34.409
        ],
        [
            61.847,
            8.0,
            54.083,
            49.82,
            29.069,
            36.878,
            6.083,
            37.162,
            41.304,
            33.136,
            40.025,
            27.731,
            42.202,
            29.967,
            36.359,
            38.013,
            17.464,
            13.038,
            46.615,
            36.62,
            15.232,
            17.0,
            27.893,
            5.0,
            48.836,
            8.602,
            32.757,
            40.2,
            19.925,
            30.364,
            0.0,
            10.0,
            46.011,
            31.78,
            33.541,
            29.017
        ],
        [
            51.856,
            16.125,
            44.102,
            39.825,
            19.416,
            27.203,
            7.0,
            28.862,
            34.785,
            26.571,
            33.015,
            18.028,
            32.757,
            21.587,
            26.42,
            28.231,
            10.05,
            13.342,
            36.62,
            27.295,
            6.0,
            15.652,
            23.022,
            13.601,
            39.051,
            13.342,
            24.021,
            33.526,
            13.153,
            23.022,
            10.0,
            0.0,
            38.328,
            23.537,
            27.074,
            21.587
        ],
        [
            38.053,
            46.872,
            29.017,
            30.806,
            34.205,
            34.828,
            45.277,
            45.277,
            7.81,
            13.601,
            53.038,
            23.707,
            39.115,
            42.012,
            23.431,
            20.0,
            41.785,
            35.903,
            27.203,
            38.288,
            32.388,
            32.28,
            20.616,
            46.39,
            37.336,
            41.773,
            15.232,
            7.81,
            43.863,
            46.4,
            46.011,
            38.328,
            0.0,
            43.278,
            51.225,
            17.0
        ],
        [
            36.401,
            39.217,
            32.016,
            26.077,
            9.22,
            11.045,
            25.942,
            5.385,
            44.045,
            37.736,
            10.77,
            20.809,
            13.0,
            2.0,
            20.591,
            24.187,
            14.318,
            36.056,
            25.08,
            8.062,
            23.022,
            37.054,
            38.626,
            36.401,
            21.19,
            36.878,
            29.069,
            42.638,
            12.207,
            4.0,
            31.78,
            23.537,
            43.278,
            0.0,
            8.062,
            32.249
        ],
        [
            42.426,
            41.437,
            39.115,
            33.061,
            17.029,
            18.682,
            27.459,
            9.055,
            51.662,
            45.0,
            6.708,
            28.32,
            19.026,
            9.22,
            28.653,
            32.249,
            17.029,
            40.311,
            32.558,
            15.297,
            28.16,
            41.976,
            45.177,
            38.471,
            27.166,
            40.012,
            36.77,
            50.249,
            14.0,
            5.0,
            33.541,
            27.074,
            51.225,
            8.062,
            0.0,
            39.408
        ],
        [
            42.485,
            30.364,
            33.121,
            31.623,
            23.259,
            27.459,
            28.443,
            35.847,
            13.416,
            5.657,
            42.942,
            11.705,
            33.242,
            30.529,
            18.111,
            16.763,
            26.627,
            19.698,
            27.514,
            30.083,
            15.811,
            16.643,
            8.246,
            29.614,
            35.228,
            25.298,
            6.708,
            12.083,
            29.206,
            34.409,
            29.017,
            21.587,
            17.0,
            32.249,
            39.408,
            0.0
        ]
    ],
    "distances_scv": [
        [
            0.0,
            0.15,
            0.15,
            0.15,
            0.15,
            0.15,
            0.15,
            0.15,
            0.15,
            0.15,
            0.15,
            0.15,
            0.15,
            0.15,
            0.15,
            0.15,
            0.15,
            0.15,
            0.15,
            0.15,
            0.15,
            0.15,
            0.15,
            0.15,
            0.15,
            0.15,
            0.15,
            0.15,
            0.15,
            0.15,
            0.15,
            0.15,
            0.15,
            0.15,
            0.15,
            0.15
        ],
        [
            0.15,
            0.0,
            0.15,
            0.15,
            0.15,
            0.15,
            0.15,
            0.15,
            0.15,
            0.15,
            0.15,
            0.15,
            0.15,
            0.15,
            0.15,
            0.15,
            0.15,
            0.15,
            0.15,
            0.15,
            0.15,
            0.15,
            0.15,
            0.15,
            0.15,
            0.15,
            0.15,
            0.15,
            0.15,
            0.15,
            0.15,
            0.15,
            0.15,
            0.15,
            0.15,
            0.15
        ],
        [
            0.15,
            0.15,
            0.0,
            0.15,
            0.15,
            0.15,
            0.15,
            0.15,
            0.15,
            0.15,
            0.15,
            0.15,
            0.15,
            0.15,
            0.15,
            0.15,
            0.15,
            0.15,
            0.15,
            0.15,
            0.15,
            0.15,
            0.15,
            0.15,
            0.15,
            0.15,
            0.15,
            0.15,
            0.15,
            0.15,
            0.15,
            0.15,
            0.15,
            0.15,
            0.15,
            0.15
        ],
        [
            0.15,
            0.15,
            0.15,
            0.0,
            0.15,
            0.15,
            0.15,
            0.15,
            0.15,
            0.15,
            0.15,
            0.15,
            0.15,
            0.15,
            0.15,
            0.15,
            0.15,
            0.15,
            0.15,
            0.15,
            0.15,
            0.15,
            0.15,
            0.15,
            0.15,
            0.15,
            0.15,
            0.15,
            0.15,
            0.15,
            0.15,
            0.15,
            0.15,
            0.15,
            0.15,
            0.15
        ],
        [
            0.15,
            0.15,
            0.15,
            0.15,
            0.0,
            0.15,
            0.15,
            0.15,
            0.15,
            0.15,
            0.15,
            0.15,
            0.15,
            0.15,
            0.15,
            0.15,
            0.15,
            0.15,
            0.15,
            0.15,
            0.15,
            0.15,
            0.15,
            0.15,
            0.15,
            0.15,
            0.15,
            0.15,
            0.15,
            0.15,
            0.15,
            0.15,
            0.15,
            0.15,
            0.15,
            0.15
        ],
        [
            0.15,
            0.15,
            0.15,
            0.15,
            0.15,
            0.0,
            0.15,
            0.15,
            0.15,
            0.15,
            0.15,
            0.15,
            0.15,
            0.15,
            0.15,
            0.15,
            0.15,
            0.15,
            0.15,
            0.15,
            0.15,
            0.15,
            0.15,
            0.15,
            0.15,
            0.15,
            0.15,
            0.15,
            0.15,
            0.15,
            0.15,
            0.15,
            0.15,
            0.15,
            0.15,
            0.15
        ],
        [
            0.15,
            0.15,
            0.15,
            0.15,
            0.15,
            0.15,
            0.0,
            0.15,
            0.15,
            0.15,
            0.15,
            0.15,
            0.15,
            0.15,
            0.15,
            0.15,
            0.15,
            0.15,
            0.15,
            0.15,
            0.15,
            0.15,
            0.15,
            0.15,
            0.15,
            0.15,
            0.15,
            0.15,
            0.15,
            0.15,
            0.15,
            0.15,
            0.15,
            0.15,
            0.15,
            0.15
        ],
        [
            0.15,
            0.15,
            0.15,
            0.15,
            0.15,
            0.15,
            0.15,
            0.0,
            0.15,
            0.15,
            0.15,
            0.15,
            0.15,
            0.15,
            0.15,
            0.15,
            0.15,
            0.15,
            0.15,
            0.15,
            0.15,
            0.15,
            0.15,
            0.15,
            0.15,
            0.15,
            0.15,
            0.15,
            0.15,
            0.15,
            0.15,
            0.15,
            0.15,
            0.15,
            0.15,
            0.15
        ],
        [
            0.15,
            0.15,
            0.15,
            0.15,
            0.15,
            0.15,
            0.15,
            0.15,
            0.0,
            0.15,
            0.15,
            0.15,
            0.15,
            0.15,
            0.15,
            0.15,
            0.15,
            0.15,
            0.15,
            0.15,
            0.15,
            0.15,
            0.15,
            0.15,
            0.15,
            0.15,
            0.15,
            0.15,
            0.15,
            0.15,
            0.15,
            0.15,
            0.15,
            0.15,
            0.15,
            0.15
        ],
        [
            0.15,
            0.15,
            0.15,
            0.15,
            0.15,
            0.15,
            0.15,
            0.15,
            0.15,
            0.0,
            0.15,
            0.15,
            0.15,
            0.15,
            0.15,
            0.15,
            0.15,
            0.15,
            0.15,
            0.15,
            0.15,
            0.15,
            0.15,
            0.15,
            0.15,
            0.15,
            0.15,
            0.15,
            0.15,
            0.15,
            0.15,
            0.15,
            0.15,
            0.15,
            0.15,
            0.15
        ],
        [
            0.15,
            0.15,
            0.15,
            0.15,
            0.15,
            0.15,
            0.15,
            0.15,
            0.15,
            0.15,
            0.0,
            0.15,
            0.15,
            0.15,
            0.15,
            0.15,
            0.15,
            0.15,
            0.15,
            0.15,
            0.15,
            0.15,
            0.15,
            0.15,
            0.15,
            0.15,
            0.15,
            0.15,
            0.15,
            0.15,
            0.15,
            0.15,
            0.15,
            0.15,
            0.15,
            0.15
        ],
        [
            0.15,
            0.15,
            0.15,
            0.15,
            0.15,
            0.15,
            0.15,
            0.15,
            0.15,
            0.15,
            0.15,
            0.0,
            0.15,
            0.15,
            0.15,
            0.15,
            0.15,
            0.15,
            0.15,
            0.15,
            0.15,
            0.15,
            0.15,
            0.15,
            0.15,
            0.15,
            0.15,
            0.15,
            0.15,
            0.15,
            0.15,
            0.15,
            0.15,
            0.15,
            0.15,
            0.15
        ],
        [
            0.15,
            0.15,
            0.15,
            0.15,
            0.15,
            0.15,
            0.15,
            0.15,
            0.15,
            0.15,
            0.15,
            0.15,
            0.0,
            0.15,
            0.15,
            0.15,
            0.15,
            0.15,
            0.15,
            0.15,
            0.15,
            0.15,
            0.15,
            0.15,
            0.15,
            0.15,
            0.15,
            0.15,
            0.15,
            0.15,
            0.15,
            0.15,
            0.15,
            0.15,
            0.15,
            0.15
        ],
        [
            0.15,
            0.15,
            0.15,
            0.15,
            0.15,
            0.15,
            0.15,
            0.15,
            0.15,
            0.15,
            0.15,
            0.15,
            0.15,
            0.0,
            0.15,
            0.15,
            0.15,
            0.15,
            0.15,
            0.15,
            0.15,
            0.15,
            0.15,
            0.15,
            0.15,
            0.15,
            0.15,
            0.15,
            0.15,
            0.15,
            0.15,
            0.15,
            0.15,
            0.15,
            0.15,
            0.15
        ],
        [
            0.15,
            0.15,
            0.15,
            0.15,
            0.15,
            0.15,
            0.15,
            0.15,
            0.15,
            0.15,
            0.15,
            0.15,
            0.15,
            0.15,
            0.0,
            0.15,
            0.15,
            0.15,
            0.15,
            0.15,
            0.15,
            0.15,
            0.15,
            0.15,
            0.15,
            0.15,
            0.15,
            0.15,
            0.15,
            0.15,
            0.15,
            0.15,
            0.15,
            0.15,
            0.15,
            0.15
        ],
        [
            0.15,
            0.15,
            0.15,
            0.15,
            0.15,
            0.15,
            0.15,
            0.15,
            0.15,
            0.15,
            0.15,
            0.15,
            0.15,
            0.15,
            0.15,
            0.0,
            0.15,
            0.15,
            0.15,
            0.15,
            0.15,
            0.15,
            0.15,
            0.15,
            0.15,
            0.15,
            0.15,
            0.15,
            0.15,
            0.15,
            0.15,
            0.15,
            0.15,
            0.15,
            0.15,
            0.15
        ],
        [
            0.15,
            0.15,
            0.15,
            0.15,
            0.15,
            0.15,
            0.15,
            0.15,
            0.15,
            0.15,
            0.15,
            0.15,
            0.15,
            0.15,
            0.15,
            0.15,
            0.0,
            0.15,
            0.15,
            0.15,
            0.15,
            0.15,
            0.15,
            0.15,
            0.15,
            0.15,
            0.15,
            0.15,
            0.15,
            0.15,
            0.15,
            0.15,
            0.15,
            0.15,
            0.15,
            0.15
        ],
        [
            0.15,
            0.15,
            0.15,
            0.15,
            0.15,
            0.15,
            0.15,
            0.15,
            0.15,
            0.15,
            0.15,
            0.15,
            0.15,
            0.15,
            0.15,
            0.15,
            0.15,
            0.0,
            0.15,
            0.15,
            0.15,
            0.15,
            0.15,
            0.15,
            0.15,
            0.15,
            0.15,
            0.15,
            0.15,
            0.15,
            0.15,
