{
    "coords": [
        [
            0,
            0
        ],
        [
            11,
            44
        ],
        [
            41,
            38
        ],
        [
            38,
            1
        ],
        [
            7,
            2
        ],
        [
            41,
            16
        ]
    ],
    "dimension": 6,
    "distances": [
        [
            0.0,
            45.354,
            55.902,
            38.013,
            7.28,
            44.011
        ],
        [
            45.354,
            0.0,
            30.594,
            50.774,
            42.19,
            41.037
        ],
        [
            55.902,
            30.594,
            0.0,
            37.121,
            49.518,
            22.0
        ],
        [
            38.013,
            50.774,
            37.121,
            0.0,
            31.016,
            15.297
        ],
        [
            7.28,
            42.19,
            49.518,
            31.016,
            0.0,
            36.77
        ],
        [
            44.011,
            41.037,
            22.0,
            15.297,
            36.77,
            0.0
        ]
    ],
    "distances_scv": [
        [
            0.0,
            0.48,
            0.313,
            0.414,
            0.232,
            0.427
        ],
        [
            0.427,
            0.0,
            0.485,
            0.237,
            0.171,
            0.308
        ],
        [
            0.349,
            0.107,
            0.0,
            0.238,
            0.189,
            0.341
        ],
        [
            0.134,
            0.394,
            0.291,
            0.0,
            0.488,
            0.494
        ],
        [
            0.46,
            0.484,
            0.134,
            0.235,
            0.0,
            0.29
        ],
        [
            0.474,
            0.31,
            0.478,
            0.369,
            0.153,
            0.0
        ]
    ],
    "service_scv": [
        0.0,
        1.36,
        1.315,
        0.567,
        1.188,
        1.463
    ],
    "service": [
        0,
        19,
        9,
        16,
        24,
        5
    ]
}
