{
    "coords": [
        [
            0,
            0
        ],
        [
            1,
            40
        ],
        [
            23,
            25
        ],
        [
            31,
            14
        ],
        [
            48,
            2
        ],
        [
            13,
            19
        ]
    ],
    "dimension": 6,
    "distances": [
        [
            0.0,
            40.012,
            33.971,
            34.015,
            48.042,
            23.022
        ],
        [
            40.012,
            0.0,
            26.627,
            39.699,
            60.44,
            24.187
        ],
        [
            33.971,
            26.627,
            0.0,
            13.601,
            33.971,
            11.662
        ],
        [
            34.015,
            39.699,
            13.601,
            0.0,
            20.809,
            18.682
        ],
        [
            48.042,
            60.44,
            33.971,
            20.809,
            0.0,
            38.91
        ],
        [
            23.022,
            24.187,
            11.662,
            18.682,
            38.91,
            0.0
        ]
    ],
    "distances_scv": [
        [
            0.0,
            0.105,
            0.105,
            0.2,
            0.165,
            0.123
        ],
        [
            0.143,
            0.0,
            0.19,
            0.184,
            0.139,
            0.149
        ],
        [
            0.168,
            0.106,
            0.0,
            0.127,
            0.188,
            0.106
        ],
        [
            0.168,
            0.187,
            0.123,
            0.0,
            0.187,
            0.102
        ],
        [
            0.171,
            0.1,
            0.15,
            0.144,
            0.0,
            0.132
        ],
        [
            0.181,
            0.132,
            0.115,
            0.17,
            0.145,
            0.0
        ]
    ],
    "service_scv": [
        0.0,
        0.473,
        0.134,
        0.438,
        0.247,
        0.48
    ],
    "service": [
        0.0,
        34.082,
        13.474,
        30.496,
        30.654,
        0.174
    ]
}
