{
    "coords": [
        [
            0,
            0
        ],
        [
            42,
            0
        ],
        [
            11,
            10
        ],
        [
            27,
            18
        ],
        [
            7,
            0
        ],
        [
            29,
            9
        ]
    ],
    "dimension": 6,
    "distances": [
        [
            0.0,
            42.0,
            14.866,
            32.45,
            7.0,
            30.364
        ],
        [
            42.0,
            0.0,
            32.573,
            23.431,
            35.0,
            15.811
        ],
        [
            14.866,
            32.573,
            0.0,
            17.889,
            10.77,
            18.028
        ],
        [
            32.45,
            23.431,
            17.889,
            0.0,
            26.907,
            9.22
        ],
        [
            7.0,
            35.0,
            10.77,
            26.907,
            0.0,
            23.77
        ],
        [
            30.364,
            15.811,
            18.028,
            9.22,
            23.77,
            0.0
        ]
    ],
    "distances_scv": [
        [
            0.0,
            0.179,
            0.112,
            0.123,
            0.177,
            0.192
        ],
        [
            0.135,
            0.0,
            0.115,
            0.154,
            0.16,
            0.179
        ],
        [
            0.128,
            0.141,
            0.0,
            0.114,
            0.168,
            0.156
        ],
        [
            0.151,
            0.163,
            0.161,
            0.0,
            0.13,
            0.14
        ],
        [
            0.119,
            0.172,
            0.167,
            0.177,
            0.0,
            0.11
        ],
        [
            0.124,
            0.154,
            0.108,
            0.193,
            0.103,
            0.0
        ]
    ],
    "service_scv": [
        0.0,
        0.218,
        0.174,
        0.321,
        0.149,
        0.133
    ],
    "service": [
        0,
        22,
        14,
        17,
        0,
        11
    ]
}
