{
    "coords": [
        [
            0,
            0
        ],
        [
            25,
            17
        ],
        [
            47,
            18
        ],
        [
            32,
            18
        ],
        [
            22,
            49
        ],
        [
            9,
            31
        ]
    ],
    "dimension": 6,
    "distances": [
        [
            0.0,
            30.232,
            50.329,
            36.715,
            53.712,
            32.28
        ],
        [
            30.232,
            0.0,
            22.023,
            7.071,
            32.14,
            21.26
        ],
        [
            50.329,
            22.023,
            0.0,
            15.0,
            39.825,
            40.162
        ],
        [
            36.715,
            7.071,
            15.0,
            0.0,
            32.573,
            26.42
        ],
        [
            53.712,
            32.14,
            39.825,
            32.573,
            0.0,
            22.204
        ],
        [
            32.28,
            21.26,
            40.162,
            26.42,
            22.204,
            0.0
        ]
    ],
    "distances_scv": [
        [
            0.0,
            0.133,
            0.168,
            0.112,
            0.105,
            0.185
        ],
        [
            0.101,
            0.0,
            0.183,
            0.179,
            0.105,
            0.121
        ],
        [
            0.185,
            0.143,
            0.0,
            0.112,
            0.119,
            0.15
        ],
        [
            0.176,
            0.154,
            0.111,
            0.0,
            0.114,
            0.144
        ],
        [
            0.159,
            0.132,
            0.142,
            0.189,
            0.0,
            0.154
        ],
        [
            0.197,
            0.128,
            0.189,
            0.136,
            0.131,
            0.0
        ]
    ],
    "service_scv": [
        0.0,
        0.937,
        0.505,
        1.193,
        1.3,
        1.474
    ],
    "service": [
        0.0,
        60.028,
        24.544,
        28.256,
        35.912,
        56.215
    ]
}
