{
    "coords": [
        [
            0,
            0
        ],
        [
            13,
            10
        ],
        [
            39,
            41
        ],
        [
            25,
            7
        ],
        [
            41,
            25
        ],
        [
            7,
            6
        ]
    ],
    "dimension": 6,
    "distances": [
        [
            0.0,
            16.401,
            56.586,
            25.962,
            48.021,
            9.22
        ],
        [
            16.401,
            0.0,
            40.46,
            12.369,
            31.765,
            7.211
        ],
        [
            56.586,
            40.46,
            0.0,
            36.77,
            16.125,
            47.424
        ],
        [
            25.962,
            12.369,
            36.77,
            0.0,
            24.083,
            18.028
        ],
        [
            48.021,
            31.765,
            16.125,
            24.083,
            0.0,
            38.949
        ],
        [
            9.22,
            7.211,
            47.424,
            18.028,
            38.949,
            0.0
        ]
    ],
    "distances_scv": [
        [
            0.0,
            0.184,
            0.143,
            0.196,
            0.183,
            0.134
        ],
        [
            0.158,
            0.0,
            0.183,
            0.193,
            0.114,
            0.175
        ],
        [
            0.114,
            0.191,
            0.0,
            0.185,
            0.131,
            0.197
        ],
        [
            0.152,
            0.132,
            0.128,
            0.0,
            0.133,
            0.168
        ],
        [
            0.115,
            0.125,
            0.187,
            0.16,
            0.0,
            0.115
        ],
        [
            0.114,
            0.125,
            0.138,
            0.165,
            0.184,
            0.0
        ]
    ],
    "service_scv": [
        0.0,
        1.074,
        0.873,
        1.134,
        0.615,
        0.733
    ],
    "service": [
        0,
        10,
        2,
        4,
        14,
        13
    ]
}
