{
    "coords": [
        [
            0,
            0
        ],
        [
            1,
            34
        ],
        [
            21,
            47
        ],
        [
            1,
            2
        ],
        [
            23,
            34
        ],
        [
            3,
            46
        ]
    ],
    "dimension": 6,
    "distances": [
        [
            0.0,
            34.015,
            51.478,
            2.236,
            41.049,
            46.098
        ],
        [
            34.015,
            0.0,
            23.854,
            32.0,
            22.0,
            12.166
        ],
        [
            51.478,
            23.854,
            0.0,
            49.244,
            13.153,
            18.028
        ],
        [
            2.236,
            32.0,
            49.244,
            0.0,
            38.833,
            44.045
        ],
        [
            41.049,
            22.0,
            13.153,
            38.833,
            0.0,
            23.324
        ],
        [
            46.098,
            12.166,
            18.028,
            44.045,
            23.324,
            0.0
        ]
    ],
    "distances_scv": [
        [
            0.0,
            0.235,
            0.341,
            0.392,
            0.145,
            0.143
        ],
        [
            0.355,
            0.0,
            0.119,
            0.228,
            0.184,
            0.41
        ],
        [
            0.419,
            0.169,
            0.0,
            0.248,
            0.312,
            0.317
        ],
        [
            0.252,
            0.273,
            0.244,
            0.0,
            0.348,
            0.208
        ],
        [
            0.267,
            0.305,
            0.222,
            0.234,
            0.0,
            0.206
        ],
        [
            0.191,
            0.217,
            0.382,
            0.158,
            0.348,
            0.0
        ]
    ],
    "service_scv": [
        0.0,
        0.663,
        0.554,
        0.98,
        0.889,
        0.635
    ],
    "service": [
        0.0,
        24.723,
        54.124,
        40.359,
        1.0,
        48.885
    ]
}
