{
    "coords": [
        [
            0,
            0
        ],
        [
            31,
            33
        ],
        [
            13,
            3
        ],
        [
            45,
            35
        ],
        [
            14,
            15
        ],
        [
            40,
            22
        ]
    ],
    "dimension": 6,
    "distances": [
        [
            0.0,
            45.277,
            13.342,
            57.009,
            20.518,
            45.651
        ],
        [
            45.277,
            0.0,
            34.986,
            14.142,
            24.759,
            14.213
        ],
        [
            13.342,
            34.986,
            0.0,
            45.255,
            12.042,
            33.015
        ],
        [
            57.009,
            14.142,
            45.255,
            0.0,
            36.892,
            13.928
        ],
        [
            20.518,
            24.759,
            12.042,
            36.892,
            0.0,
            26.926
        ],
        [
            45.651,
            14.213,
            33.015,
            13.928,
            26.926,
            0.0
        ]
    ],
    "distances_scv": [
        [
            0.0,
            0.106,
            0.118,
            0.111,
            0.185,
            0.17
        ],
        [
            0.124,
            0.0,
            0.171,
            0.119,
            0.128,
            0.171
        ],
        [
            0.107,
            0.131,
            0.0,
            0.163,
            0.14,
            0.199
        ],
        [
            0.177,
            0.101,
            0.133,
            0.0,
            0.184,
            0.111
        ],
        [
            0.136,
            0.179,
            0.138,
            0.103,
            0.0,
            0.133
        ],
        [
            0.157,
            0.177,
            0.155,
            0.102,
            0.185,
            0.0
        ]
    ],
    "service_scv": [
        0.0,
        0.415,
        0.397,
        0.113,
        0.202,
        0.148
    ],
    "service": [
        0.0,
        4.728,
        38.093,
        41.457,
        16.314,
        62.78
    ]
}
