{
    "coords": [
        [
            0,
            0
        ],
        [
            32,
            9
        ],
        [
            47,
            4
        ],
        [
            13,
            32
        ],
        [
            0,
            22
        ],
        [
            7,
            49
        ]
    ],
    "dimension": 6,
    "distances": [
        [
            0.0,
            33.242,
            47.17,
            34.54,
            22.0,
            49.497
        ],
        [
            33.242,
            0.0,
            15.811,
            29.833,
            34.54,
            47.17
        ],
        [
            47.17,
            15.811,
            0.0,
            44.045,
            50.329,
            60.208
        ],
        [
            34.54,
            29.833,
            44.045,
            0.0,
            16.401,
            18.028
        ],
        [
            22.0,
            34.54,
            50.329,
            16.401,
            0.0,
            27.893
        ],
        [
            49.497,
            47.17,
            60.208,
            18.028,
            27.893,
            0.0
        ]
    ],
    "distances_scv": [
        [
            0.0,
            0.184,
            0.105,
            0.156,
            0.161,
            0.105
        ],
        [
            0.148,
            0.0,
            0.122,
            0.18,
            0.142,
            0.11
        ],
        [
            0.137,
            0.191,
            0.0,
            0.119,
            0.107,
            0.151
        ],
        [
            0.167,
            0.141,
            0.185,
            0.0,
            0.18,
            0.157
        ],
        [
            0.159,
            0.141,
            0.111,
            0.17,
            0.0,
            0.173
        ],
        [
            0.142,
            0.109,
            0.119,
            0.155,
            0.166,
            0.0
        ]
    ],
    "service_scv": [
        0.0,
        1.185,
        1.199,
        1.453,
        1.434,
        0.991
    ],
    "service": [
        0.0,
        49.186,
        52.532,
        57.511,
        45.007,
        58.415
    ]
}
