{
    "coords": [
        [
            0,
            0
        ],
        [
            21,
            19
        ],
        [
            21,
            44
        ],
        [
            46,
            20
        ],
        [
            46,
            34
        ],
        [
            22,
            25
        ]
    ],
    "dimension": 6,
    "distances": [
        [
            0.0,
            28.32,
            48.754,
            50.16,
            57.201,
            33.302
        ],
        [
            28.32,
            0.0,
            25.0,
            25.02,
            29.155,
            6.083
        ],
        [
            48.754,
            25.0,
            0.0,
            34.655,
            26.926,
            19.026
        ],
        [
            50.16,
            25.02,
            34.655,
            0.0,
            14.0,
            24.515
        ],
        [
            57.201,
            29.155,
            26.926,
            14.0,
            0.0,
            25.632
        ],
        [
            33.302,
            6.083,
            19.026,
            24.515,
            25.632,
            0.0
        ]
    ],
    "distances_scv": [
        [
            0.0,
            0.45,
            0.198,
            0.157,
            0.231,
            0.263
        ],
        [
            0.363,
            0.0,
            0.187,
            0.212,
            0.179,
            0.294
        ],
        [
            0.208,
            0.404,
            0.0,
            0.353,
            0.109,
            0.284
        ],
        [
            0.324,
            0.21,
            0.26,
            0.0,
            0.166,
            0.134
        ],
        [
            0.29,
            0.417,
            0.213,
            0.346,
            0.0,
            0.452
        ],
        [
            0.459,
            0.471,
            0.236,
            0.261,
            0.179,
            0.0
        ]
    ],
    "service_scv": [
        0.0,
        0.68,
        0.942,
        1.222,
        0.822,
        0.896
    ],
    "service": [
        0,
        8,
        28,
        18,
        1,
        28
    ]
}
