{
    "coords": [
        [
            0,
            0
        ],
        [
            40,
            42
        ],
        [
            3,
            40
        ],
        [
            47,
            13
        ],
        [
            8,
            3
        ],
        [
            39,
            47
        ]
    ],
    "dimension": 6,
    "distances": [
        [
            0.0,
            58.0,
            40.112,
            48.765,
            8.544,
            61.074
        ],
        [
            58.0,
            0.0,
            37.054,
            29.833,
            50.448,
            5.099
        ],
        [
            40.112,
            37.054,
            0.0,
            51.624,
            37.336,
            36.674
        ],
        [
            48.765,
            29.833,
            51.624,
            0.0,
            40.262,
            34.928
        ],
        [
            8.544,
            50.448,
            37.336,
            40.262,
            0.0,
            53.824
        ],
        [
            61.074,
            5.099,
            36.674,
            34.928,
            53.824,
            0.0
        ]
    ],
    "distances_scv": [
        [
            0.0,
            0.1,
            0.191,
            0.198,
            0.129,
            0.181
        ],
        [
            0.108,
            0.0,
            0.182,
            0.141,
            0.152,
            0.112
        ],
        [
            0.181,
            0.15,
            0.0,
            0.178,
            0.198,
            0.154
        ],
        [
            0.174,
            0.199,
            0.103,
            0.0,
            0.197,
            0.112
        ],
        [
            0.122,
            0.155,
            0.172,
            0.155,
            0.0,
            0.105
        ],
        [
            0.174,
            0.132,
            0.107,
            0.196,
            0.166,
            0.0
        ]
    ],
    "service_scv": [
        0.0,
        0.362,
        0.164,
        0.324,
        0.276,
        0.101
    ],
    "service": [
        0.0,
        8.252,
        22.037,
        18.978,
        41.149,
        33.539
    ]
}
