{
    "coords": [
        [
            0,
            0
        ],
        [
            35,
            40
        ],
        [
            12,
            17
        ],
        [
            10,
            2
        ],
        [
            22,
            28
        ],
        [
            48,
            7
        ]
    ],
    "dimension": 6,
    "distances": [
        [
            0.0,
            53.151,
            20.809,
            10.198,
            35.609,
            48.508
        ],
        [
            53.151,
            0.0,
            32.527,
            45.486,
            17.692,
            35.468
        ],
        [
            20.809,
            32.527,
            0.0,
            15.133,
            14.866,
            37.363
        ],
        [
            10.198,
            45.486,
            15.133,
            0.0,
            28.636,
            38.328
        ],
        [
            35.609,
            17.692,
            14.866,
            28.636,
            0.0,
            33.422
        ],
        [
            48.508,
            35.468,
            37.363,
            38.328,
            33.422,
            0.0
        ]
    ],
    "distances_scv": [
        [
            0.0,
            0.238,
            0.283,
            0.49,
            0.413,
            0.438
        ],
        [
            0.322,
            0.0,
            0.107,
            0.456,
            0.256,
            0.193
        ],
        [
            0.314,
            0.478,
            0.0,
            0.463,
            0.287,
            0.487
        ],
        [
            0.406,
            0.413,
            0.245,
            0.0,
            0.199,
            0.42
        ],
        [
            0.203,
            0.369,
            0.13,
            0.199,
            0.0,
            0.169
        ],
        [
            0.204,
            0.181,
            0.116,
            0.237,
            0.287,
            0.0
        ]
    ],
    "service_scv": [
        0.0,
        0.49,
        0.41,
        0.448,
        0.326,
        0.236
    ],
    "service": [
        0.0,
        20.106,
        5.936,
        5.548,
        26.874,
        32.41
    ]
}
