{
    "coords": [
        [
            0,
            0
        ],
        [
            27,
            11
        ],
        [
            19,
            3
        ],
        [
            17,
            35
        ],
        [
            38,
            40
        ],
        [
            24,
            27
        ]
    ],
    "dimension": 6,
    "distances": [
        [
            0.0,
            29.155,
            19.235,
            38.91,
            55.172,
            36.125
        ],
        [
            29.155,
            0.0,
            11.314,
            26.0,
            31.016,
            16.279
        ],
        [
            19.235,
            11.314,
            0.0,
            32.062,
            41.593,
            24.515
        ],
        [
            38.91,
            26.0,
            32.062,
            0.0,
            21.587,
            10.63
        ],
        [
            55.172,
            31.016,
            41.593,
            21.587,
            0.0,
            19.105
        ],
        [
            36.125,
            16.279,
            24.515,
            10.63,
            19.105,
            0.0
        ]
    ],
    "distances_scv": [
        [
            0.0,
            0.117,
            0.155,
            0.118,
            0.151,
            0.134
        ],
        [
            0.196,
            0.0,
            0.12,
            0.126,
            0.155,
            0.185
        ],
        [
            0.134,
            0.19,
            0.0,
            0.192,
            0.173,
            0.193
        ],
        [
            0.195,
            0.116,
            0.17,
            0.0,
            0.161,
            0.126
        ],
        [
            0.146,
            0.139,
            0.106,
            0.163,
            0.0,
            0.188
        ],
        [
            0.171,
            0.119,
            0.162,
            0.147,
            0.128,
            0.0
        ]
    ],
    "service_scv": [
        0.0,
        1.273,
        1.2,
        0.735,
        1.24,
        1.183
    ],
    "service": [
        0,
        1,
        29,
        23,
        5,
        9
    ]
}
