{
    "coords": [
        [
            0,
            0
        ],
        [
            41,
            22
        ],
        [
            46,
            46
        ],
        [
            12,
            47
        ],
        [
            1,
            4
        ],
        [
            25,
            0
        ]
    ],
    "dimension": 6,
    "distances": [
        [
            0.0,
            46.53,
            65.054,
            48.508,
            4.123,
            25.0
        ],
        [
            46.53,
            0.0,
            24.515,
            38.288,
            43.863,
            27.203
        ],
        [
            65.054,
            24.515,
            0.0,
            34.015,
            61.555,
            50.567
        ],
        [
            48.508,
            38.288,
            34.015,
            0.0,
            44.385,
            48.765
        ],
        [
            4.123,
            43.863,
            61.555,
            44.385,
            0.0,
            24.331
        ],
        [
            25.0,
            27.203,
            50.567,
            48.765,
            24.331,
            0.0
        ]
    ],
    "distances_scv": [
        [
            0.0,
            0.463,
            0.424,
            0.462,
            0.425,
            0.165
        ],
        [
            0.492,
            0.0,
            0.1,
            0.117,
            0.112,
            0.333
        ],
        [
            0.33,
            0.141,
            0.0,
            0.164,
            0.264,
            0.234
        ],
        [
            0.442,
            0.204,
            0.486,
            0.0,
            0.186,
            0.131
        ],
        [
            0.38,
            0.158,
            0.401,
            0.239,
            0.0,
            0.37
        ],
        [
            0.433,
            0.289,
            0.146,
            0.127,
            0.211,
            0.0
        ]
    ],
    "service_scv": [
        0.0,
        0.354,
        0.314,
        0.44,
        0.178,
        0.239
    ],
    "service": [
        0,
        6,
        2,
        18,
        2,
        16
    ]
}
