{
    "coords": [
        [
            0,
            0
        ],
        [
            39,
            24
        ],
        [
            29,
            30
        ],
        [
            35,
            1
        ],
        [
            24,
            7
        ],
        [
            20,
            46
        ]
    ],
    "dimension": 6,
    "distances": [
        [
            0.0,
            45.793,
            41.725,
            35.014,
            25.0,
            50.16
        ],
        [
            45.793,
            0.0,
            11.662,
            23.345,
            22.672,
            29.069
        ],
        [
            41.725,
            11.662,
            0.0,
            29.614,
            23.537,
            18.358
        ],
        [
            35.014,
            23.345,
            29.614,
            0.0,
            12.53,
            47.434
        ],
        [
            25.0,
            22.672,
            23.537,
            12.53,
            0.0,
            39.205
        ],
        [
            50.16,
            29.069,
            18.358,
            47.434,
            39.205,
            0.0
        ]
    ],
    "distances_scv": [
        [
            0.0,
            0.152,
            0.479,
            0.349,
            0.248,
            0.305
        ],
        [
            0.365,
            0.0,
            0.155,
            0.415,
            0.368,
            0.305
        ],
        [
            0.427,
            0.32,
            0.0,
            0.182,
            0.321,
            0.293
        ],
        [
            0.241,
            0.337,
            0.194,
            0.0,
            0.447,
            0.152
        ],
        [
            0.287,
            0.211,
            0.133,
            0.458,
            0.0,
            0.159
        ],
        [
            0.369,
            0.181,
            0.461,
            0.187,
            0.113,
            0.0
        ]
    ],
    "service_scv": [
        0.0,
        0.236,
        0.107,
        0.164,
        0.499,
        0.284
    ],
    "service": [
        0,
        10,
        21,
        14,
        10,
        27
    ]
}
