{
    "coords": [
        [
            0,
            0
        ],
        [
            11,
            26
        ],
        [
            38,
            6
        ],
        [
            15,
            15
        ],
        [
            39,
            28
        ],
        [
            19,
            39
        ]
    ],
    "dimension": 6,
    "distances": [
        [
            0.0,
            28.231,
            38.471,
            21.213,
            48.01,
            43.382
        ],
        [
            28.231,
            0.0,
            33.601,
            11.705,
            28.071,
            15.264
        ],
        [
            38.471,
            33.601,
            0.0,
            24.698,
            22.023,
            38.079
        ],
        [
            21.213,
            11.705,
            24.698,
            0.0,
            27.295,
            24.331
        ],
        [
            48.01,
            28.071,
            22.023,
            27.295,
            0.0,
            22.825
        ],
        [
            43.382,
            15.264,
            38.079,
            24.331,
            22.825,
            0.0
        ]
    ],
    "distances_scv": [
        [
            0.0,
            0.192,
            0.476,
            0.366,
            0.406,
            0.364
        ],
        [
            0.185,
            0.0,
            0.19,
            0.293,
            0.326,
            0.49
        ],
        [
            0.418,
            0.147,
            0.0,
            0.211,
            0.202,
            0.266
        ],
        [
            0.411,
            0.422,
            0.409,
            0.0,
            0.169,
            0.253
        ],
        [
            0.343,
            0.245,
            0.196,
            0.425,
            0.0,
            0.323
        ],
        [
            0.488,
            0.286,
            0.404,
            0.194,
            0.462,
            0.0
        ]
    ],
    "service_scv": [
        0.0,
        0.392,
        0.219,
        0.383,
        0.193,
        0.394
    ],
    "service": [
        0.0,
        48.12,
        3.443,
        21.605,
        13.142,
        28.029
    ]
}
