{
    "coords": [
        [
            0,
            0
        ],
        [
            37,
            47
        ],
        [
            1,
            7
        ],
        [
            41,
            47
        ],
        [
            12,
            15
        ],
        [
            43,
            21
        ]
    ],
    "dimension": 6,
    "distances": [
        [
            0.0,
            59.816,
            7.071,
            62.37,
            19.209,
            47.854
        ],
        [
            59.816,
            0.0,
            53.814,
            4.0,
            40.608,
            26.683
        ],
        [
            7.071,
            53.814,
            0.0,
            56.569,
            13.601,
            44.272
        ],
        [
            62.37,
            4.0,
            56.569,
            0.0,
            43.186,
            26.077
        ],
        [
            19.209,
            40.608,
            13.601,
            43.186,
            0.0,
            31.575
        ],
        [
            47.854,
            26.683,
            44.272,
            26.077,
            31.575,
            0.0
        ]
    ],
    "distances_scv": [
        [
            0.0,
            0.141,
            0.155,
            0.103,
            0.175,
            0.154
        ],
        [
            0.133,
            0.0,
            0.13,
            0.145,
            0.113,
            0.14
        ],
        [
            0.12,
            0.126,
            0.0,
            0.128,
            0.149,
            0.198
        ],
        [
            0.196,
            0.172,
            0.154,
            0.0,
            0.116,
            0.197
        ],
        [
            0.152,
            0.112,
            0.162,
            0.178,
            0.0,
            0.192
        ],
        [
            0.104,
            0.153,
            0.146,
            0.106,
            0.164,
            0.0
        ]
    ],
    "service_scv": [
        0.0,
        0.304,
        0.401,
        0.159,
        0.428,
        0.373
    ],
    "service": [
        0,
        18,
        25,
        8,
        11,
        26
    ]
}
