{
    "coords": [
        [
            0,
            0
        ],
        [
            11,
            49
        ],
        [
            8,
            15
        ],
        [
            32,
            39
        ],
        [
            31,
            43
        ],
        [
            2,
            19
        ]
    ],
    "dimension": 6,
    "distances": [
        [
            0.0,
            50.22,
            17.0,
            50.448,
            53.009,
            19.105
        ],
        [
            50.22,
            0.0,
            34.132,
            23.259,
            20.881,
            31.321
        ],
        [
            17.0,
            34.132,
            0.0,
            33.941,
            36.235,
            7.211
        ],
        [
            50.448,
            23.259,
            33.941,
            0.0,
            4.123,
            36.056
        ],
        [
            53.009,
            20.881,
            36.235,
            4.123,
            0.0,
            37.643
        ],
        [
            19.105,
            31.321,
            7.211,
            36.056,
            37.643,
            0.0
        ]
    ],
    "distances_scv": [
        [
            0.0,
            0.249,
            0.143,
            0.292,
            0.197,
            0.203
        ],
        [
            0.174,
            0.0,
            0.426,
            0.269,
            0.202,
            0.336
        ],
        [
            0.342,
            0.359,
            0.0,
            0.16,
            0.249,
            0.214
        ],
        [
            0.107,
            0.173,
            0.258,
            0.0,
            0.347,
            0.281
        ],
        [
            0.343,
            0.189,
            0.154,
            0.232,
            0.0,
            0.246
        ],
        [
            0.284,
            0.388,
            0.447,
            0.121,
            0.482,
            0.0
        ]
    ],
    "service_scv": [
        0.0,
        0.776,
        0.949,
        1.01,
        1.065,
        1.204
    ],
    "service": [
        0.0,
        9.935,
        30.003,
        29.608,
        43.081,
        44.836
    ]
}
