{
    "coords": [
        [
            0,
            0
        ],
        [
            5,
            43
        ],
        [
            5,
            12
        ],
        [
            0,
            32
        ],
        [
            4,
            24
        ],
        [
            12,
            39
        ]
    ],
    "dimension": 6,
    "distances": [
        [
            0.0,
            43.29,
            13.0,
            32.0,
            24.331,
            40.804
        ],
        [
            43.29,
            0.0,
            31.0,
            12.083,
            19.026,
            8.062
        ],
        [
            13.0,
            31.0,
            0.0,
            20.616,
            12.042,
            27.893
        ],
        [
            32.0,
            12.083,
            20.616,
            0.0,
            8.944,
            13.892
        ],
        [
            24.331,
            19.026,
            12.042,
            8.944,
            0.0,
            17.0
        ],
        [
            40.804,
            8.062,
            27.893,
            13.892,
            17.0,
            0.0
        ]
    ],
    "distances_scv": [
        [
            0.0,
            0.19,
            0.152,
            0.196,
            0.191,
            0.168
        ],
        [
            0.176,
            0.0,
            0.187,
            0.2,
            0.191,
            0.112
        ],
        [
            0.139,
            0.193,
            0.0,
            0.131,
            0.167,
            0.163
        ],
        [
            0.129,
            0.172,
            0.101,
            0.0,
            0.158,
            0.102
        ],
        [
            0.165,
            0.14,
            0.16,
            0.147,
            0.0,
            0.139
        ],
        [
            0.154,
            0.116,
            0.149,
            0.194,
            0.102,
            0.0
        ]
    ],
    "service_scv": [
        0.0,
        0.666,
        0.54,
        1.3,
        1.034,
        1.42
    ],
    "service": [
        0,
        28,
        8,
        11,
        18,
        9
    ]
}
