{
    "coords": [
        [
            0,
            0
        ],
        [
            5,
            14
        ],
        [
            20,
            40
        ],
        [
            22,
            4
        ],
        [
            16,
            30
        ],
        [
            40,
            36
        ]
    ],
    "dimension": 6,
    "distances": [
        [
            0.0,
            14.866,
            44.721,
            22.361,
            34.0,
            53.814
        ],
        [
            14.866,
            0.0,
            30.017,
            19.723,
            19.416,
            41.34
        ],
        [
            44.721,
            30.017,
            0.0,
            36.056,
            10.77,
            20.396
        ],
        [
            22.361,
            19.723,
            36.056,
            0.0,
            26.683,
            36.715
        ],
        [
            34.0,
            19.416,
            10.77,
            26.683,
            0.0,
            24.739
        ],
        [
            53.814,
            41.34,
            20.396,
            36.715,
            24.739,
            0.0
        ]
    ],
    "distances_scv": [
        [
            0.0,
            0.106,
            0.127,
            0.166,
            0.156,
            0.115
        ],
        [
            0.143,
            0.0,
            0.142,
            0.163,
            0.197,
            0.168
        ],
        [
            0.139,
            0.119,
            0.0,
            0.151,
            0.189,
            0.178
        ],
        [
            0.132,
            0.192,
            0.147,
            0.0,
            0.111,
            0.11
        ],
        [
            0.12,
            0.188,
            0.168,
            0.185,
            0.0,
            0.141
        ],
        [
            0.152,
            0.159,
            0.186,
            0.144,
            0.189,
            0.0
        ]
    ],
    "service_scv": [
        0.0,
        1.023,
        0.716,
        0.601,
        0.539,
        1.202
    ],
    "service": [
        0,
        24,
        13,
        14,
        2,
        20
    ]
}
