{
    "coords": [
        [
            0,
            0
        ],
        [
            19,
            28
        ],
        [
            41,
            45
        ],
        [
            14,
            12
        ],
        [
            26,
            29
        ],
        [
            12,
            17
        ]
    ],
    "dimension": 6,
    "distances": [
        [
            0.0,
            33.838,
            60.877,
            18.439,
            38.949,
            20.809
        ],
        [
            33.838,
            0.0,
            27.803,
            16.763,
            7.071,
            13.038
        ],
        [
            60.877,
            27.803,
            0.0,
            42.638,
            21.932,
            40.311
        ],
        [
            18.439,
            16.763,
            42.638,
            0.0,
            20.809,
            5.385
        ],
        [
            38.949,
            7.071,
            21.932,
            20.809,
            0.0,
            18.439
        ],
        [
            20.809,
            13.038,
            40.311,
            5.385,
            18.439,
            0.0
        ]
    ],
    "distances_scv": [
        [
            0.0,
            0.154,
            0.12,
            0.152,
            0.124,
            0.105
        ],
        [
            0.111,
            0.0,
            0.102,
            0.177,
            0.18,
            0.102
        ],
        [
            0.153,
            0.143,
            0.0,
            0.107,
            0.194,
            0.13
        ],
        [
            0.193,
            0.14,
            0.121,
            0.0,
            0.125,
            0.18
        ],
        [
            0.183,
            0.181,
            0.127,
            0.13,
            0.0,
            0.171
        ],
        [
            0.171,
            0.184,
            0.176,
            0.151,
            0.169,
            0.0
        ]
    ],
    "service_scv": [
        0.0,
        0.369,
        0.383,
        0.135,
        0.131,
        0.22
    ],
    "service": [
        0,
        5,
        2,
        29,
        15,
        16
    ]
}
