{
    "coords": [
        [
            0,
            0
        ],
        [
            41,
            21
        ],
        [
            38,
            4
        ],
        [
            26,
            17
        ],
        [
            0,
            31
        ],
        [
            23,
            1
        ]
    ],
    "dimension": 6,
    "distances": [
        [
            0.0,
            46.065,
            38.21,
            31.064,
            31.0,
            23.022
        ],
        [
            46.065,
            0.0,
            17.263,
            15.524,
            42.202,
            26.907
        ],
        [
            38.21,
            17.263,
            0.0,
            17.692,
            46.615,
            15.297
        ],
        [
            31.064,
            15.524,
            17.692,
            0.0,
            29.53,
            16.279
        ],
        [
            31.0,
            42.202,
            46.615,
            29.53,
            0.0,
            37.802
        ],
        [
            23.022,
            26.907,
            15.297,
            16.279,
            37.802,
            0.0
        ]
    ],
    "distances_scv": [
        [
            0.0,
            0.442,
            0.118,
            0.421,
            0.174,
            0.378
        ],
        [
            0.162,
            0.0,
            0.483,
            0.494,
            0.365,
            0.165
        ],
        [
            0.258,
            0.211,
            0.0,
            0.22,
            0.324,
            0.263
        ],
        [
            0.155,
            0.254,
            0.408,
            0.0,
            0.372,
            0.333
        ],
        [
            0.131,
            0.392,
            0.37,
            0.421,
            0.0,
            0.49
        ],
        [
            0.447,
            0.461,
            0.485,
            0.348,
            0.248,
            0.0
        ]
    ],
    "service_scv": [
        0.0,
        1.489,
        1.236,
        1.023,
        1.265,
        1.303
    ],
    "service": [
        0.0,
        31.595,
        33.983,
        31.065,
        44.877,
        32.39
    ]
}
