{
    "coords": [
        [
            0,
            0
        ],
        [
            34,
            44
        ],
        [
            28,
            38
        ],
        [
            41,
            11
        ],
        [
            2,
            15
        ],
        [
            14,
            43
        ]
    ],
    "dimension": 6,
    "distances": [
        [
            0.0,
            55.606,
            47.202,
            42.45,
            15.133,
            45.222
        ],
        [
            55.606,
            0.0,
            8.485,
            33.734,
            43.186,
            20.025
        ],
        [
            47.202,
            8.485,
            0.0,
            29.967,
            34.713,
            14.866
        ],
        [
            42.45,
            33.734,
            29.967,
            0.0,
            39.205,
            41.869
        ],
        [
            15.133,
            43.186,
            34.713,
            39.205,
            0.0,
            30.463
        ],
        [
            45.222,
            20.025,
            14.866,
            41.869,
            30.463,
            0.0
        ]
    ],
    "distances_scv": [
        [
            0.0,
            0.428,
            0.419,
            0.287,
            0.221,
            0.211
        ],
        [
            0.202,
            0.0,
            0.302,
            0.321,
            0.498,
            0.417
        ],
        [
            0.349,
            0.496,
            0.0,
            0.164,
            0.345,
            0.118
        ],
        [
            0.114,
            0.306,
            0.286,
            0.0,
            0.352,
            0.306
        ],
        [
            0.299,
            0.199,
            0.105,
            0.177,
            0.0,
            0.18
        ],
        [
            0.248,
            0.101,
            0.432,
            0.162,
            0.207,
            0.0
        ]
    ],
    "service_scv": [
        0.0,
        0.449,
        0.245,
        0.339,
        0.124,
        0.255
    ],
    "service": [
        0.0,
        11.624,
        31.142,
        50.382,
        6.793,
        42.891
    ]
}
