{
    "coords": [
        [
            0,
            0
        ],
        [
            10,
            15
        ],
        [
            49,
            6
        ],
        [
            29,
            16
        ],
        [
            21,
            46
        ],
        [
            9,
            39
        ]
    ],
    "dimension": 6,
    "distances": [
        [
            0.0,
            18.028,
            49.366,
            33.121,
            50.567,
            40.025
        ],
        [
            18.028,
            0.0,
            40.025,
            19.026,
            32.894,
            24.021
        ],
        [
            49.366,
            40.025,
            0.0,
            22.361,
            48.826,
            51.856
        ],
        [
            33.121,
            19.026,
            22.361,
            0.0,
            31.048,
            30.48
        ],
        [
            50.567,
            32.894,
            48.826,
            31.048,
            0.0,
            13.892
        ],
        [
            40.025,
            24.021,
            51.856,
            30.48,
            13.892,
            0.0
        ]
    ],
    "distances_scv": [
        [
            0.0,
            0.18,
            0.217,
            0.477,
            0.261,
            0.173
        ],
        [
            0.444,
            0.0,
            0.221,
            0.242,
            0.401,
            0.207
        ],
        [
            0.416,
            0.28,
            0.0,
            0.458,
            0.112,
            0.238
        ],
        [
            0.408,
            0.34,
            0.145,
            0.0,
            0.488,
            0.106
        ],
        [
            0.274,
            0.24,
            0.46,
            0.117,
            0.0,
            0.189
        ],
        [
            0.136,
            0.286,
            0.218,
            0.324,
            0.102,
            0.0
        ]
    ],
    "service_scv": [
        0.0,
        0.436,
        0.48,
        0.349,
        0.171,
        0.156
    ],
    "service": [
        0,
        12,
        27,
        19,
        13,
        9
    ]
}
