{
    "coords": [
        [
            0,
            0
        ],
        [
            13,
            23
        ],
        [
            44,
            6
        ],
        [
            12,
            26
        ],
        [
            12,
            20
        ],
        [
            17,
            3
        ]
    ],
    "dimension": 6,
    "distances": [
        [
            0.0,
            26.42,
            44.407,
            28.636,
            23.324,
            17.263
        ],
        [
            26.42,
            0.0,
            35.355,
            3.162,
            3.162,
            20.396
        ],
        [
            44.407,
            35.355,
            0.0,
            37.736,
            34.928,
            27.166
        ],
        [
            28.636,
            3.162,
            37.736,
            0.0,
            6.0,
            23.537
        ],
        [
            23.324,
            3.162,
            34.928,
            6.0,
            0.0,
            17.72
        ],
        [
            17.263,
            20.396,
            27.166,
            23.537,
            17.72,
            0.0
        ]
    ],
    "distances_scv": [
        [
            0.0,
            0.495,
            0.378,
            0.279,
            0.356,
            0.208
        ],
        [
            0.221,
            0.0,
            0.121,
            0.423,
            0.425,
            0.102
        ],
        [
            0.232,
            0.136,
            0.0,
            0.347,
            0.32,
            0.154
        ],
        [
            0.381,
            0.345,
            0.287,
            0.0,
            0.467,
            0.133
        ],
        [
            0.158,
            0.251,
            0.204,
            0.346,
            0.0,
            0.382
        ],
        [
            0.41,
            0.17,
            0.399,
            0.198,
            0.314,
            0.0
        ]
    ],
    "service_scv": [
        0.0,
        1.197,
        0.595,
        1.484,
        0.79,
        0.946
    ],
    "service": [
        0,
        25,
        11,
        4,
        27,
        13
    ]
}
