{
    "coords": [
        [
            0,
            0
        ],
        [
            48,
            47
        ],
        [
            3,
            9
        ],
        [
            9,
            8
        ],
        [
            29,
            17
        ],
        [
            24,
            11
        ]
    ],
    "dimension": 6,
    "distances": [
        [
            0.0,
            67.179,
            9.487,
            12.042,
            33.615,
            26.401
        ],
        [
            67.179,
            0.0,
            58.898,
            55.154,
            35.511,
            43.267
        ],
        [
            9.487,
            58.898,
            0.0,
            6.083,
            27.203,
            21.095
        ],
        [
            12.042,
            55.154,
            6.083,
            0.0,
            21.932,
            15.297
        ],
        [
            33.615,
            35.511,
            27.203,
            21.932,
            0.0,
            7.81
        ],
        [
            26.401,
            43.267,
            21.095,
            15.297,
            7.81,
            0.0
        ]
    ],
    "distances_scv": [
        [
            0.0,
            0.146,
            0.459,
            0.443,
            0.101,
            0.317
        ],
        [
            0.143,
            0.0,
            0.267,
            0.281,
            0.287,
            0.471
        ],
        [
            0.204,
            0.175,
            0.0,
            0.479,
            0.469,
            0.452
        ],
        [
            0.126,
            0.475,
            0.36,
            0.0,
            0.263,
            0.188
        ],
        [
            0.417,
            0.365,
            0.412,
            0.181,
            0.0,
            0.405
        ],
        [
            0.108,
            0.478,
            0.154,
            0.34,
            0.268,
            0.0
        ]
    ],
    "service_scv": [
        0.0,
        1.1,
        1.211,
        1.036,
        1.058,
        1.406
    ],
    "service": [
        0,
        6,
        28,
        24,
        20,
        28
    ]
}
