{
    "coords": [
        [
            0,
            0
        ],
        [
            37,
            20
        ],
        [
            39,
            28
        ],
        [
            6,
            25
        ],
        [
            20,
            28
        ],
        [
            28,
            28
        ]
    ],
    "dimension": 6,
    "distances": [
        [
            0.0,
            42.059,
            48.01,
            25.71,
            34.409,
            39.598
        ],
        [
            42.059,
            0.0,
            8.246,
            31.401,
            18.788,
            12.042
        ],
        [
            48.01,
            8.246,
            0.0,
            33.136,
            19.0,
            11.0
        ],
        [
            25.71,
            31.401,
            33.136,
            0.0,
            14.318,
            22.204
        ],
        [
            34.409,
            18.788,
            19.0,
            14.318,
            0.0,
            8.0
        ],
        [
            39.598,
            12.042,
            11.0,
            22.204,
            8.0,
            0.0
        ]
    ],
    "distances_scv": [
        [
            0.0,
            0.135,
            0.397,
            0.428,
            0.385,
            0.264
        ],
        [
            0.477,
            0.0,
            0.421,
            0.341,
            0.116,
            0.233
        ],
        [
            0.251,
            0.17,
            0.0,
            0.276,
            0.386,
            0.249
        ],
        [
            0.122,
            0.386,
            0.393,
            0.0,
            0.286,
            0.282
        ],
        [
            0.466,
            0.339,
            0.223,
            0.452,
            0.0,
            0.391
        ],
        [
            0.175,
            0.186,
            0.158,
            0.428,
            0.177,
            0.0
        ]
    ],
    "service_scv": [
        0.0,
        0.833,
        0.602,
        0.596,
        1.218,
        1.327
    ],
    "service": [
        0.0,
        16.909,
        29.508,
        9.833,
        26.464,
        42.441
    ]
}
