{
    "coords": [
        [
            0,
            0
        ],
        [
            16,
            12
        ],
        [
            19,
            36
        ],
        [
            23,
            31
        ],
        [
            5,
            46
        ],
        [
            8,
            1
        ]
    ],
    "dimension": 6,
    "distances": [
        [
            0.0,
            20.0,
            40.706,
            38.601,
            46.271,
            8.062
        ],
        [
            20.0,
            0.0,
            24.187,
            20.248,
            35.735,
            13.601
        ],
        [
            40.706,
            24.187,
            0.0,
            6.403,
            17.205,
            36.688
        ],
        [
            38.601,
            20.248,
            6.403,
            0.0,
            23.431,
            33.541
        ],
        [
            46.271,
            35.735,
            17.205,
            23.431,
            0.0,
            45.1
        ],
        [
            8.062,
            13.601,
            36.688,
            33.541,
            45.1,
            0.0
        ]
    ],
    "distances_scv": [
        [
            0.0,
            0.15,
            0.144,
            0.148,
            0.114,
            0.107
        ],
        [
            0.174,
            0.0,
            0.14,
            0.152,
            0.14,
            0.141
        ],
        [
            0.122,
            0.183,
            0.0,
            0.162,
            0.164,
            0.119
        ],
        [
            0.113,
            0.158,
            0.154,
            0.0,
            0.134,
            0.128
        ],
        [
            0.178,
            0.127,
            0.113,
            0.13,
            0.0,
            0.155
        ],
        [
            0.192,
            0.182,
            0.146,
            0.197,
            0.154,
            0.0
        ]
    ],
    "service_scv": [
        0.0,
        0.692,
        0.569,
        0.733,
        0.686,
        0.716
    ],
    "service": [
        0.0,
        31.599,
        54.486,
        3.688,
        40.246,
        55.459
    ]
}
