{
    "coords": [
        [
            0,
            0
        ],
        [
            5,
            8
        ],
        [
            22,
            27
        ],
        [
            38,
            18
        ],
        [
            1,
            10
        ],
        [
            22,
            19
        ]
    ],
    "dimension": 6,
    "distances": [
        [
            0.0,
            9.434,
            34.828,
            42.048,
            10.05,
            29.069
        ],
        [
            9.434,
            0.0,
            25.495,
            34.482,
            4.472,
            20.248
        ],
        [
            34.828,
            25.495,
            0.0,
            18.358,
            27.019,
            8.0
        ],
        [
            42.048,
            34.482,
            18.358,
            0.0,
            37.855,
            16.031
        ],
        [
            10.05,
            4.472,
            27.019,
            37.855,
            0.0,
            22.847
        ],
        [
            29.069,
            20.248,
            8.0,
            16.031,
            22.847,
            0.0
        ]
    ],
    "distances_scv": [
        [
            0.0,
            0.161,
            0.174,
            0.102,
            0.125,
            0.16
        ],
        [
            0.108,
            0.0,
            0.183,
            0.104,
            0.157,
            0.161
        ],
        [
            0.101,
            0.118,
            0.0,
            0.146,
            0.157,
            0.145
        ],
        [
            0.192,
            0.181,
            0.14,
            0.0,
            0.136,
            0.186
        ],
        [
            0.135,
            0.199,
            0.157,
            0.124,
            0.0,
            0.166
        ],
        [
            0.151,
            0.128,
            0.163,
            0.148,
            0.165,
            0.0
        ]
    ],
    "service_scv": [
        0.0,
        0.169,
        0.237,
        0.347,
        0.32,
        0.386
    ],
    "service": [
        0,
        3,
        15,
        27,
        12,
        0
    ]
}
