{
    "coords": [
        [
            0,
            0
        ],
        [
            19,
            30
        ],
        [
            23,
            35
        ],
        [
            17,
            4
        ],
        [
            14,
            31
        ],
        [
            31,
            49
        ]
    ],
    "dimension": 6,
    "distances": [
        [
            0.0,
            35.511,
            41.881,
            17.464,
            34.015,
            57.983
        ],
        [
            35.511,
            0.0,
            6.403,
            26.077,
            5.099,
            22.472
        ],
        [
            41.881,
            6.403,
            0.0,
            31.575,
            9.849,
            16.125
        ],
        [
            17.464,
            26.077,
            31.575,
            0.0,
            27.166,
            47.127
        ],
        [
            34.015,
            5.099,
            9.849,
            27.166,
            0.0,
            24.759
        ],
        [
            57.983,
            22.472,
            16.125,
            47.127,
            24.759,
            0.0
        ]
    ],
    "distances_scv": [
        [
            0.0,
            0.111,
            0.196,
            0.168,
            0.12,
            0.167
        ],
        [
            0.199,
            0.0,
            0.185,
            0.17,
            0.122,
            0.118
        ],
        [
            0.195,
            0.134,
            0.0,
            0.166,
            0.144,
            0.1
        ],
        [
            0.126,
            0.147,
            0.176,
            0.0,
            0.143,
            0.119
        ],
        [
            0.178,
            0.119,
            0.172,
            0.15,
            0.0,
            0.138
        ],
        [
            0.12,
            0.117,
            0.164,
            0.128,
            0.101,
            0.0
        ]
    ],
    "service_scv": [
        0.0,
        0.105,
        0.358,
        0.489,
        0.383,
        0.131
    ],
    "service": [
        0.0,
        42.747,
        14.487,
        25.673,
        9.529,
        28.491
    ]
}
