{
    "coords": [
        [
            0,
            0
        ],
        [
            17,
            46
        ],
        [
            18,
            13
        ],
        [
            43,
            3
        ],
        [
            22,
            15
        ],
        [
            1,
            35
        ]
    ],
    "dimension": 6,
    "distances": [
        [
            0.0,
            49.041,
            22.204,
            43.105,
            26.627,
            35.014
        ],
        [
            49.041,
            0.0,
            33.015,
            50.249,
            31.401,
            19.416
        ],
        [
            22.204,
            33.015,
            0.0,
            26.926,
            4.472,
            27.803
        ],
        [
            43.105,
            50.249,
            26.926,
            0.0,
            24.187,
            52.802
        ],
        [
            26.627,
            31.401,
            4.472,
            24.187,
            0.0,
            29.0
        ],
        [
            35.014,
            19.416,
            27.803,
            52.802,
            29.0,
            0.0
        ]
    ],
    "distances_scv": [
        [
            0.0,
            0.315,
            0.225,
            0.467,
            0.471,
            0.275
        ],
        [
            0.264,
            0.0,
            0.385,
            0.348,
            0.273,
            0.277
        ],
        [
            0.358,
            0.467,
            0.0,
            0.136,
            0.405,
            0.284
        ],
        [
            0.411,
            0.316,
            0.285,
            0.0,
            0.247,
            0.359
        ],
        [
            0.317,
            0.144,
            0.167,
            0.427,
            0.0,
            0.372
        ],
        [
            0.282,
            0.44,
            0.441,
            0.272,
            0.152,
            0.0
        ]
    ],
    "service_scv": [
        0.0,
        0.305,
        0.138,
        0.125,
        0.431,
        0.157
    ],
    "service": [
        0,
        15,
        28,
        17,
        18,
        16
    ]
}
