{
    "coords": [
        [
            0,
            0
        ],
        [
            8,
            11
        ],
        [
            9,
            40
        ],
        [
            43,
            29
        ],
        [
            1,
            4
        ],
        [
            16,
            21
        ]
    ],
    "dimension": 6,
    "distances": [
        [
            0.0,
            13.601,
            41.0,
            51.865,
            4.123,
            26.401
        ],
        [
            13.601,
            0.0,
            29.017,
            39.357,
            9.899,
            12.806
        ],
        [
            41.0,
            29.017,
            0.0,
            35.735,
            36.878,
            20.248
        ],
        [
            51.865,
            39.357,
            35.735,
            0.0,
            48.877,
            28.16
        ],
        [
            4.123,
            9.899,
            36.878,
            48.877,
            0.0,
            22.672
        ],
        [
            26.401,
            12.806,
            20.248,
            28.16,
            22.672,
            0.0
        ]
    ],
    "distances_scv": [
        [
            0.0,
            0.164,
            0.394,
            0.145,
            0.256,
            0.307
        ],
        [
            0.272,
            0.0,
            0.395,
            0.483,
            0.214,
            0.359
        ],
        [
            0.378,
            0.217,
            0.0,
            0.489,
            0.219,
            0.226
        ],
        [
            0.457,
            0.334,
            0.289,
            0.0,
            0.112,
            0.383
        ],
        [
            0.25,
            0.136,
            0.364,
            0.473,
            0.0,
            0.352
        ],
        [
            0.219,
            0.397,
            0.389,
            0.187,
            0.432,
            0.0
        ]
    ],
    "service_scv": [
        0.0,
        0.451,
        0.141,
        0.44,
        0.258,
        0.292
    ],
    "service": [
        0,
        21,
        7,
        25,
        28,
        13
    ]
}
