{
    "coords": [
        [
            0,
            0
        ],
        [
            32,
            18
        ],
        [
            4,
            35
        ],
        [
            17,
            43
        ],
        [
            16,
            32
        ],
        [
            9,
            27
        ]
    ],
    "dimension": 6,
    "distances": [
        [
            0.0,
            36.715,
            35.228,
            46.239,
            35.777,
            28.46
        ],
        [
            36.715,
            0.0,
            32.757,
            29.155,
            21.26,
            24.698
        ],
        [
            35.228,
            32.757,
            0.0,
            15.264,
            12.369,
            9.434
        ],
        [
            46.239,
            29.155,
            15.264,
            0.0,
            11.045,
            17.889
        ],
        [
            35.777,
            21.26,
            12.369,
            11.045,
            0.0,
            8.602
        ],
        [
            28.46,
            24.698,
            9.434,
            17.889,
            8.602,
            0.0
        ]
    ],
    "distances_scv": [
        [
            0.0,
            0.172,
            0.147,
            0.157,
            0.175,
            0.106
        ],
        [
            0.165,
            0.0,
            0.14,
            0.151,
            0.123,
            0.165
        ],
        [
            0.197,
            0.13,
            0.0,
            0.189,
            0.155,
            0.142
        ],
        [
            0.167,
            0.103,
            0.115,
            0.0,
            0.116,
            0.103
        ],
        [
            0.193,
            0.175,
            0.198,
            0.176,
            0.0,
            0.134
        ],
        [
            0.175,
            0.116,
            0.182,
            0.173,
            0.119,
            0.0
        ]
    ],
    "service_scv": [
        0.0,
        1.496,
        1.345,
        0.93,
        0.547,
        0.729
    ],
    "service": [
        0.0,
        13.486,
        34.847,
        21.863,
        36.14,
        51.487
    ]
}
