{
    "coords": [
        [
            0,
            0
        ],
        [
            42,
            28
        ],
        [
            21,
            18
        ],
        [
            14,
            16
        ],
        [
            32,
            34
        ],
        [
            17,
            48
        ]
    ],
    "dimension": 6,
    "distances": [
        [
            0.0,
            50.478,
            27.659,
            21.26,
            46.69,
            50.922
        ],
        [
            50.478,
            0.0,
            23.259,
            30.463,
            11.662,
            32.016
        ],
        [
            27.659,
            23.259,
            0.0,
            7.28,
            19.416,
            30.265
        ],
        [
            21.26,
            30.463,
            7.28,
            0.0,
            25.456,
            32.14
        ],
        [
            46.69,
            11.662,
            19.416,
            25.456,
            0.0,
            20.518
        ],
        [
            50.922,
            32.016,
            30.265,
            32.14,
            20.518,
            0.0
        ]
    ],
    "distances_scv": [
        [
            0.0,
            0.369,
            0.432,
            0.284,
            0.227,
            0.317
        ],
        [
            0.34,
            0.0,
            0.263,
            0.32,
            0.264,
            0.161
        ],
        [
            0.116,
            0.193,
            0.0,
            0.462,
            0.103,
            0.284
        ],
        [
            0.425,
            0.485,
            0.164,
            0.0,
            0.16,
            0.231
        ],
        [
            0.246,
            0.337,
            0.119,
            0.47,
            0.0,
            0.314
        ],
        [
            0.495,
            0.272,
            0.219,
            0.4,
            0.424,
            0.0
        ]
    ],
    "service_scv": [
        0.0,
        1.441,
        0.839,
        1.491,
        0.998,
        1.43
    ],
    "service": [
        0.0,
        44.689,
        17.827,
        24.832,
        59.456,
        30.903
    ]
}
