{
    "coords": [
        [
            0,
            0
        ],
        [
            37,
            47
        ],
        [
            1,
            7
        ],
        [
            41,
            47
        ],
        [
            12,
            15
        ],
        [
            43,
            21
        ],
        [
            13,
            41
        ]
    ],
    "dimension": 7,
    "distances": [
        [
            0.0,
            59.816,
            7.071,
            62.37,
            19.209,
            47.854,
            43.012
        ],
        [
            59.816,
            0.0,
            53.814,
            4.0,
            40.608,
            26.683,
            24.739
        ],
        [
            7.071,
            53.814,
            0.0,
            56.569,
            13.601,
            44.272,
            36.056
        ],
        [
            62.37,
            4.0,
            56.569,
            0.0,
            43.186,
            26.077,
            28.636
        ],
        [
            19.209,
            40.608,
            13.601,
            43.186,
            0.0,
            31.575,
            26.019
        ],
        [
            47.854,
            26.683,
            44.272,
            26.077,
            31.575,
            0.0,
            36.056
        ],
        [
            43.012,
            24.739,
            36.056,
            28.636,
            26.019,
            36.056,
            0.0
        ]
    ],
    "distances_scv": [
        [
            0.0,
            0.15,
            0.15,
            0.15,
            0.15,
            0.15,
            0.15
        ],
        [
            0.15,
            0.0,
            0.15,
            0.15,
            0.15,
            0.15,
            0.15
        ],
        [
            0.15,
            0.15,
            0.0,
            0.15,
            0.15,
            0.15,
            0.15
        ],
        [
            0.15,
            0.15,
            0.15,
            0.0,
            0.15,
            0.15,
            0.15
        ],
        [
            0.15,
            0.15,
            0.15,
            0.15,
            0.0,
            0.15,
            0.15
        ],
        [
            0.15,
            0.15,
            0.15,
            0.15,
            0.15,
            0.0,
            0.15
        ],
        [
            0.15,
            0.15,
            0.15,
            0.15,
            0.15,
            0.15,
            0.0
        ]
    ],
    "service_scv": [
        0.0,
        0.152,
        0.376,
        0.402,
        0.442,
        0.249,
        0.225
    ],
    "service": [
        0,
        56,
        51,
        56,
        56,
        57,
        40
    ]
}
