{
    "coords": [
        [
            0,
            0
        ],
        [
            35,
            40
        ],
        [
            12,
            17
        ],
        [
            10,
            2
        ],
        [
            22,
            28
        ],
        [
            48,
            7
        ],
        [
            49,
            35
        ]
    ],
    "dimension": 7,
    "distances": [
        [
            0.0,
            53.151,
            20.809,
            10.198,
            35.609,
            48.508,
            60.216
        ],
        [
            53.151,
            0.0,
            32.527,
            45.486,
            17.692,
            35.468,
            14.866
        ],
        [
            20.809,
            32.527,
            0.0,
            15.133,
            14.866,
            37.363,
            41.146
        ],
        [
            10.198,
            45.486,
            15.133,
            0.0,
            28.636,
            38.328,
            51.088
        ],
        [
            35.609,
            17.692,
            14.866,
            28.636,
            0.0,
            33.422,
            27.893
        ],
        [
            48.508,
            35.468,
            37.363,
            38.328,
            33.422,
            0.0,
            28.018
        ],
        [
            60.216,
            14.866,
            41.146,
            51.088,
            27.893,
            28.018,
            0.0
        ]
    ],
    "distances_scv": [
        [
            0.0,
            0.15,
            0.15,
            0.15,
            0.15,
            0.15,
            0.15
        ],
        [
            0.15,
            0.0,
            0.15,
            0.15,
            0.15,
            0.15,
            0.15
        ],
        [
            0.15,
            0.15,
            0.0,
            0.15,
            0.15,
            0.15,
            0.15
        ],
        [
            0.15,
            0.15,
            0.15,
            0.0,
            0.15,
            0.15,
            0.15
        ],
        [
            0.15,
            0.15,
            0.15,
            0.15,
            0.0,
            0.15,
            0.15
        ],
        [
            0.15,
            0.15,
            0.15,
            0.15,
            0.15,
            0.0,
            0.15
        ],
        [
            0.15,
            0.15,
            0.15,
            0.15,
            0.15,
            0.15,
            0.0
        ]
    ],
    "service_scv": [
        0.0,
        0.499,
        0.31,
        0.22,
        0.24,
        0.284,
        0.175
    ],
    "service": [
        0,
        57,
        48,
        58,
        59,
        41,
        32
    ]
}
