{
    "coords": [
        [
            0,
            0
        ],
        [
            1,
            40
        ],
        [
            23,
            25
        ],
        [
            31,
            14
        ],
        [
            48,
            2
        ],
        [
            13,
            19
        ],
        [
            28,
            20
        ]
    ],
    "dimension": 7,
    "distances": [
        [
            0.0,
            40.012,
            33.971,
            34.015,
            48.042,
            23.022,
            34.409
        ],
        [
            40.012,
            0.0,
            26.627,
            39.699,
            60.44,
            24.187,
            33.601
        ],
        [
            33.971,
            26.627,
            0.0,
            13.601,
            33.971,
            11.662,
            7.071
        ],
        [
            34.015,
            39.699,
            13.601,
            0.0,
            20.809,
            18.682,
            6.708
        ],
        [
            48.042,
            60.44,
            33.971,
            20.809,
            0.0,
            38.91,
            26.907
        ],
        [
            23.022,
            24.187,
            11.662,
            18.682,
            38.91,
            0.0,
            15.033
        ],
        [
            34.409,
            33.601,
            7.071,
            6.708,
            26.907,
            15.033,
            0.0
        ]
    ],
    "distances_scv": [
        [
            0.0,
            0.15,
            0.15,
            0.15,
            0.15,
            0.15,
            0.15
        ],
        [
            0.15,
            0.0,
            0.15,
            0.15,
            0.15,
            0.15,
            0.15
        ],
        [
            0.15,
            0.15,
            0.0,
            0.15,
            0.15,
            0.15,
            0.15
        ],
        [
            0.15,
            0.15,
            0.15,
            0.0,
            0.15,
            0.15,
            0.15
        ],
        [
            0.15,
            0.15,
            0.15,
            0.15,
            0.0,
            0.15,
            0.15
        ],
        [
            0.15,
            0.15,
            0.15,
            0.15,
            0.15,
            0.0,
            0.15
        ],
        [
            0.15,
            0.15,
            0.15,
            0.15,
            0.15,
            0.15,
            0.0
        ]
    ],
    "service_scv": [
        0.0,
        0.964,
        0.722,
        1.141,
        0.607,
        1.192,
        1.135
    ],
    "service": [
        0,
        47,
        51,
        38,
        40,
        53,
        36
    ]
}
