{
    "coords": [
        [
            0,
            0
        ],
        [
            5,
            8
        ],
        [
            22,
            27
        ],
        [
            38,
            18
        ],
        [
            1,
            10
        ],
        [
            22,
            19
        ],
        [
            45,
            21
        ]
    ],
    "dimension": 7,
    "distances": [
        [
            0.0,
            9.434,
            34.828,
            42.048,
            10.05,
            29.069,
            49.659
        ],
        [
            9.434,
            0.0,
            25.495,
            34.482,
            4.472,
            20.248,
            42.059
        ],
        [
            34.828,
            25.495,
            0.0,
            18.358,
            27.019,
            8.0,
            23.77
        ],
        [
            42.048,
            34.482,
            18.358,
            0.0,
            37.855,
            16.031,
            7.616
        ],
        [
            10.05,
            4.472,
            27.019,
            37.855,
            0.0,
            22.847,
            45.354
        ],
        [
            29.069,
            20.248,
            8.0,
            16.031,
            22.847,
            0.0,
            23.087
        ],
        [
            49.659,
            42.059,
            23.77,
            7.616,
            45.354,
            23.087,
            0.0
        ]
    ],
    "distances_scv": [
        [
            0.0,
            0.15,
            0.15,
            0.15,
            0.15,
            0.15,
            0.15
        ],
        [
            0.15,
            0.0,
            0.15,
            0.15,
            0.15,
            0.15,
            0.15
        ],
        [
            0.15,
            0.15,
            0.0,
            0.15,
            0.15,
            0.15,
            0.15
        ],
        [
            0.15,
            0.15,
            0.15,
            0.0,
            0.15,
            0.15,
            0.15
        ],
        [
            0.15,
            0.15,
            0.15,
            0.15,
            0.0,
            0.15,
            0.15
        ],
        [
            0.15,
            0.15,
            0.15,
            0.15,
            0.15,
            0.0,
            0.15
        ],
        [
            0.15,
            0.15,
            0.15,
            0.15,
            0.15,
            0.15,
            0.0
        ]
    ],
    "service_scv": [
        0.0,
        0.793,
        0.874,
        1.147,
        1.344,
        0.915,
        1.132
    ],
    "service": [
        0,
        31,
        39,
        37,
        48,
        33,
        41
    ]
}
