{
    "coords": [
        [
            0,
            0
        ],
        [
            10,
            35
        ],
        [
            43,
            14
        ],
        [
            18,
            4
        ],
        [
            48,
            48
        ],
        [
            34,
            28
        ],
        [
            28,
            32
        ]
    ],
    "dimension": 7,
    "distances": [
        [
            0.0,
            36.401,
            45.222,
            18.439,
            67.882,
            44.045,
            42.521
        ],
        [
            36.401,
            0.0,
            39.115,
            32.016,
            40.162,
            25.0,
            18.248
        ],
        [
            45.222,
            39.115,
            0.0,
            26.926,
            34.366,
            16.643,
            23.431
        ],
        [
            18.439,
            32.016,
            26.926,
            0.0,
            53.254,
            28.844,
            29.732
        ],
        [
            67.882,
            40.162,
            34.366,
            53.254,
            0.0,
            24.413,
            25.612
        ],
        [
            44.045,
            25.0,
            16.643,
            28.844,
            24.413,
            0.0,
            7.211
        ],
        [
            42.521,
            18.248,
            23.431,
            29.732,
            25.612,
            7.211,
            0.0
        ]
    ],
    "distances_scv": [
        [
            0.0,
            0.15,
            0.15,
            0.15,
            0.15,
            0.15,
            0.15
        ],
        [
            0.15,
            0.0,
            0.15,
            0.15,
            0.15,
            0.15,
            0.15
        ],
        [
            0.15,
            0.15,
            0.0,
            0.15,
            0.15,
            0.15,
            0.15
        ],
        [
            0.15,
            0.15,
            0.15,
            0.0,
            0.15,
            0.15,
            0.15
        ],
        [
            0.15,
            0.15,
            0.15,
            0.15,
            0.0,
            0.15,
            0.15
        ],
        [
            0.15,
            0.15,
            0.15,
            0.15,
            0.15,
            0.0,
            0.15
        ],
        [
            0.15,
            0.15,
            0.15,
            0.15,
            0.15,
            0.15,
            0.0
        ]
    ],
    "service_scv": [
        0.0,
        1.074,
        0.909,
        1.197,
        1.032,
        1.253,
        1.234
    ],
    "service": [
        0,
        59,
        32,
        59,
        38,
        58,
        50
    ]
}
