{
    "coords": [
        [
            0,
            0
        ],
        [
            44,
            25
        ],
        [
            47,
            48
        ],
        [
            48,
            4
        ],
        [
            22,
            30
        ],
        [
            14,
            18
        ],
        [
            31,
            40
        ]
    ],
    "dimension": 7,
    "distances": [
        [
            0.0,
            50.606,
            67.179,
            48.166,
            37.202,
            22.804,
            50.606
        ],
        [
            50.606,
            0.0,
            23.195,
            21.378,
            22.561,
            30.806,
            19.849
        ],
        [
            67.179,
            23.195,
            0.0,
            44.011,
            30.806,
            44.598,
            17.889
        ],
        [
            48.166,
            21.378,
            44.011,
            0.0,
            36.77,
            36.77,
            39.812
        ],
        [
            37.202,
            22.561,
            30.806,
            36.77,
            0.0,
            14.422,
            13.454
        ],
        [
            22.804,
            30.806,
            44.598,
            36.77,
            14.422,
            0.0,
            27.803
        ],
        [
            50.606,
            19.849,
            17.889,
            39.812,
            13.454,
            27.803,
            0.0
        ]
    ],
    "distances_scv": [
        [
            0.0,
            0.15,
            0.15,
            0.15,
            0.15,
            0.15,
            0.15
        ],
        [
            0.15,
            0.0,
            0.15,
            0.15,
            0.15,
            0.15,
            0.15
        ],
        [
            0.15,
            0.15,
            0.0,
            0.15,
            0.15,
            0.15,
            0.15
        ],
        [
            0.15,
            0.15,
            0.15,
            0.0,
            0.15,
            0.15,
            0.15
        ],
        [
            0.15,
            0.15,
            0.15,
            0.15,
            0.0,
            0.15,
            0.15
        ],
        [
            0.15,
            0.15,
            0.15,
            0.15,
            0.15,
            0.0,
            0.15
        ],
        [
            0.15,
            0.15,
            0.15,
            0.15,
            0.15,
            0.15,
            0.0
        ]
    ],
    "service_scv": [
        0.0,
        0.485,
        0.466,
        0.288,
        0.258,
        0.432,
        0.188
    ],
    "service": [
        0,
        42,
        40,
        41,
        35,
        60,
        33
    ]
}
