{
    "coords": [
        [
            0,
            0
        ],
        [
            25,
            17
        ],
        [
            47,
            18
        ],
        [
            32,
            18
        ],
        [
            22,
            49
        ],
        [
            9,
            31
        ],
        [
            21,
            33
        ]
    ],
    "dimension": 7,
    "distances": [
        [
            0.0,
            30.232,
            50.329,
            36.715,
            53.712,
            32.28,
            39.115
        ],
        [
            30.232,
            0.0,
            22.023,
            7.071,
            32.14,
            21.26,
            16.492
        ],
        [
            50.329,
            22.023,
            0.0,
            15.0,
            39.825,
            40.162,
            30.017
        ],
        [
            36.715,
            7.071,
            15.0,
            0.0,
            32.573,
            26.42,
            18.601
        ],
        [
            53.712,
            32.14,
            39.825,
            32.573,
            0.0,
            22.204,
            16.031
        ],
        [
            32.28,
            21.26,
            40.162,
            26.42,
            22.204,
            0.0,
            12.166
        ],
        [
            39.115,
            16.492,
            30.017,
            18.601,
            16.031,
            12.166,
            0.0
        ]
    ],
    "distances_scv": [
        [
            0.0,
            0.15,
            0.15,
            0.15,
            0.15,
            0.15,
            0.15
        ],
        [
            0.15,
            0.0,
            0.15,
            0.15,
            0.15,
            0.15,
            0.15
        ],
        [
            0.15,
            0.15,
            0.0,
            0.15,
            0.15,
            0.15,
            0.15
        ],
        [
            0.15,
            0.15,
            0.15,
            0.0,
            0.15,
            0.15,
            0.15
        ],
        [
            0.15,
            0.15,
            0.15,
            0.15,
            0.0,
            0.15,
            0.15
        ],
        [
            0.15,
            0.15,
            0.15,
            0.15,
            0.15,
            0.0,
            0.15
        ],
        [
            0.15,
            0.15,
            0.15,
            0.15,
            0.15,
            0.15,
            0.0
        ]
    ],
    "service_scv": [
        0.0,
        1.043,
        1.369,
        1.131,
        1.154,
        1.092,
        0.711
    ],
    "service": [
        0,
        56,
        44,
        33,
        36,
        39,
        52
    ]
}
