{
    "coords": [
        [
            0,
            0
        ],
        [
            25,
            13
        ],
        [
            15,
            2
        ],
        [
            3,
            0
        ],
        [
            8,
            40
        ],
        [
            32,
            45
        ],
        [
            25,
            30
        ]
    ],
    "dimension": 7,
    "distances": [
        [
            0.0,
            28.178,
            15.133,
            3.0,
            40.792,
            55.218,
            39.051
        ],
        [
            28.178,
            0.0,
            14.866,
            25.554,
            31.906,
            32.757,
            17.0
        ],
        [
            15.133,
            14.866,
            0.0,
            12.166,
            38.639,
            46.239,
            29.732
        ],
        [
            3.0,
            25.554,
            12.166,
            0.0,
            40.311,
            53.535,
            37.202
        ],
        [
            40.792,
            31.906,
            38.639,
            40.311,
            0.0,
            24.515,
            19.723
        ],
        [
            55.218,
            32.757,
            46.239,
            53.535,
            24.515,
            0.0,
            16.553
        ],
        [
            39.051,
            17.0,
            29.732,
            37.202,
            19.723,
            16.553,
            0.0
        ]
    ],
    "distances_scv": [
        [
            0.0,
            0.15,
            0.15,
            0.15,
            0.15,
            0.15,
            0.15
        ],
        [
            0.15,
            0.0,
            0.15,
            0.15,
            0.15,
            0.15,
            0.15
        ],
        [
            0.15,
            0.15,
            0.0,
            0.15,
            0.15,
            0.15,
            0.15
        ],
        [
            0.15,
            0.15,
            0.15,
            0.0,
            0.15,
            0.15,
            0.15
        ],
        [
            0.15,
            0.15,
            0.15,
            0.15,
            0.0,
            0.15,
            0.15
        ],
        [
            0.15,
            0.15,
            0.15,
            0.15,
            0.15,
            0.0,
            0.15
        ],
        [
            0.15,
            0.15,
            0.15,
            0.15,
            0.15,
            0.15,
            0.0
        ]
    ],
    "service_scv": [
        0.0,
        0.219,
        0.182,
        0.353,
        0.255,
        0.385,
        0.22
    ],
    "service": [
        0,
        44,
        57,
        54,
        52,
        37,
        54
    ]
}
