{
    "coords": [
        [
            0,
            0
        ],
        [
            41,
            21
        ],
        [
            38,
            4
        ],
        [
            26,
            17
        ],
        [
            0,
            31
        ],
        [
            23,
            1
        ],
        [
            14,
            43
        ]
    ],
    "dimension": 7,
    "distances": [
        [
            0.0,
            46.065,
            38.21,
            31.064,
            31.0,
            23.022,
            45.222
        ],
        [
            46.065,
            0.0,
            17.263,
            15.524,
            42.202,
            26.907,
            34.828
        ],
        [
            38.21,
            17.263,
            0.0,
            17.692,
            46.615,
            15.297,
            45.793
        ],
        [
            31.064,
            15.524,
            17.692,
            0.0,
            29.53,
            16.279,
            28.636
        ],
        [
            31.0,
            42.202,
            46.615,
            29.53,
            0.0,
            37.802,
            18.439
        ],
        [
            23.022,
            26.907,
            15.297,
            16.279,
            37.802,
            0.0,
            42.953
        ],
        [
            45.222,
            34.828,
            45.793,
            28.636,
            18.439,
            42.953,
            0.0
        ]
    ],
    "distances_scv": [
        [
            0.0,
            0.15,
            0.15,
            0.15,
            0.15,
            0.15,
            0.15
        ],
        [
            0.15,
            0.0,
            0.15,
            0.15,
            0.15,
            0.15,
            0.15
        ],
        [
            0.15,
            0.15,
            0.0,
            0.15,
            0.15,
            0.15,
            0.15
        ],
        [
            0.15,
            0.15,
            0.15,
            0.0,
            0.15,
            0.15,
            0.15
        ],
        [
            0.15,
            0.15,
            0.15,
            0.15,
            0.0,
            0.15,
            0.15
        ],
        [
            0.15,
            0.15,
            0.15,
            0.15,
            0.15,
            0.0,
            0.15
        ],
        [
            0.15,
            0.15,
            0.15,
            0.15,
            0.15,
            0.15,
            0.0
        ]
    ],
    "service_scv": [
        0.0,
        0.311,
        0.365,
        0.326,
        0.42,
        0.485,
        0.181
    ],
    "service": [
        0,
        40,
        56,
        51,
        40,
        35,
        45
    ]
}
