{
    "coords": [
        [
            0,
            0
        ],
        [
            48,
            14
        ],
        [
            5,
            30
        ],
        [
            33,
            38
        ],
        [
            32,
            35
        ],
        [
            45,
            45
        ],
        [
            46,
            43
        ]
    ],
    "dimension": 7,
    "distances": [
        [
            0.0,
            50.0,
            30.414,
            50.329,
            47.424,
            63.64,
            62.968
        ],
        [
            50.0,
            0.0,
            45.88,
            28.302,
            26.401,
            31.145,
            29.069
        ],
        [
            30.414,
            45.88,
            0.0,
            29.12,
            27.459,
            42.72,
            43.012
        ],
        [
            50.329,
            28.302,
            29.12,
            0.0,
            3.162,
            13.892,
            13.928
        ],
        [
            47.424,
            26.401,
            27.459,
            3.162,
            0.0,
            16.401,
            16.125
        ],
        [
            63.64,
            31.145,
            42.72,
            13.892,
            16.401,
            0.0,
            2.236
        ],
        [
            62.968,
            29.069,
            43.012,
            13.928,
            16.125,
            2.236,
            0.0
        ]
    ],
    "distances_scv": [
        [
            0.0,
            0.15,
            0.15,
            0.15,
            0.15,
            0.15,
            0.15
        ],
        [
            0.15,
            0.0,
            0.15,
            0.15,
            0.15,
            0.15,
            0.15
        ],
        [
            0.15,
            0.15,
            0.0,
            0.15,
            0.15,
            0.15,
            0.15
        ],
        [
            0.15,
            0.15,
            0.15,
            0.0,
            0.15,
            0.15,
            0.15
        ],
        [
            0.15,
            0.15,
            0.15,
            0.15,
            0.0,
            0.15,
            0.15
        ],
        [
            0.15,
            0.15,
            0.15,
            0.15,
            0.15,
            0.0,
            0.15
        ],
        [
            0.15,
            0.15,
            0.15,
            0.15,
            0.15,
            0.15,
            0.0
        ]
    ],
    "service_scv": [
        0.0,
        0.339,
        0.366,
        0.357,
        0.373,
        0.263,
        0.402
    ],
    "service": [
        0,
        52,
        32,
        33,
        37,
        31,
        49
    ]
}
