{
    "coords": [
        [
            0,
            0
        ],
        [
            5,
            14
        ],
        [
            20,
            40
        ],
        [
            22,
            4
        ],
        [
            16,
            30
        ],
        [
            40,
            36
        ],
        [
            49,
            9
        ]
    ],
    "dimension": 7,
    "distances": [
        [
            0.0,
            14.866,
            44.721,
            22.361,
            34.0,
            53.814,
            49.82
        ],
        [
            14.866,
            0.0,
            30.017,
            19.723,
            19.416,
            41.34,
            44.283
        ],
        [
            44.721,
            30.017,
            0.0,
            36.056,
            10.77,
            20.396,
            42.45
        ],
        [
            22.361,
            19.723,
            36.056,
            0.0,
            26.683,
            36.715,
            27.459
        ],
        [
            34.0,
            19.416,
            10.77,
            26.683,
            0.0,
            24.739,
            39.115
        ],
        [
            53.814,
            41.34,
            20.396,
            36.715,
            24.739,
            0.0,
            28.46
        ],
        [
            49.82,
            44.283,
            42.45,
            27.459,
            39.115,
            28.46,
            0.0
        ]
    ],
    "distances_scv": [
        [
            0.0,
            0.15,
            0.15,
            0.15,
            0.15,
            0.15,
            0.15
        ],
        [
            0.15,
            0.0,
            0.15,
            0.15,
            0.15,
            0.15,
            0.15
        ],
        [
            0.15,
            0.15,
            0.0,
            0.15,
            0.15,
            0.15,
            0.15
        ],
        [
            0.15,
            0.15,
            0.15,
            0.0,
            0.15,
            0.15,
            0.15
        ],
        [
            0.15,
            0.15,
            0.15,
            0.15,
            0.0,
            0.15,
            0.15
        ],
        [
            0.15,
            0.15,
            0.15,
            0.15,
            0.15,
            0.0,
            0.15
        ],
        [
            0.15,
            0.15,
            0.15,
            0.15,
            0.15,
            0.15,
            0.0
        ]
    ],
    "service_scv": [
        0.0,
        0.213,
        0.361,
        0.189,
        0.157,
        0.442,
        0.185
    ],
    "service": [
        0,
        48,
        34,
        53,
        54,
        43,
        41
    ]
}
