{
    "coords": [
        [
            0,
            0
        ],
        [
            48,
            14
        ],
        [
            5,
            30
        ],
        [
            33,
            38
        ],
        [
            32,
            35
        ],
        [
            45,
            45
        ],
        [
            46,
            43
        ],
        [
            36,
            45
        ],
        [
            0,
            1
        ]
    ],
    "dimension": 9,
    "distances": [
        [
            0.0,
            50.0,
            30.414,
            50.329,
            47.424,
            63.64,
            62.968,
            57.628,
            1.0
        ],
        [
            50.0,
            0.0,
            45.88,
            28.302,
            26.401,
            31.145,
            29.069,
            33.242,
            49.729
        ],
        [
            30.414,
            45.88,
            0.0,
            29.12,
            27.459,
            42.72,
            43.012,
            34.438,
            29.428
        ],
        [
            50.329,
            28.302,
            29.12,
            0.0,
            3.162,
            13.892,
            13.928,
            7.616,
            49.578
        ],
        [
            47.424,
            26.401,
            27.459,
            3.162,
            0.0,
            16.401,
            16.125,
            10.77,
            46.69
        ],
        [
            63.64,
            31.145,
            42.72,
            13.892,
            16.401,
            0.0,
            2.236,
            9.0,
            62.936
        ],
        [
            62.968,
            29.069,
            43.012,
            13.928,
            16.125,
            2.236,
            0.0,
            10.198,
            62.29
        ],
        [
            57.628,
            33.242,
            34.438,
            7.616,
            10.77,
            9.0,
            10.198,
            0.0,
            56.851
        ],
        [
            1.0,
            49.729,
            29.428,
            49.578,
            46.69,
            62.936,
            62.29,
            56.851,
            0.0
        ]
    ],
    "distances_scv": [
        [
            0.0,
            0.15,
            0.15,
            0.15,
            0.15,
            0.15,
            0.15,
            0.15,
            0.15
        ],
        [
            0.15,
            0.0,
            0.15,
            0.15,
            0.15,
            0.15,
            0.15,
            0.15,
            0.15
        ],
        [
            0.15,
            0.15,
            0.0,
            0.15,
            0.15,
            0.15,
            0.15,
            0.15,
            0.15
        ],
        [
            0.15,
            0.15,
            0.15,
            0.0,
            0.15,
            0.15,
            0.15,
            0.15,
            0.15
        ],
        [
            0.15,
            0.15,
            0.15,
            0.15,
            0.0,
            0.15,
            0.15,
            0.15,
            0.15
        ],
        [
            0.15,
            0.15,
            0.15,
            0.15,
            0.15,
            0.0,
            0.15,
            0.15,
            0.15
        ],
        [
            0.15,
            0.15,
            0.15,
            0.15,
            0.15,
            0.15,
            0.0,
            0.15,
            0.15
        ],
        [
            0.15,
            0.15,
            0.15,
            0.15,
            0.15,
            0.15,
            0.15,
            0.0,
            0.15
        ],
        [
            0.15,
            0.15,
            0.15,
            0.15,
            0.15,
            0.15,
            0.15,
            0.15,
            0.0
        ]
    ],
    "service_scv": [
        0.0,
        1.231,
        1.339,
        0.812,
        0.719,
        1.267,
        1.016,
        0.515,
        0.696
    ],
    "service": [
        0,
        57,
        39,
        40,
        60,
        52,
        32,
        56,
        40
    ]
}
