{
    "coords": [
        [
            0,
            0
        ],
        [
            32,
            18
        ],
        [
            4,
            35
        ],
        [
            17,
            43
        ],
        [
            16,
            32
        ],
        [
            9,
            27
        ],
        [
            3,
            38
        ],
        [
            4,
            35
        ],
        [
            38,
            23
        ]
    ],
    "dimension": 9,
    "distances": [
        [
            0.0,
            36.715,
            35.228,
            46.239,
            35.777,
            28.46,
            38.118,
            35.228,
            44.418
        ],
        [
            36.715,
            0.0,
            32.757,
            29.155,
            21.26,
            24.698,
            35.228,
            32.757,
            7.81
        ],
        [
            35.228,
            32.757,
            0.0,
            15.264,
            12.369,
            9.434,
            3.162,
            0.0,
            36.056
        ],
        [
            46.239,
            29.155,
            15.264,
            0.0,
            11.045,
            17.889,
            14.866,
            15.264,
            29.0
        ],
        [
            35.777,
            21.26,
            12.369,
            11.045,
            0.0,
            8.602,
            14.318,
            12.369,
            23.77
        ],
        [
            28.46,
            24.698,
            9.434,
            17.889,
            8.602,
            0.0,
            12.53,
            9.434,
            29.275
        ],
        [
            38.118,
            35.228,
            3.162,
            14.866,
            14.318,
            12.53,
            0.0,
            3.162,
            38.079
        ],
        [
            35.228,
            32.757,
            0.0,
            15.264,
            12.369,
            9.434,
            3.162,
            0.0,
            36.056
        ],
        [
            44.418,
            7.81,
            36.056,
            29.0,
            23.77,
            29.275,
            38.079,
            36.056,
            0.0
        ]
    ],
    "distances_scv": [
        [
            0.0,
            0.15,
            0.15,
            0.15,
            0.15,
            0.15,
            0.15,
            0.15,
            0.15
        ],
        [
            0.15,
            0.0,
            0.15,
            0.15,
            0.15,
            0.15,
            0.15,
            0.15,
            0.15
        ],
        [
            0.15,
            0.15,
            0.0,
            0.15,
            0.15,
            0.15,
            0.15,
            0.15,
            0.15
        ],
        [
            0.15,
            0.15,
            0.15,
            0.0,
            0.15,
            0.15,
            0.15,
            0.15,
            0.15
        ],
        [
            0.15,
            0.15,
            0.15,
            0.15,
            0.0,
            0.15,
            0.15,
            0.15,
            0.15
        ],
        [
            0.15,
            0.15,
            0.15,
            0.15,
            0.15,
            0.0,
            0.15,
            0.15,
            0.15
        ],
        [
            0.15,
            0.15,
            0.15,
            0.15,
            0.15,
            0.15,
            0.0,
            0.15,
            0.15
        ],
        [
            0.15,
            0.15,
            0.15,
            0.15,
            0.15,
            0.15,
            0.15,
            0.0,
            0.15
        ],
        [
            0.15,
            0.15,
            0.15,
            0.15,
            0.15,
            0.15,
            0.15,
            0.15,
            0.0
        ]
    ],
    "service_scv": [
        0.0,
        1.133,
        1.001,
        0.546,
        0.742,
        0.577,
        0.654,
        0.758,
        0.575
    ],
    "service": [
        0,
        31,
        40,
        41,
        37,
        54,
        41,
        41,
        40
    ]
}
