{
    "coords": [
        [
            0,
            0
        ],
        [
            40,
            42
        ],
        [
            3,
            40
        ],
        [
            47,
            13
        ],
        [
            8,
            3
        ],
        [
            39,
            47
        ],
        [
            30,
            30
        ],
        [
            39,
            0
        ],
        [
            41,
            45
        ]
    ],
    "dimension": 9,
    "distances": [
        [
            0.0,
            58.0,
            40.112,
            48.765,
            8.544,
            61.074,
            42.426,
            39.0,
            60.877
        ],
        [
            58.0,
            0.0,
            37.054,
            29.833,
            50.448,
            5.099,
            15.62,
            42.012,
            3.162
        ],
        [
            40.112,
            37.054,
            0.0,
            51.624,
            37.336,
            36.674,
            28.792,
            53.814,
            38.328
        ],
        [
            48.765,
            29.833,
            51.624,
            0.0,
            40.262,
            34.928,
            24.042,
            15.264,
            32.558
        ],
        [
            8.544,
            50.448,
            37.336,
            40.262,
            0.0,
            53.824,
            34.828,
            31.145,
            53.413
        ],
        [
            61.074,
            5.099,
            36.674,
            34.928,
            53.824,
            0.0,
            19.235,
            47.0,
            2.828
        ],
        [
            42.426,
            15.62,
            28.792,
            24.042,
            34.828,
            19.235,
            0.0,
            31.321,
            18.601
        ],
        [
            39.0,
            42.012,
            53.814,
            15.264,
            31.145,
            47.0,
            31.321,
            0.0,
            45.044
        ],
        [
            60.877,
            3.162,
            38.328,
            32.558,
            53.413,
            2.828,
            18.601,
            45.044,
            0.0
        ]
    ],
    "distances_scv": [
        [
            0.0,
            0.15,
            0.15,
            0.15,
            0.15,
            0.15,
            0.15,
            0.15,
            0.15
        ],
        [
            0.15,
            0.0,
            0.15,
            0.15,
            0.15,
            0.15,
            0.15,
            0.15,
            0.15
        ],
        [
            0.15,
            0.15,
            0.0,
            0.15,
            0.15,
            0.15,
            0.15,
            0.15,
            0.15
        ],
        [
            0.15,
            0.15,
            0.15,
            0.0,
            0.15,
            0.15,
            0.15,
            0.15,
            0.15
        ],
        [
            0.15,
            0.15,
            0.15,
            0.15,
            0.0,
            0.15,
            0.15,
            0.15,
            0.15
        ],
        [
            0.15,
            0.15,
            0.15,
            0.15,
            0.15,
            0.0,
            0.15,
            0.15,
            0.15
        ],
        [
            0.15,
            0.15,
            0.15,
            0.15,
            0.15,
            0.15,
            0.0,
            0.15,
            0.15
        ],
        [
            0.15,
            0.15,
            0.15,
            0.15,
            0.15,
            0.15,
            0.15,
            0.0,
            0.15
        ],
        [
            0.15,
            0.15,
            0.15,
            0.15,
            0.15,
            0.15,
            0.15,
            0.15,
            0.0
        ]
    ],
    "service_scv": [
        0.0,
        1.263,
        0.982,
        1.034,
        0.965,
        0.875,
        1.252,
        0.892,
        0.681
    ],
    "service": [
        0,
        52,
        60,
        53,
        34,
        44,
        43,
        51,
        44
    ]
}
