{
    "coords": [
        [
            0,
            0
        ],
        [
            11,
            49
        ],
        [
            8,
            15
        ],
        [
            32,
            39
        ],
        [
            31,
            43
        ],
        [
            2,
            19
        ],
        [
            28,
            21
        ],
        [
            19,
            18
        ],
        [
            2,
            5
        ]
    ],
    "dimension": 9,
    "distances": [
        [
            0.0,
            50.22,
            17.0,
            50.448,
            53.009,
            19.105,
            35.0,
            26.173,
            5.385
        ],
        [
            50.22,
            0.0,
            34.132,
            23.259,
            20.881,
            31.321,
            32.757,
            32.016,
            44.911
        ],
        [
            17.0,
            34.132,
            0.0,
            33.941,
            36.235,
            7.211,
            20.881,
            11.402,
            11.662
        ],
        [
            50.448,
            23.259,
            33.941,
            0.0,
            4.123,
            36.056,
            18.439,
            24.698,
            45.343
        ],
        [
            53.009,
            20.881,
            36.235,
            4.123,
            0.0,
            37.643,
            22.204,
            27.731,
            47.802
        ],
        [
            19.105,
            31.321,
            7.211,
            36.056,
            37.643,
            0.0,
            26.077,
            17.029,
            14.0
        ],
        [
            35.0,
            32.757,
            20.881,
            18.439,
            22.204,
            26.077,
            0.0,
            9.487,
            30.529
        ],
        [
            26.173,
            32.016,
            11.402,
            24.698,
            27.731,
            17.029,
            9.487,
            0.0,
            21.401
        ],
        [
            5.385,
            44.911,
            11.662,
            45.343,
            47.802,
            14.0,
            30.529,
            21.401,
            0.0
        ]
    ],
    "distances_scv": [
        [
            0.0,
            0.15,
            0.15,
            0.15,
            0.15,
            0.15,
            0.15,
            0.15,
            0.15
        ],
        [
            0.15,
            0.0,
            0.15,
            0.15,
            0.15,
            0.15,
            0.15,
            0.15,
            0.15
        ],
        [
            0.15,
            0.15,
            0.0,
            0.15,
            0.15,
            0.15,
            0.15,
            0.15,
            0.15
        ],
        [
            0.15,
            0.15,
            0.15,
            0.0,
            0.15,
            0.15,
            0.15,
            0.15,
            0.15
        ],
        [
            0.15,
            0.15,
            0.15,
            0.15,
            0.0,
            0.15,
            0.15,
            0.15,
            0.15
        ],
        [
            0.15,
            0.15,
            0.15,
            0.15,
            0.15,
            0.0,
            0.15,
            0.15,
            0.15
        ],
        [
            0.15,
            0.15,
            0.15,
            0.15,
            0.15,
            0.15,
            0.0,
            0.15,
            0.15
        ],
        [
            0.15,
            0.15,
            0.15,
            0.15,
            0.15,
            0.15,
            0.15,
            0.0,
            0.15
        ],
        [
            0.15,
            0.15,
            0.15,
            0.15,
            0.15,
            0.15,
            0.15,
            0.15,
            0.0
        ]
    ],
    "service_scv": [
        0.0,
        0.943,
        1.153,
        0.795,
        0.599,
        1.332,
        0.967,
        1.427,
        0.688
    ],
    "service": [
        0,
        57,
        32,
        37,
        36,
        44,
        35,
        49,
        33
    ]
}
