{
    "coords": [
        [
            0,
            0
        ],
        [
            25,
            13
        ],
        [
            15,
            2
        ],
        [
            3,
            0
        ],
        [
            8,
            40
        ],
        [
            32,
            45
        ],
        [
            25,
            30
        ],
        [
            48,
            36
        ],
        [
            31,
            27
        ]
    ],
    "dimension": 9,
    "distances": [
        [
            0.0,
            28.178,
            15.133,
            3.0,
            40.792,
            55.218,
            39.051,
            60.0,
            41.11
        ],
        [
            28.178,
            0.0,
            14.866,
            25.554,
            31.906,
            32.757,
            17.0,
            32.527,
            15.232
        ],
        [
            15.133,
            14.866,
            0.0,
            12.166,
            38.639,
            46.239,
            29.732,
            47.381,
            29.682
        ],
        [
            3.0,
            25.554,
            12.166,
            0.0,
            40.311,
            53.535,
            37.202,
            57.628,
            38.897
        ],
        [
            40.792,
            31.906,
            38.639,
            40.311,
            0.0,
            24.515,
            19.723,
            40.2,
            26.42
        ],
        [
            55.218,
            32.757,
            46.239,
            53.535,
            24.515,
            0.0,
            16.553,
            18.358,
            18.028
        ],
        [
            39.051,
            17.0,
            29.732,
            37.202,
            19.723,
            16.553,
            0.0,
            23.77,
            6.708
        ],
        [
            60.0,
            32.527,
            47.381,
            57.628,
            40.2,
            18.358,
            23.77,
            0.0,
            19.235
        ],
        [
            41.11,
            15.232,
            29.682,
            38.897,
            26.42,
            18.028,
            6.708,
            19.235,
            0.0
        ]
    ],
    "distances_scv": [
        [
            0.0,
            0.15,
            0.15,
            0.15,
            0.15,
            0.15,
            0.15,
            0.15,
            0.15
        ],
        [
            0.15,
            0.0,
            0.15,
            0.15,
            0.15,
            0.15,
            0.15,
            0.15,
            0.15
        ],
        [
            0.15,
            0.15,
            0.0,
            0.15,
            0.15,
            0.15,
            0.15,
            0.15,
            0.15
        ],
        [
            0.15,
            0.15,
            0.15,
            0.0,
            0.15,
            0.15,
            0.15,
            0.15,
            0.15
        ],
        [
            0.15,
            0.15,
            0.15,
            0.15,
            0.0,
            0.15,
            0.15,
            0.15,
            0.15
        ],
        [
            0.15,
            0.15,
            0.15,
            0.15,
            0.15,
            0.0,
            0.15,
            0.15,
            0.15
        ],
        [
            0.15,
            0.15,
            0.15,
            0.15,
            0.15,
            0.15,
            0.0,
            0.15,
            0.15
        ],
        [
            0.15,
            0.15,
            0.15,
            0.15,
            0.15,
            0.15,
            0.15,
            0.0,
            0.15
        ],
        [
            0.15,
            0.15,
            0.15,
            0.15,
            0.15,
            0.15,
            0.15,
            0.15,
            0.0
        ]
    ],
    "service_scv": [
        0.0,
        0.202,
        0.49,
        0.461,
        0.438,
        0.318,
        0.231,
        0.431,
        0.473
    ],
    "service": [
        0,
        58,
        51,
        60,
        57,
        31,
        34,
        56,
        33
    ]
}
