{
    "coords": [
        [
            0,
            0
        ],
        [
            25,
            17
        ],
        [
            47,
            18
        ],
        [
            32,
            18
        ],
        [
            22,
            49
        ],
        [
            9,
            31
        ],
        [
            21,
            33
        ],
        [
            37,
            16
        ],
        [
            33,
            33
        ]
    ],
    "dimension": 9,
    "distances": [
        [
            0.0,
            30.232,
            50.329,
            36.715,
            53.712,
            32.28,
            39.115,
            40.311,
            46.669
        ],
        [
            30.232,
            0.0,
            22.023,
            7.071,
            32.14,
            21.26,
            16.492,
            12.042,
            17.889
        ],
        [
            50.329,
            22.023,
            0.0,
            15.0,
            39.825,
            40.162,
            30.017,
            10.198,
            20.518
        ],
        [
            36.715,
            7.071,
            15.0,
            0.0,
            32.573,
            26.42,
            18.601,
            5.385,
            15.033
        ],
        [
            53.712,
            32.14,
            39.825,
            32.573,
            0.0,
            22.204,
            16.031,
            36.249,
            19.416
        ],
        [
            32.28,
            21.26,
            40.162,
            26.42,
            22.204,
            0.0,
            12.166,
            31.765,
            24.083
        ],
        [
            39.115,
            16.492,
            30.017,
            18.601,
            16.031,
            12.166,
            0.0,
            23.345,
            12.0
        ],
        [
            40.311,
            12.042,
            10.198,
            5.385,
            36.249,
            31.765,
            23.345,
            0.0,
            17.464
        ],
        [
            46.669,
            17.889,
            20.518,
            15.033,
            19.416,
            24.083,
            12.0,
            17.464,
            0.0
        ]
    ],
    "distances_scv": [
        [
            0.0,
            0.15,
            0.15,
            0.15,
            0.15,
            0.15,
            0.15,
            0.15,
            0.15
        ],
        [
            0.15,
            0.0,
            0.15,
            0.15,
            0.15,
            0.15,
            0.15,
            0.15,
            0.15
        ],
        [
            0.15,
            0.15,
            0.0,
            0.15,
            0.15,
            0.15,
            0.15,
            0.15,
            0.15
        ],
        [
            0.15,
            0.15,
            0.15,
            0.0,
            0.15,
            0.15,
            0.15,
            0.15,
            0.15
        ],
        [
            0.15,
            0.15,
            0.15,
            0.15,
            0.0,
            0.15,
            0.15,
            0.15,
            0.15
        ],
        [
            0.15,
            0.15,
            0.15,
            0.15,
            0.15,
            0.0,
            0.15,
            0.15,
            0.15
        ],
        [
            0.15,
            0.15,
            0.15,
            0.15,
            0.15,
            0.15,
            0.0,
            0.15,
            0.15
        ],
        [
            0.15,
            0.15,
            0.15,
            0.15,
            0.15,
            0.15,
            0.15,
            0.0,
            0.15
        ],
        [
            0.15,
            0.15,
            0.15,
            0.15,
            0.15,
            0.15,
            0.15,
            0.15,
            0.0
        ]
    ],
    "service_scv": [
        0.0,
        0.18,
        0.406,
        0.436,
        0.22,
        0.484,
        0.29,
        0.215,
        0.255
    ],
    "service": [
        0,
        35,
        55,
        59,
        43,
        60,
        31,
        38,
        48
    ]
}
