{
    "coords": [
        [
            0,
            0
        ],
        [
            5,
            8
        ],
        [
            22,
            27
        ],
        [
            38,
            18
        ],
        [
            1,
            10
        ],
        [
            22,
            19
        ],
        [
            45,
            21
        ],
        [
            31,
            30
        ],
        [
            4,
            36
        ]
    ],
    "dimension": 9,
    "distances": [
        [
            0.0,
            9.434,
            34.828,
            42.048,
            10.05,
            29.069,
            49.659,
            43.139,
            36.222
        ],
        [
            9.434,
            0.0,
            25.495,
            34.482,
            4.472,
            20.248,
            42.059,
            34.059,
            28.018
        ],
        [
            34.828,
            25.495,
            0.0,
            18.358,
            27.019,
            8.0,
            23.77,
            9.487,
            20.125
        ],
        [
            42.048,
            34.482,
            18.358,
            0.0,
            37.855,
            16.031,
            7.616,
            13.892,
            38.471
        ],
        [
            10.05,
            4.472,
            27.019,
            37.855,
            0.0,
            22.847,
            45.354,
            36.056,
            26.173
        ],
        [
            29.069,
            20.248,
            8.0,
            16.031,
            22.847,
            0.0,
            23.087,
            14.213,
            24.759
        ],
        [
            49.659,
            42.059,
            23.77,
            7.616,
            45.354,
            23.087,
            0.0,
            16.643,
            43.658
        ],
        [
            43.139,
            34.059,
            9.487,
            13.892,
            36.056,
            14.213,
            16.643,
            0.0,
            27.659
        ],
        [
            36.222,
            28.018,
            20.125,
            38.471,
            26.173,
            24.759,
            43.658,
            27.659,
            0.0
        ]
    ],
    "distances_scv": [
        [
            0.0,
            0.15,
            0.15,
            0.15,
            0.15,
            0.15,
            0.15,
            0.15,
            0.15
        ],
        [
            0.15,
            0.0,
            0.15,
            0.15,
            0.15,
            0.15,
            0.15,
            0.15,
            0.15
        ],
        [
            0.15,
            0.15,
            0.0,
            0.15,
            0.15,
            0.15,
            0.15,
            0.15,
            0.15
        ],
        [
            0.15,
            0.15,
            0.15,
            0.0,
            0.15,
            0.15,
            0.15,
            0.15,
            0.15
        ],
        [
            0.15,
            0.15,
            0.15,
            0.15,
            0.0,
            0.15,
            0.15,
            0.15,
            0.15
        ],
        [
            0.15,
            0.15,
            0.15,
            0.15,
            0.15,
            0.0,
            0.15,
            0.15,
            0.15
        ],
        [
            0.15,
            0.15,
            0.15,
            0.15,
            0.15,
            0.15,
            0.0,
            0.15,
            0.15
        ],
        [
            0.15,
            0.15,
            0.15,
            0.15,
            0.15,
            0.15,
            0.15,
            0.0,
            0.15
        ],
        [
            0.15,
            0.15,
            0.15,
            0.15,
            0.15,
            0.15,
            0.15,
            0.15,
            0.0
        ]
    ],
    "service_scv": [
        0.0,
        0.4,
        0.477,
        0.296,
        0.382,
        0.456,
        0.205,
        0.424,
        0.316
    ],
    "service": [
        0,
        56,
        32,
        44,
        31,
        49,
        58,
        58,
        47
    ]
}
