{
    "coords": [
        [
            0,
            0
        ],
        [
            39,
            24
        ],
        [
            29,
            30
        ],
        [
            35,
            1
        ],
        [
            24,
            7
        ],
        [
            20,
            46
        ],
        [
            27,
            3
        ],
        [
            27,
            6
        ],
        [
            37,
            47
        ]
    ],
    "dimension": 9,
    "distances": [
        [
            0.0,
            45.793,
            41.725,
            35.014,
            25.0,
            50.16,
            27.166,
            27.659,
            59.816
        ],
        [
            45.793,
            0.0,
            11.662,
            23.345,
            22.672,
            29.069,
            24.187,
            21.633,
            23.087
        ],
        [
            41.725,
            11.662,
            0.0,
            29.614,
            23.537,
            18.358,
            27.074,
            24.083,
            18.788
        ],
        [
            35.014,
            23.345,
            29.614,
            0.0,
            12.53,
            47.434,
            8.246,
            9.434,
            46.043
        ],
        [
            25.0,
            22.672,
            23.537,
            12.53,
            0.0,
            39.205,
            5.0,
            3.162,
            42.059
        ],
        [
            50.16,
            29.069,
            18.358,
            47.434,
            39.205,
            0.0,
            43.566,
            40.608,
            17.029
        ],
        [
            27.166,
            24.187,
            27.074,
            8.246,
            5.0,
            43.566,
            0.0,
            3.0,
            45.122
        ],
        [
            27.659,
            21.633,
            24.083,
            9.434,
            3.162,
            40.608,
            3.0,
            0.0,
            42.202
        ],
        [
            59.816,
            23.087,
            18.788,
            46.043,
            42.059,
            17.029,
            45.122,
            42.202,
            0.0
        ]
    ],
    "distances_scv": [
        [
            0.0,
            0.15,
            0.15,
            0.15,
            0.15,
            0.15,
            0.15,
            0.15,
            0.15
        ],
        [
            0.15,
            0.0,
            0.15,
            0.15,
            0.15,
            0.15,
            0.15,
            0.15,
            0.15
        ],
        [
            0.15,
            0.15,
            0.0,
            0.15,
            0.15,
            0.15,
            0.15,
            0.15,
            0.15
        ],
        [
            0.15,
            0.15,
            0.15,
            0.0,
            0.15,
            0.15,
            0.15,
            0.15,
            0.15
        ],
        [
            0.15,
            0.15,
            0.15,
            0.15,
            0.0,
            0.15,
            0.15,
            0.15,
            0.15
        ],
        [
            0.15,
            0.15,
            0.15,
            0.15,
            0.15,
            0.0,
            0.15,
            0.15,
            0.15
        ],
        [
            0.15,
            0.15,
            0.15,
            0.15,
            0.15,
            0.15,
            0.0,
            0.15,
            0.15
        ],
        [
            0.15,
            0.15,
            0.15,
            0.15,
            0.15,
            0.15,
            0.15,
            0.0,
            0.15
        ],
        [
            0.15,
            0.15,
            0.15,
            0.15,
            0.15,
            0.15,
            0.15,
            0.15,
            0.0
        ]
    ],
    "service_scv": [
        0.0,
        1.281,
        1.428,
        0.65,
        1.126,
        0.644,
        0.943,
        1.286,
        1.395
    ],
    "service": [
        0,
        38,
        36,
        56,
        40,
        53,
        39,
        47,
        33
    ]
}
