{
    "coords": [
        [
            0,
            0
        ],
        [
            37,
            47
        ],
        [
            1,
            7
        ],
        [
            41,
            47
        ],
        [
            12,
            15
        ],
        [
            43,
            21
        ],
        [
            13,
            41
        ],
        [
            12,
            20
        ],
        [
            32,
            27
        ]
    ],
    "dimension": 9,
    "distances": [
        [
            0.0,
            59.816,
            7.071,
            62.37,
            19.209,
            47.854,
            43.012,
            23.324,
            41.869
        ],
        [
            59.816,
            0.0,
            53.814,
            4.0,
            40.608,
            26.683,
            24.739,
            36.797,
            20.616
        ],
        [
            7.071,
            53.814,
            0.0,
            56.569,
            13.601,
            44.272,
            36.056,
            17.029,
            36.892
        ],
        [
            62.37,
            4.0,
            56.569,
            0.0,
            43.186,
            26.077,
            28.636,
            39.623,
            21.932
        ],
        [
            19.209,
            40.608,
            13.601,
            43.186,
            0.0,
            31.575,
            26.019,
            5.0,
            23.324
        ],
        [
            47.854,
            26.683,
            44.272,
            26.077,
            31.575,
            0.0,
            36.056,
            31.016,
            12.53
        ],
        [
            43.012,
            24.739,
            36.056,
            28.636,
            26.019,
            36.056,
            0.0,
            21.024,
            23.601
        ],
        [
            23.324,
            36.797,
            17.029,
            39.623,
            5.0,
            31.016,
            21.024,
            0.0,
            21.19
        ],
        [
            41.869,
            20.616,
            36.892,
            21.932,
            23.324,
            12.53,
            23.601,
            21.19,
            0.0
        ]
    ],
    "distances_scv": [
        [
            0.0,
            0.15,
            0.15,
            0.15,
            0.15,
            0.15,
            0.15,
            0.15,
            0.15
        ],
        [
            0.15,
            0.0,
            0.15,
            0.15,
            0.15,
            0.15,
            0.15,
            0.15,
            0.15
        ],
        [
            0.15,
            0.15,
            0.0,
            0.15,
            0.15,
            0.15,
            0.15,
            0.15,
            0.15
        ],
        [
            0.15,
            0.15,
            0.15,
            0.0,
            0.15,
            0.15,
            0.15,
            0.15,
            0.15
        ],
        [
            0.15,
            0.15,
            0.15,
            0.15,
            0.0,
            0.15,
            0.15,
            0.15,
            0.15
        ],
        [
            0.15,
            0.15,
            0.15,
            0.15,
            0.15,
            0.0,
            0.15,
            0.15,
            0.15
        ],
        [
            0.15,
            0.15,
            0.15,
            0.15,
            0.15,
            0.15,
            0.0,
            0.15,
            0.15
        ],
        [
            0.15,
            0.15,
            0.15,
            0.15,
            0.15,
            0.15,
            0.15,
            0.0,
            0.15
        ],
        [
            0.15,
            0.15,
            0.15,
            0.15,
            0.15,
            0.15,
            0.15,
            0.15,
            0.0
        ]
    ],
    "service_scv": [
        0.0,
        0.606,
        1.133,
        0.88,
        1.225,
        1.154,
        0.931,
        1.367,
        1.132
    ],
    "service": [
        0,
        51,
        53,
        36,
        47,
        42,
        46,
        31,
        50
    ]
}
