{
    "coords": [
        [
            0,
            0
        ],
        [
            5,
            14
        ],
        [
            20,
            40
        ],
        [
            22,
            4
        ],
        [
            16,
            30
        ],
        [
            40,
            36
        ],
        [
            49,
            9
        ],
        [
            44,
            2
        ],
        [
            27,
            13
        ]
    ],
    "dimension": 9,
    "distances": [
        [
            0.0,
            14.866,
            44.721,
            22.361,
            34.0,
            53.814,
            49.82,
            44.045,
            29.967
        ],
        [
            14.866,
            0.0,
            30.017,
            19.723,
            19.416,
            41.34,
            44.283,
            40.804,
            22.023
        ],
        [
            44.721,
            30.017,
            0.0,
            36.056,
            10.77,
            20.396,
            42.45,
            44.944,
            27.893
        ],
        [
            22.361,
            19.723,
            36.056,
            0.0,
            26.683,
            36.715,
            27.459,
            22.091,
            10.296
        ],
        [
            34.0,
            19.416,
            10.77,
            26.683,
            0.0,
            24.739,
            39.115,
            39.598,
            20.248
        ],
        [
            53.814,
            41.34,
            20.396,
            36.715,
            24.739,
            0.0,
            28.46,
            34.234,
            26.42
        ],
        [
            49.82,
            44.283,
            42.45,
            27.459,
            39.115,
            28.46,
            0.0,
            8.602,
            22.361
        ],
        [
            44.045,
            40.804,
            44.944,
            22.091,
            39.598,
            34.234,
            8.602,
            0.0,
            20.248
        ],
        [
            29.967,
            22.023,
            27.893,
            10.296,
            20.248,
            26.42,
            22.361,
            20.248,
            0.0
        ]
    ],
    "distances_scv": [
        [
            0.0,
            0.15,
            0.15,
            0.15,
            0.15,
            0.15,
            0.15,
            0.15,
            0.15
        ],
        [
            0.15,
            0.0,
            0.15,
            0.15,
            0.15,
            0.15,
            0.15,
            0.15,
            0.15
        ],
        [
            0.15,
            0.15,
            0.0,
            0.15,
            0.15,
            0.15,
            0.15,
            0.15,
            0.15
        ],
        [
            0.15,
            0.15,
            0.15,
            0.0,
            0.15,
            0.15,
            0.15,
            0.15,
            0.15
        ],
        [
            0.15,
            0.15,
            0.15,
            0.15,
            0.0,
            0.15,
            0.15,
            0.15,
            0.15
        ],
        [
            0.15,
            0.15,
            0.15,
            0.15,
            0.15,
            0.0,
            0.15,
            0.15,
            0.15
        ],
        [
            0.15,
            0.15,
            0.15,
            0.15,
            0.15,
            0.15,
            0.0,
            0.15,
            0.15
        ],
        [
            0.15,
            0.15,
            0.15,
            0.15,
            0.15,
            0.15,
            0.15,
            0.0,
            0.15
        ],
        [
            0.15,
            0.15,
            0.15,
            0.15,
            0.15,
            0.15,
            0.15,
            0.15,
            0.0
        ]
    ],
    "service_scv": [
        0.0,
        1.023,
        0.507,
        0.648,
        0.71,
        0.941,
        0.802,
        1.113,
        0.785
    ],
    "service": [
        0,
        60,
        41,
        44,
        38,
        40,
        38,
        32,
        53
    ]
}
