{
    "coords": [
        [
            0,
            0
        ],
        [
            8,
            11
        ],
        [
            9,
            40
        ],
        [
            43,
            29
        ],
        [
            1,
            4
        ],
        [
            16,
            21
        ],
        [
            31,
            23
        ],
        [
            13,
            7
        ],
        [
            34,
            36
        ]
    ],
    "dimension": 9,
    "distances": [
        [
            0.0,
            13.601,
            41.0,
            51.865,
            4.123,
            26.401,
            38.601,
            14.765,
            49.518
        ],
        [
            13.601,
            0.0,
            29.017,
            39.357,
            9.899,
            12.806,
            25.942,
            6.403,
            36.069
        ],
        [
            41.0,
            29.017,
            0.0,
            35.735,
            36.878,
            20.248,
            27.803,
            33.242,
            25.318
        ],
        [
            51.865,
            39.357,
            35.735,
            0.0,
            48.877,
            28.16,
            13.416,
            37.202,
            11.402
        ],
        [
            4.123,
            9.899,
            36.878,
            48.877,
            0.0,
            22.672,
            35.511,
            12.369,
            45.967
        ],
        [
            26.401,
            12.806,
            20.248,
            28.16,
            22.672,
            0.0,
            15.133,
            14.318,
            23.431
        ],
        [
            38.601,
            25.942,
            27.803,
            13.416,
            35.511,
            15.133,
            0.0,
            24.083,
            13.342
        ],
        [
            14.765,
            6.403,
            33.242,
            37.202,
            12.369,
            14.318,
            24.083,
            0.0,
            35.805
        ],
        [
            49.518,
            36.069,
            25.318,
            11.402,
            45.967,
            23.431,
            13.342,
            35.805,
            0.0
        ]
    ],
    "distances_scv": [
        [
            0.0,
            0.15,
            0.15,
            0.15,
            0.15,
            0.15,
            0.15,
            0.15,
            0.15
        ],
        [
            0.15,
            0.0,
            0.15,
            0.15,
            0.15,
            0.15,
            0.15,
            0.15,
            0.15
        ],
        [
            0.15,
            0.15,
            0.0,
            0.15,
            0.15,
            0.15,
            0.15,
            0.15,
            0.15
        ],
        [
            0.15,
            0.15,
            0.15,
            0.0,
            0.15,
            0.15,
            0.15,
            0.15,
            0.15
        ],
        [
            0.15,
            0.15,
            0.15,
            0.15,
            0.0,
            0.15,
            0.15,
            0.15,
            0.15
        ],
        [
            0.15,
            0.15,
            0.15,
            0.15,
            0.15,
            0.0,
            0.15,
            0.15,
            0.15
        ],
        [
            0.15,
            0.15,
            0.15,
            0.15,
            0.15,
            0.15,
            0.0,
            0.15,
            0.15
        ],
        [
            0.15,
            0.15,
            0.15,
            0.15,
            0.15,
            0.15,
            0.15,
            0.0,
            0.15
        ],
        [
            0.15,
            0.15,
            0.15,
            0.15,
            0.15,
            0.15,
            0.15,
            0.15,
            0.0
        ]
    ],
    "service_scv": [
        0.0,
        0.344,
        0.219,
        0.323,
        0.194,
        0.318,
        0.338,
        0.421,
        0.288
    ],
    "service": [
        0,
        51,
        49,
        42,
        35,
        48,
        33,
        51,
        55
    ]
}
